8 0.258182 0.937410 0.023619 0.027624
8 0.222581 0.937410 0.021567 0.029005
8 0.186808 0.938100 0.021225 0.027624
8 0.152063 0.938790 0.024306 0.027624
8 0.115949 0.937064 0.024648 0.028314
7 0.114844 0.192412 0.029448 0.033105
8 0.865737 0.939918 0.032809 0.029078
8 0.399899 0.937755 0.027726 0.031075
7 0.579871 0.175863 0.026857 0.031363
7 0.541441 0.148857 0.031175 0.029615
7 0.507331 0.133176 0.026857 0.029621
7 0.471061 0.107042 0.030308 0.029615
7 0.435223 0.079166 0.027721 0.029621
7 0.400250 0.078295 0.028584 0.031363
8 0.793560 0.937755 0.027726 0.025554
7 0.364844 0.107913 0.028584 0.031357
7 0.328573 0.121852 0.028584 0.031363
7 0.292736 0.144499 0.027721 0.034847
7 0.258626 0.148857 0.026857 0.029615
7 0.221493 0.163665 0.028581 0.031357
7 0.186950 0.178476 0.028584 0.026137
7 0.151107 0.191541 0.029437 0.027879
8 0.757105 0.939135 0.028071 0.025554
8 0.722703 0.939135 0.027726 0.028314
8 0.686245 0.938790 0.028755 0.031765
8 0.650816 0.941553 0.028410 0.034531
8 0.615387 0.938445 0.028071 0.025554
8 0.579444 0.938445 0.028755 0.029695
8 0.543329 0.937410 0.025671 0.029005
8 0.507558 0.937755 0.026700 0.025554
8 0.366011 0.939827 0.024990 0.032460
8 0.330753 0.938100 0.023619 0.027624
8 0.294124 0.937755 0.021564 0.026934
8 0.935294 0.940433 0.032708 0.037121
8 0.899469 0.940947 0.030768 0.039383
2 0.526009 0.028416 0.259795 0.039525
9 0.037794 0.069089 0.033126 0.033416
9 0.037911 0.172735 0.029577 0.031148
8 0.437725 0.939480 0.026013 0.030385
9 0.038799 0.278354 0.030168 0.034729
9 0.039390 0.383968 0.030168 0.033535
9 0.039094 0.491377 0.028394 0.033535
9 0.038799 0.596997 0.032534 0.029955
9 0.038799 0.699030 0.030168 0.031148
9 0.038503 0.805843 0.030760 0.037115
9 0.038503 0.910263 0.030760 0.035922
8 0.827918 0.937856 0.032809 0.033201
11 0.013660 0.481244 0.017037 0.250905
1 0.029401 0.488119 0.058803 0.890187
4 0.525414 0.481587 0.934242 0.855820
8 0.470929 0.936027 0.030807 0.029010
7 0.934922 0.232834 0.025907 0.031357
7 0.898953 0.232486 0.027718 0.026137
7 0.863549 0.220288 0.027721 0.026131
7 0.829005 0.221160 0.027721 0.031357
7 0.792304 0.207223 0.025130 0.027873
7 0.756468 0.160181 0.029448 0.027873
7 0.721061 0.177605 0.029445 0.031363
7 0.685655 0.188057 0.029448 0.027879
7 0.649386 0.191541 0.027721 0.027879
7 0.613981 0.190670 0.027721 0.029621
10 0.525457 0.972568 0.077597 0.041244
0 0.525925 0.956813 0.933218 0.086374
