8 0.704370 0.933164 0.033693 0.032999
8 0.878157 0.931515 0.065613 0.033005
1 0.036352 0.493394 0.071289 0.877228
7 0.356014 0.232494 0.040401 0.032576
7 0.532091 0.366579 0.035686 0.030073
7 0.706149 0.379110 0.039053 0.027570
7 0.878861 0.704927 0.032992 0.030073
8 0.358126 0.933990 0.068274 0.034651
8 0.187085 0.935636 0.042562 0.036304
3 0.924796 0.166662 0.115978 0.196040
2 0.530636 0.031414 0.234189 0.037625
10 0.531434 0.969039 0.086182 0.037625
4 0.530582 0.480523 0.917172 0.851487
11 0.015071 0.481515 0.020217 0.283164
0 0.522070 0.950820 0.936327 0.093072
7 0.183977 0.080866 0.039727 0.027570
9 0.059229 0.905275 0.017024 0.033660
9 0.051141 0.757653 0.031917 0.039798
9 0.046352 0.611117 0.041496 0.031879
9 0.045820 0.464584 0.038303 0.031885
9 0.046352 0.314088 0.041496 0.031885
9 0.046353 0.164581 0.039369 0.033862
8 0.531026 0.933990 0.070049 0.034651
