10 0.544896 0.971121 0.067613 0.037594
7 0.177563 0.078262 0.053486 0.028818
7 0.325405 0.520618 0.050459 0.031329
7 0.471734 0.606456 0.054495 0.032582
7 0.618060 0.743050 0.042383 0.030076
7 0.765902 0.815106 0.041374 0.028824
7 0.913238 0.852697 0.023207 0.023806
8 0.177061 0.912221 0.042383 0.047618
8 0.323892 0.909715 0.039360 0.050124
8 0.471227 0.919741 0.047428 0.065165
8 0.617556 0.916609 0.049446 0.063912
8 0.762873 0.904703 0.023207 0.040100
8 0.912731 0.907209 0.030275 0.050124
9 0.066559 0.055079 0.053486 0.027571
9 0.067568 0.171621 0.053486 0.030076
9 0.065550 0.286909 0.055505 0.030076
9 0.066054 0.405329 0.056514 0.031329
9 0.066559 0.520618 0.055505 0.031329
9 0.067063 0.637159 0.054495 0.031329
9 0.072613 0.754953 0.043396 0.033835
9 0.085732 0.870868 0.023212 0.032582
11 0.022660 0.463600 0.024221 0.085212
2 0.545905 0.030641 0.259351 0.038847
0 0.545905 0.931021 0.880990 0.125312
1 0.055469 0.474253 0.101947 0.880953
4 0.545905 0.462347 0.883008 0.814541
