7 0.362084 0.573281 0.023347 0.023811
9 0.034494 0.106488 0.030645 0.030078
9 0.036317 0.172904 0.032831 0.025065
9 0.036682 0.239946 0.032100 0.026319
9 0.035952 0.307615 0.029184 0.021302
9 0.038507 0.372779 0.021158 0.021302
9 0.037776 0.438568 0.022619 0.030078
9 0.039237 0.506862 0.021158 0.021302
9 0.039236 0.573908 0.024077 0.022556
9 0.044708 0.639695 0.017509 0.023811
8 0.071338 0.765636 0.018240 0.235588
8 0.105264 0.759371 0.017509 0.215541
8 0.133719 0.729922 0.020428 0.161652
8 0.166916 0.737442 0.018240 0.176691
8 0.202300 0.692954 0.018970 0.082708
8 0.234403 0.776914 0.018970 0.253136
8 0.265412 0.753731 0.015321 0.204260
8 0.297149 0.714258 0.016051 0.122807
8 0.331077 0.678542 0.019700 0.063910
8 0.363908 0.724282 0.021158 0.147872
8 0.396010 0.750599 0.022616 0.203006
8 0.427384 0.714883 0.019698 0.126566
8 0.459485 0.702978 0.018240 0.105264
8 0.491588 0.764384 0.018240 0.233084
8 0.524054 0.787565 0.016051 0.281955
8 0.556522 0.732429 0.019698 0.169174
8 0.588260 0.801977 0.017512 0.305761
8 0.620728 0.775662 0.016782 0.255640
8 0.652465 0.672904 0.014591 0.050125
8 0.685296 0.759371 0.016051 0.223058
8 0.717035 0.760623 0.016779 0.225562
8 0.749867 0.735560 0.015321 0.172928
8 0.781604 0.724909 0.016051 0.154135
8 0.814436 0.770649 0.017509 0.248123
8 0.845810 0.774407 0.016051 0.248123
8 0.878276 0.790699 0.016779 0.283205
8 0.911473 0.783179 0.017512 0.270675
8 0.944305 0.809496 0.016049 0.323309
8 0.976406 0.794457 0.016051 0.293231
10 0.525150 0.979922 0.038670 0.027569
11 0.012970 0.339570 0.013863 0.060151
7 0.074986 0.056990 0.032833 0.018798
7 0.102711 0.298216 0.024077 0.022556
7 0.136637 0.403480 0.023347 0.020048
7 0.169469 0.434180 0.021889 0.023811
7 0.200842 0.434183 0.021886 0.018798
7 0.233309 0.452978 0.022619 0.023811
7 0.266506 0.552602 0.024807 0.022556
7 0.298244 0.554483 0.024077 0.021302
7 0.331075 0.562000 0.025535 0.021302
7 0.395281 0.588942 0.022619 0.022556
7 0.426289 0.596462 0.017509 0.025061
7 0.459486 0.600850 0.016782 0.021302
7 0.491223 0.609622 0.017509 0.021302
7 0.524785 0.613380 0.016051 0.021302
7 0.556157 0.614632 0.016051 0.021306
7 0.588260 0.614007 0.018968 0.022556
7 0.621092 0.619018 0.017509 0.025061
7 0.653558 0.623406 0.015321 0.023811
7 0.684932 0.623404 0.016779 0.018798
7 0.718129 0.624658 0.016051 0.023806
7 0.748407 0.624033 0.013863 0.022556
7 0.783429 0.624658 0.012402 0.023806
7 0.814436 0.625910 0.011672 0.023811
7 0.847268 0.627165 0.010214 0.023811
7 0.879370 0.627792 0.011675 0.022556
7 0.913662 0.627165 0.011675 0.021302
7 0.943576 0.626538 0.011675 0.022556
7 0.976772 0.625910 0.010944 0.023811
4 0.524054 0.339572 0.936807 0.598997
2 0.524054 0.020022 0.137164 0.030078
0 0.524054 0.818266 0.936807 0.355891
1 0.029022 0.381551 0.054719 0.685463
