1 0.048167 0.485147 0.096335 0.881187
0 0.541550 0.952800 0.894994 0.093066
11 0.018644 0.481019 0.022789 0.440594
3 0.171122 0.166662 0.136735 0.196371
9 0.060077 0.133660 0.058010 0.032999
9 0.079293 0.906019 0.020822 0.031524
7 0.222904 0.660869 0.059147 0.038115
9 0.064791 0.797105 0.047753 0.031518
2 0.542276 0.032176 0.494111 0.041255
9 0.060131 0.686548 0.055006 0.031518
4 0.542172 0.480523 0.893750 0.851487
7 0.865300 0.077289 0.066297 0.034651
7 0.650202 0.770606 0.058114 0.033170
7 0.435724 0.839911 0.051794 0.039774
9 0.060647 0.245952 0.056039 0.028219
8 0.221281 0.935275 0.049846 0.037821
8 0.434462 0.935275 0.048602 0.037821
8 0.647643 0.934287 0.072221 0.039798
8 0.861635 0.933990 0.093227 0.043562
9 0.060131 0.576812 0.055006 0.033170
10 0.542274 0.971117 0.114983 0.041255
9 0.059612 0.467075 0.058110 0.031518
9 0.060129 0.356512 0.057076 0.031518
