7 0.322935 0.096604 0.054934 0.030802
9 0.079156 0.719074 0.032197 0.037824
4 0.543967 0.472044 0.877037 0.792073
9 0.079156 0.869569 0.029284 0.041783
1 0.055191 0.483925 0.106353 0.815836
2 0.544696 0.044322 0.552153 0.055452
9 0.071943 0.133430 0.043710 0.043567
9 0.071142 0.279450 0.045311 0.045708
3 0.232928 0.765115 0.228732 0.170299
0 0.522116 0.929467 0.923653 0.122773
9 0.071142 0.574518 0.036573 0.041783
11 0.029692 0.473033 0.037878 0.683166
9 0.072599 0.427982 0.039485 0.037824
7 0.764366 0.100602 0.054934 0.033473
10 0.544696 0.957193 0.214162 0.043567
8 0.321918 0.902905 0.044915 0.041254
8 0.765898 0.906698 0.052210 0.042901
