9 0.036529 0.672859 0.013715 0.034372
9 0.035805 0.813775 0.015332 0.032653
0 0.519791 0.905373 0.945486 0.185600
9 0.035678 0.402195 0.017121 0.036086
8 0.126214 0.879186 0.052232 0.109299
8 0.212075 0.884338 0.058363 0.115486
8 0.299980 0.885370 0.060409 0.121669
8 0.386862 0.887432 0.058366 0.125792
8 0.475278 0.883309 0.059386 0.117545
8 0.564204 0.887432 0.061433 0.125792
8 0.650576 0.887432 0.062453 0.125792
8 0.738992 0.882277 0.059386 0.119610
7 0.126933 0.074811 0.034629 0.027879
8 0.912757 0.882277 0.059386 0.119610
3 0.147816 0.779406 0.189947 0.046403
9 0.035678 0.539675 0.017121 0.029214
7 0.914497 0.090492 0.034629 0.027873
7 0.826846 0.089621 0.035492 0.026131
7 0.739195 0.087005 0.032902 0.027879
8 0.824341 0.882277 0.056319 0.115481
11 0.012808 0.432265 0.017037 0.359169
10 0.520474 0.969304 0.052812 0.037805
9 0.035252 0.266431 0.016269 0.036086
2 0.519622 0.027557 0.356047 0.044683
4 0.520303 0.430034 0.946510 0.756833
1 0.023440 0.445156 0.046880 0.790515
7 0.650681 0.087879 0.032038 0.022647
7 0.563031 0.088750 0.032902 0.027873
7 0.475812 0.085263 0.032902 0.027879
7 0.389024 0.085263 0.033765 0.027879
7 0.300076 0.083521 0.033765 0.027879
9 0.033973 0.127234 0.018828 0.039536
7 0.212857 0.075682 0.035492 0.026137
