8 0.878224 0.904686 0.046849 0.096239
7 0.878343 0.454598 0.025063 0.024638
7 0.701930 0.455246 0.024421 0.028524
7 0.527443 0.450059 0.030205 0.028524
7 0.351674 0.454598 0.026992 0.027229
1 0.032229 0.476431 0.058262 0.845509
11 0.012808 0.446530 0.019420 0.228908
2 0.525414 0.029963 0.398638 0.039180
8 0.701904 0.902110 0.040034 0.080769
8 0.527718 0.902110 0.039176 0.077330
8 0.350967 0.901250 0.041738 0.089367
8 0.173368 0.896264 0.036627 0.070458
10 0.526435 0.971366 0.222829 0.037121
0 0.507118 0.920427 0.971040 0.154666
4 0.526947 0.445501 0.931175 0.791895
9 0.050879 0.843713 0.015439 0.026804
9 0.042194 0.752975 0.028722 0.026810
9 0.043216 0.662240 0.026678 0.026810
9 0.043727 0.572531 0.025655 0.024745
9 0.043727 0.482828 0.027701 0.026810
9 0.039128 0.392087 0.032812 0.026810
9 0.040150 0.302381 0.034856 0.032998
9 0.040150 0.210614 0.034856 0.026804
9 0.040917 0.121731 0.034752 0.028869
7 0.175259 0.075984 0.035346 0.027229
