9 0.043528 0.654054 0.039619 0.020000
4 0.531365 0.390727 0.918270 0.693347
0 0.531717 0.864051 0.918270 0.254666
1 0.038642 0.404721 0.068760 0.718665
2 0.531276 0.026053 0.337198 0.038670
7 0.182632 0.064719 0.041378 0.025334
7 0.357394 0.606718 0.038741 0.032002
7 0.531276 0.641387 0.034337 0.026668
7 0.705158 0.652722 0.035215 0.025334
7 0.879479 0.667385 0.029934 0.027998
9 0.044408 0.073386 0.037859 0.032002
9 0.044847 0.156053 0.040500 0.026668
9 0.044847 0.242052 0.040500 0.027998
9 0.045289 0.325386 0.036097 0.029338
9 0.044847 0.406721 0.038737 0.026668
9 0.045728 0.487388 0.038737 0.025334
9 0.045288 0.570720 0.039619 0.031997
9 0.059375 0.733386 0.020250 0.026663
8 0.184834 0.855319 0.137343 0.214801
8 0.356074 0.830652 0.106531 0.160129
8 0.531717 0.855319 0.133824 0.206803
8 0.705158 0.834651 0.107409 0.165468
8 0.879038 0.814654 0.081878 0.136130
10 0.532596 0.973386 0.133821 0.026663
11 0.017506 0.394719 0.019444 0.077336
