2 0.544124 0.032176 0.447054 0.041255
9 0.068141 0.623840 0.056329 0.038121
9 0.072610 0.765756 0.044832 0.038121
9 0.084107 0.908494 0.026954 0.033170
3 0.860256 0.091579 0.233747 0.044553
8 0.764943 0.936365 0.067442 0.043562
8 0.321364 0.937950 0.070507 0.055447
9 0.068141 0.481102 0.056329 0.039767
9 0.066225 0.341662 0.057603 0.034816
9 0.067693 0.196365 0.051094 0.032999
7 0.324991 0.075887 0.066419 0.033170
7 0.767575 0.522255 0.062586 0.041414
11 0.022286 0.476894 0.024401 0.194718
1 0.052369 0.491744 0.104737 0.874590
10 0.546042 0.968641 0.108569 0.042901
0 0.543614 0.953121 0.885931 0.093758
4 0.546679 0.481515 0.879801 0.849504
