7 0.905978 0.391614 0.044502 0.027568
9 0.036112 0.111539 0.026028 0.031326
9 0.036532 0.199257 0.025189 0.023810
9 0.033173 0.291991 0.028549 0.031326
9 0.034853 0.385975 0.026868 0.028825
9 0.035692 0.473696 0.025189 0.023810
9 0.033594 0.563920 0.024350 0.018799
9 0.034014 0.652266 0.021832 0.035088
9 0.034014 0.745624 0.023510 0.028820
9 0.034014 0.835852 0.026868 0.023810
8 0.138548 0.879649 0.044502 0.061528
8 0.247701 0.901578 0.078085 0.115415
2 0.523522 0.019434 0.280438 0.032583
8 0.357693 0.900949 0.076406 0.109148
8 0.467266 0.874634 0.035264 0.054012
8 0.575160 0.868995 0.031064 0.052755
8 0.684733 0.905962 0.080606 0.116668
8 0.795984 0.872129 0.032746 0.049001
8 0.904298 0.879647 0.044500 0.069049
0 0.522682 0.915426 0.938714 0.157895
1 0.028093 0.468054 0.050464 0.854636
11 0.013820 0.442368 0.015198 0.184210
10 0.523522 0.977454 0.055414 0.028820
4 0.522263 0.437355 0.937874 0.795743
7 0.139387 0.062667 0.037782 0.023810
7 0.248121 0.169811 0.036945 0.027568
7 0.358114 0.201765 0.035264 0.026319
7 0.466007 0.221188 0.036103 0.027568
7 0.574321 0.256276 0.039464 0.030073
7 0.687253 0.258155 0.040303 0.028820
7 0.793047 0.375951 0.040303 0.026315
