9 0.037795 0.721190 0.020445 0.037020
10 0.522548 0.971138 0.053664 0.040355
0 0.522633 0.910383 0.941398 0.179234
8 0.913297 0.865930 0.028621 0.057064
9 0.034388 0.623810 0.025555 0.035266
2 0.522548 0.027148 0.259795 0.040355
8 0.826416 0.871193 0.034755 0.071798
8 0.739533 0.877508 0.040886 0.080222
8 0.651117 0.870139 0.029642 0.065483
8 0.564745 0.871193 0.034755 0.067592
8 0.477864 0.875402 0.038842 0.076010
8 0.387915 0.884878 0.047020 0.094961
11 0.013605 0.434220 0.020442 0.293024
8 0.302054 0.860666 0.024534 0.050744
8 0.215172 0.896459 0.059283 0.122331
8 0.128596 0.860771 0.028621 0.063163
3 0.111985 0.637758 0.109881 0.349168
9 0.033963 0.524673 0.028109 0.026493
9 0.034388 0.424659 0.023852 0.030006
9 0.034814 0.325524 0.026406 0.031759
7 0.130819 0.067669 0.043179 0.032198
7 0.217175 0.137042 0.036269 0.032198
7 0.305259 0.158391 0.036272 0.032198
7 0.391615 0.179736 0.036269 0.035755
7 0.479265 0.215311 0.037134 0.032198
7 0.566917 0.225097 0.037998 0.033979
7 0.652839 0.232211 0.037134 0.030416
7 0.740059 0.231324 0.037134 0.035755
4 0.523145 0.438607 0.940374 0.772741
9 0.036092 0.225508 0.023850 0.035266
7 0.827279 0.243774 0.040587 0.032198
1 0.026387 0.442994 0.052775 0.798352
9 0.034899 0.129792 0.025552 0.031582
7 0.914498 0.246357 0.035407 0.035577
9 0.041203 0.822961 0.013629 0.033513
