9 0.037450 0.081388 0.025254 0.026670
7 0.220301 0.090055 0.031801 0.025329
7 0.523805 0.066054 0.032738 0.025334
7 0.826372 0.082722 0.031801 0.029337
2 0.522870 0.024733 0.232888 0.030687
3 0.926918 0.100723 0.115040 0.097333
4 0.523337 0.484721 0.933427 0.884003
10 0.524272 0.976057 0.086048 0.026665
11 0.014536 0.484055 0.022446 0.136002
8 0.220768 0.948724 0.053310 0.028001
8 0.524272 0.946722 0.071081 0.026670
8 0.825438 0.948724 0.044893 0.028001
9 0.038852 0.187388 0.024317 0.028001
9 0.038385 0.292056 0.023384 0.029332
9 0.037450 0.399387 0.021513 0.028001
9 0.037450 0.503387 0.025254 0.025334
9 0.037918 0.609387 0.022450 0.026665
9 0.038852 0.714723 0.024317 0.029332
9 0.041658 0.822056 0.018705 0.025334
9 0.042127 0.926054 0.017768 0.025334
0 0.522870 0.960720 0.936235 0.070668
1 0.029033 0.504721 0.057055 0.924003
