10 0.548517 0.971146 0.052686 0.041358
11 0.024261 0.442952 0.024344 0.087718
2 0.546937 0.026910 0.232861 0.042608
4 0.546409 0.442324 0.880872 0.783206
7 0.217662 0.073901 0.052681 0.031330
7 0.436300 0.473651 0.045306 0.028823
7 0.657044 0.669769 0.044254 0.030073
7 0.876739 0.812000 0.017911 0.028823
8 0.213449 0.880293 0.048470 0.062659
8 0.434721 0.896586 0.077968 0.097746
8 0.654938 0.899090 0.090616 0.107769
8 0.875156 0.880918 0.046362 0.063910
9 0.066987 0.151600 0.059005 0.028823
9 0.066461 0.265006 0.053738 0.032580
9 0.072255 0.379042 0.040038 0.025059
9 0.073309 0.491194 0.046362 0.028823
9 0.072257 0.605231 0.042146 0.031330
9 0.071201 0.720521 0.042146 0.031330
9 0.085955 0.836434 0.029503 0.035087
0 0.545883 0.915383 0.881923 0.160400
1 0.053238 0.448589 0.105471 0.793234
