7 0.417060 0.073390 0.044494 0.026665
7 0.638594 0.076054 0.044491 0.026670
7 0.858275 0.075386 0.044491 0.025334
9 0.050925 0.928056 0.016683 0.026665
9 0.042121 0.797390 0.028733 0.029332
9 0.041610 0.669320 0.033463 0.026799
9 0.043466 0.539988 0.027900 0.021465
9 0.043002 0.411990 0.026972 0.024132
9 0.041658 0.282056 0.031516 0.025334
9 0.040267 0.155389 0.032441 0.028001
2 0.526436 0.024053 0.292905 0.037333
4 0.527828 0.486054 0.924139 0.881336
3 0.130642 0.854723 0.120501 0.125334
8 0.859201 0.947390 0.051907 0.025334
8 0.638129 0.947388 0.073227 0.022667
8 0.417060 0.947388 0.044494 0.028001
8 0.194136 0.948053 0.073227 0.034666
11 0.015657 0.486054 0.022338 0.220000
10 0.525509 0.973387 0.076007 0.034666
1 0.034658 0.495389 0.060342 0.902667
0 0.527826 0.958721 0.925993 0.066670
7 0.195063 0.075389 0.043566 0.028001
