11 0.014341 0.305096 0.018399 0.160763
8 0.505568 0.697467 0.120953 0.247496
8 0.425924 0.679435 0.101362 0.211430
9 0.034017 0.301388 0.022590 0.028858
2 0.519791 0.029946 0.362862 0.039158
8 0.294750 0.767029 0.188245 0.379746
8 0.244920 0.692318 0.115845 0.230322
8 0.196368 0.617603 0.037480 0.084330
8 0.083930 0.669904 0.091141 0.188932
10 0.521427 0.966693 0.071550 0.026795
0 0.505140 0.774672 0.974446 0.429389
7 0.653054 0.500602 0.084898 0.029808
7 0.740779 0.499955 0.084256 0.028513
9 0.034017 0.214822 0.022590 0.028852
9 0.032739 0.127846 0.024530 0.028852
9 0.034016 0.473460 0.024634 0.030921
3 0.937851 0.103112 0.097104 0.078321
7 0.826898 0.509025 0.081685 0.025919
7 0.914333 0.502547 0.084191 0.028508
7 0.914655 0.374254 0.082262 0.031097
7 0.826288 0.368431 0.093188 0.027196
7 0.739525 0.358055 0.095758 0.024624
7 0.652764 0.356114 0.093188 0.028508
7 0.564397 0.487643 0.082262 0.027213
7 0.565684 0.322411 0.093830 0.023341
7 0.477958 0.499955 0.081618 0.023324
7 0.477959 0.321758 0.093188 0.027236
7 0.391197 0.477923 0.084188 0.025919
7 0.390554 0.298445 0.095758 0.027213
7 0.302829 0.499955 0.080976 0.028513
9 0.033506 0.385890 0.023614 0.032979
7 0.303151 0.296501 0.093188 0.023324
7 0.215426 0.494771 0.083546 0.025913
7 0.216070 0.258273 0.096400 0.024618
7 0.130593 0.483756 0.087404 0.029808
7 0.127379 0.240777 0.096400 0.028508
4 0.521325 0.306125 0.942419 0.504958
8 0.881211 0.637354 0.066431 0.134144
8 0.794749 0.638214 0.068994 0.128988
8 0.705311 0.644226 0.067292 0.151311
9 0.034017 0.557988 0.022590 0.022668
1 0.025583 0.338084 0.051105 0.581198
8 0.621410 0.636495 0.063033 0.122114
