8 0.739502 0.890526 0.062453 0.127862
11 0.013234 0.431408 0.014480 0.326516
8 0.828429 0.885370 0.058366 0.121669
9 0.036531 0.081688 0.027342 0.034361
9 0.037083 0.172771 0.026406 0.032647
9 0.036955 0.265580 0.026493 0.030945
9 0.038232 0.354075 0.025638 0.029214
2 0.523028 0.027557 0.335604 0.044683
9 0.040363 0.447735 0.019678 0.037811
9 0.038660 0.537096 0.023084 0.034372
8 0.478345 0.887432 0.061433 0.125792
3 0.147390 0.780263 0.175470 0.044689
8 0.393507 0.885370 0.057342 0.121669
7 0.914930 0.087005 0.040676 0.031363
7 0.827710 0.087005 0.040673 0.027879
7 0.740922 0.087005 0.039809 0.031363
7 0.653272 0.087005 0.038946 0.027879
7 0.566053 0.085263 0.040673 0.027879
7 0.479697 0.081779 0.040673 0.031363
7 0.393342 0.082650 0.040673 0.029621
7 0.306985 0.081779 0.040676 0.031363
7 0.219766 0.075682 0.040676 0.029621
7 0.132676 0.073416 0.043176 0.029615
4 0.523370 0.433128 0.940376 0.763020
8 0.130355 0.882689 0.056218 0.119610
8 0.218719 0.883309 0.057342 0.117545
1 0.026846 0.440860 0.053692 0.785362
8 0.653642 0.889497 0.064497 0.129921
8 0.566759 0.886403 0.060409 0.123733
9 0.039086 0.720979 0.022232 0.037805
9 0.041768 0.812059 0.017037 0.032647
8 0.304068 0.882277 0.054275 0.111363
9 0.040362 0.629038 0.021379 0.036086
10 0.523029 0.972740 0.052809 0.044678
0 0.522858 0.906287 0.939352 0.187426
8 0.913267 0.883309 0.056319 0.121674
