7 0.565221 0.216933 0.092652 0.025919
7 0.740886 0.258296 0.092117 0.030237
7 0.827540 0.264104 0.093252 0.028513
7 0.913338 0.283542 0.095181 0.028508
0 0.506500 0.771933 0.970011 0.426625
10 0.521428 0.968756 0.069507 0.035037
8 0.081803 0.669904 0.091993 0.182058
8 0.196794 0.612451 0.036627 0.074025
8 0.247474 0.689740 0.112436 0.228604
8 0.296878 0.764454 0.185688 0.378033
8 0.427628 0.682012 0.097953 0.209712
8 0.503863 0.695752 0.119249 0.240627
8 0.621410 0.633920 0.061329 0.116964
9 0.033506 0.556959 0.023614 0.028852
9 0.034017 0.472453 0.022590 0.032979
9 0.034529 0.385890 0.021567 0.032979
9 0.035039 0.303448 0.020547 0.028852
9 0.035039 0.212761 0.022588 0.032973
9 0.034271 0.129907 0.025554 0.032973
4 0.521836 0.306125 0.943443 0.504958
1 0.028140 0.349409 0.045997 0.599768
11 0.012806 0.307159 0.017376 0.284426
8 0.705737 0.642507 0.064735 0.141012
8 0.794324 0.642507 0.066440 0.130701
8 0.879502 0.640789 0.066440 0.137575
2 0.522858 0.033038 0.266782 0.037100
7 0.126866 0.065206 0.098542 0.024839
7 0.217103 0.074172 0.094250 0.022679
7 0.304672 0.144364 0.095865 0.029158
7 0.390897 0.186481 0.096939 0.026993
7 0.478729 0.192962 0.093723 0.022679
7 0.652785 0.253977 0.092652 0.028078
