7 0.545883 0.755606 0.043202 0.028823
7 0.838804 0.814507 0.032662 0.028823
1 0.055872 0.451721 0.100204 0.799499
2 0.546935 0.029420 0.249721 0.035087
0 0.544301 0.910369 0.885088 0.152885
11 0.025313 0.446713 0.026447 0.090225
10 0.546409 0.971146 0.067437 0.028817
4 0.546409 0.442324 0.880872 0.780704
9 0.067515 0.083304 0.060062 0.037594
9 0.068569 0.208614 0.057954 0.030073
9 0.065407 0.331423 0.051630 0.027566
9 0.067987 0.456735 0.052790 0.027566
9 0.066935 0.582048 0.054893 0.027566
9 0.066935 0.709242 0.057006 0.031330
8 0.253489 0.895958 0.080081 0.091476
8 0.543778 0.897211 0.085348 0.104011
8 0.840386 0.880918 0.052681 0.063910
7 0.250855 0.075155 0.055846 0.028823
