11 0.014519 0.420348 0.018970 0.077224
4 0.527252 0.420348 0.928503 0.742572
9 0.052249 0.795300 0.013699 0.027921
9 0.044872 0.684411 0.028454 0.027921
9 0.041184 0.576487 0.033725 0.029898
9 0.041182 0.468569 0.031617 0.027921
9 0.039602 0.357674 0.034778 0.027921
9 0.040656 0.249753 0.034780 0.025938
9 0.040656 0.141835 0.032670 0.031881
3 0.916676 0.243119 0.143334 0.368317
0 0.517765 0.893620 0.949581 0.200005
10 0.527780 0.972824 0.126472 0.029700
8 0.135545 0.850380 0.045670 0.085809
8 0.213709 0.837428 0.031617 0.056270
8 0.292315 0.831651 0.027225 0.054620
8 0.370043 0.868781 0.068505 0.125579
8 0.446013 0.853931 0.046549 0.085975
8 0.527252 0.840726 0.035131 0.079373
8 0.608053 0.880332 0.077288 0.148682
8 0.683145 0.876206 0.072895 0.143730
8 0.760871 0.829177 0.026346 0.043071
8 0.838159 0.858880 0.052695 0.105777
8 0.917641 0.871257 0.067627 0.127229
2 0.527780 0.028269 0.248725 0.037621
7 0.136942 0.072712 0.032014 0.026313
7 0.214308 0.255040 0.033346 0.022556
7 0.293009 0.401032 0.032014 0.028826
7 0.371044 0.624089 0.024010 0.021308
7 0.450411 0.663564 0.025345 0.027567
7 0.526110 0.671083 0.024678 0.025059
1 0.032963 0.441141 0.060074 0.784159
7 0.917613 0.777596 0.011341 0.022556
7 0.839246 0.768199 0.017339 0.026313
7 0.762546 0.766945 0.020009 0.026313
7 0.683845 0.711809 0.024010 0.026318
7 0.604812 0.686747 0.024678 0.026313
