9 0.043727 0.175554 0.042010 0.026810
9 0.043216 0.247735 0.040987 0.030933
9 0.042705 0.318880 0.044054 0.028869
9 0.043216 0.392087 0.040987 0.026810
9 0.043216 0.465297 0.040987 0.032992
9 0.045771 0.534383 0.035876 0.026810
9 0.057016 0.604499 0.015433 0.030933
4 0.531036 0.330017 0.922997 0.556799
0 0.505994 0.800201 0.971040 0.383569
10 0.529502 0.969304 0.067460 0.032998
8 0.121410 0.672859 0.048551 0.091080
8 0.277288 0.697605 0.078366 0.156386
8 0.204460 0.677842 0.053664 0.113422
8 0.383762 0.658080 0.030664 0.070458
8 0.461700 0.673546 0.048553 0.101391
8 0.539214 0.685577 0.065587 0.128891
8 0.608207 0.722523 0.097956 0.202783
8 0.689553 0.731117 0.109030 0.219972
8 0.747900 0.789548 0.164396 0.333394
8 0.891427 0.669251 0.044295 0.092800
7 0.658549 0.162209 0.048200 0.025933
1 0.037340 0.361980 0.064396 0.620724
7 0.915618 0.211479 0.044345 0.025933
7 0.574359 0.147296 0.045629 0.027229
7 0.488241 0.146649 0.044343 0.025933
7 0.401801 0.137576 0.044987 0.025933
7 0.316004 0.117477 0.043059 0.027229
7 0.230175 0.076632 0.045049 0.025933
11 0.014340 0.327955 0.016355 0.210345
7 0.829822 0.196572 0.046271 0.027229
7 0.145824 0.067296 0.041775 0.024638
7 0.743703 0.190735 0.043701 0.025928
2 0.530014 0.027902 0.207496 0.035057
9 0.043472 0.104202 0.039863 0.026810
