10 0.516086 0.971708 0.052044 0.032647
11 0.014043 0.436391 0.018823 0.323077
9 0.028865 0.542254 0.012010 0.034372
9 0.028012 0.677155 0.012010 0.032647
9 0.028012 0.812056 0.012010 0.030933
7 0.913633 0.091363 0.032902 0.033100
7 0.825119 0.091363 0.033765 0.026131
7 0.737037 0.091363 0.033765 0.026131
7 0.649386 0.091363 0.032902 0.026131
7 0.294463 0.080037 0.032902 0.027879
1 0.020031 0.446012 0.040062 0.785351
7 0.205949 0.077424 0.032038 0.026137
7 0.119162 0.075682 0.038082 0.033105
8 0.647049 0.889392 0.059285 0.121872
8 0.559651 0.889392 0.060317 0.130130
4 0.515193 0.432107 0.952641 0.760933
8 0.293898 0.885266 0.056218 0.121878
2 0.515362 0.028247 0.240205 0.042964
9 0.028012 0.403911 0.012010 0.036092
8 0.205482 0.887330 0.055198 0.117749
8 0.118088 0.891454 0.062349 0.134253
3 0.104801 0.779236 0.120104 0.044683
0 0.515499 0.902486 0.955708 0.181476
7 0.560872 0.084392 0.033765 0.029621
7 0.471061 0.083521 0.032035 0.027879
7 0.383841 0.080908 0.035492 0.029621
8 0.471752 0.889392 0.064396 0.130130
8 0.382825 0.891968 0.064393 0.129921
9 0.029289 0.134963 0.011161 0.030933
9 0.028863 0.268150 0.010308 0.036086
8 0.913318 0.892486 0.066440 0.128060
8 0.823880 0.888360 0.057241 0.123937
8 0.735464 0.886298 0.058262 0.119813
