7 0.312111 0.066054 0.070452 0.025334
7 0.767351 0.072054 0.061419 0.026665
4 0.540183 0.485386 0.902350 0.885334
2 0.539732 0.022722 0.216781 0.029337
3 0.935357 0.084723 0.097553 0.065334
9 0.054232 0.092054 0.055097 0.026665
9 0.056039 0.256720 0.049680 0.028001
9 0.057846 0.425389 0.046067 0.024003
9 0.057395 0.592056 0.046968 0.029332
9 0.057395 0.760055 0.046968 0.029337
9 0.075459 0.924721 0.016257 0.028001
0 0.537474 0.960055 0.905963 0.066665
10 0.539730 0.974055 0.056002 0.030668
8 0.313466 0.948056 0.056907 0.026665
8 0.768255 0.949389 0.036128 0.023998
1 0.046102 0.501388 0.087615 0.920000
11 0.016296 0.481388 0.022579 0.167996
