8 0.867154 0.934979 0.088490 0.041585
8 0.644005 0.937258 0.083357 0.037821
8 0.414445 0.934287 0.042319 0.035845
8 0.191298 0.933296 0.060273 0.041781
7 0.828080 0.696346 0.057713 0.039767
7 0.681130 0.075061 0.058779 0.038115
7 0.602047 0.755753 0.056643 0.039767
7 0.455099 0.094036 0.055573 0.036469
7 0.374945 0.737601 0.055573 0.039767
7 0.227461 0.084963 0.057713 0.041420
7 0.147309 0.746677 0.059849 0.034823
3 0.134546 0.127882 0.120761 0.118813
10 0.527943 0.969468 0.115418 0.041248
0 0.527301 0.953121 0.924653 0.093758
4 0.528583 0.481912 0.922089 0.849504
9 0.045418 0.156759 0.028855 0.039602
9 0.046219 0.346613 0.031098 0.038121
9 0.046754 0.530606 0.030028 0.033170
11 0.019768 0.481842 0.022446 0.518152
1 0.033662 0.489272 0.067325 0.882840
2 0.527943 0.031349 0.683979 0.042907
9 0.045686 0.720373 0.034304 0.033170
9 0.048355 0.906845 0.026825 0.029871
7 0.907699 0.133394 0.055573 0.041255
