8 0.749977 0.830650 0.017179 0.066441
4 0.522282 0.412028 0.941361 0.752000
3 0.129019 0.160030 0.141534 0.226668
9 0.034504 0.172030 0.026596 0.026668
9 0.035929 0.325364 0.027548 0.032000
9 0.033554 0.478696 0.028497 0.021336
9 0.033554 0.631362 0.026599 0.025332
9 0.034504 0.786696 0.026596 0.026664
8 0.106222 0.842030 0.019948 0.089332
8 0.129019 0.851364 0.019948 0.108000
8 0.152292 0.828030 0.018999 0.069332
8 0.176989 0.844028 0.022798 0.096000
8 0.201687 0.836030 0.017098 0.074668
8 0.224961 0.842030 0.019948 0.089332
8 0.247283 0.819364 0.011399 0.052000
8 0.272603 0.836277 0.019086 0.080911
8 0.295698 0.837615 0.017943 0.082518
8 0.321467 0.848868 0.019853 0.103955
8 0.343799 0.832796 0.017179 0.068587
8 0.367466 0.841636 0.018705 0.093773
8 0.391136 0.847528 0.019469 0.099130
8 0.415185 0.843510 0.016415 0.092162
8 0.438853 0.846190 0.018705 0.097522
8 0.461759 0.831990 0.014889 0.070198
8 0.486762 0.837348 0.018324 0.081984
8 0.512149 0.831990 0.017941 0.069121
8 0.534481 0.849941 0.021376 0.102879
8 0.558150 0.828775 0.016796 0.065907
8 0.581245 0.822881 0.018705 0.055194
8 0.604723 0.831186 0.016034 0.073943
8 0.630300 0.851281 0.016798 0.110919
8 0.651487 0.822344 0.014125 0.054121
8 0.677064 0.828775 0.016418 0.062692
8 0.701496 0.832526 0.016415 0.070194
8 0.725545 0.820737 0.011834 0.050907
8 0.773836 0.831186 0.022140 0.071806
8 0.795786 0.881555 0.017179 0.172543
8 0.819264 0.875929 0.019850 0.165575
8 0.844651 0.840026 0.014125 0.087340
8 0.866608 0.819119 0.014520 0.047672
8 0.891033 0.835206 0.016798 0.073409
8 0.914319 0.823150 0.014505 0.051441
8 0.938369 0.839759 0.016796 0.085737
10 0.521217 0.978644 0.061552 0.032000
11 0.011687 0.413043 0.022798 0.164798
0 0.521217 0.894121 0.941552 0.211757
1 0.025365 0.431443 0.050153 0.790401
2 0.520078 0.019443 0.410361 0.033599
