7 0.654113 0.768788 0.046632 0.037613
9 0.035242 0.202922 0.032453 0.033213
9 0.036092 0.303923 0.029045 0.037099
7 0.568621 0.698880 0.048357 0.035643
7 0.481833 0.694945 0.047493 0.039584
7 0.394183 0.638822 0.048360 0.037607
7 0.306963 0.574826 0.046632 0.043519
7 0.220607 0.308002 0.056994 0.041548
7 0.132092 0.076625 0.054404 0.031707
1 0.028502 0.496120 0.057005 0.883770
10 0.525063 0.969079 0.053663 0.042748
9 0.037371 0.403953 0.028194 0.031273
8 0.914295 0.936597 0.040990 0.037295
8 0.481417 0.935431 0.050188 0.034963
8 0.566766 0.936597 0.032813 0.037295
8 0.654160 0.934266 0.046098 0.037295
8 0.827924 0.937763 0.031790 0.039627
8 0.742575 0.936597 0.047120 0.037295
9 0.036944 0.504951 0.027340 0.031273
9 0.035667 0.602069 0.028194 0.039045
9 0.036986 0.106677 0.029812 0.038849
3 0.945420 0.258179 0.083476 0.384584
9 0.036092 0.705012 0.029045 0.035153
9 0.035667 0.804073 0.029895 0.039039
9 0.036519 0.907013 0.026490 0.035153
11 0.012328 0.476692 0.014565 0.167044
2 0.525062 0.028014 0.224020 0.048562
8 0.309185 0.933100 0.032810 0.039627
8 0.395044 0.936597 0.036900 0.037295
4 0.524295 0.478831 0.937308 0.848409
8 0.220258 0.933100 0.043033 0.039627
0 0.524295 0.950817 0.937308 0.090900
7 0.915340 0.816047 0.049224 0.033672
8 0.133888 0.935431 0.025655 0.034963
7 0.828552 0.802264 0.046632 0.033672
7 0.741333 0.786512 0.048360 0.033672
