7 0.125768 0.117845 0.032815 0.027873
9 0.035252 0.877361 0.014564 0.037811
9 0.032697 0.726994 0.019675 0.032653
9 0.033122 0.572327 0.018825 0.036092
9 0.033549 0.423676 0.021379 0.037805
9 0.032696 0.275025 0.017973 0.032653
9 0.032825 0.122079 0.019593 0.030933
7 0.214152 0.095718 0.032902 0.027873
7 0.300938 0.117497 0.032041 0.026137
4 0.520303 0.465710 0.944463 0.824881
7 0.389024 0.085263 0.035492 0.027879
7 0.476675 0.095718 0.032902 0.027873
7 0.563894 0.128821 0.036355 0.024395
7 0.651976 0.080908 0.034629 0.029621
7 0.738332 0.116626 0.034629 0.027879
7 0.825983 0.093105 0.033765 0.026131
7 0.914065 0.103558 0.033765 0.029615
8 0.913778 0.921459 0.034856 0.065995
8 0.826385 0.921459 0.033835 0.065995
8 0.738481 0.921459 0.029745 0.065995
8 0.649043 0.920427 0.034856 0.059802
0 0.518769 0.939282 0.947530 0.121437
10 0.520474 0.971024 0.034073 0.041244
8 0.562160 0.921459 0.032809 0.065995
8 0.475278 0.923521 0.030768 0.070119
8 0.385840 0.924553 0.033832 0.068054
8 0.298961 0.924553 0.031794 0.068054
8 0.212076 0.922492 0.031789 0.063931
8 0.124222 0.923934 0.033731 0.065990
11 0.013660 0.464918 0.017037 0.256058
2 0.519622 0.027557 0.206134 0.041244
3 0.121412 0.086855 0.137138 0.042941
1 0.023440 0.473512 0.046880 0.850667
