7 0.222816 0.146649 0.085475 0.025933
9 0.037340 0.322797 0.033731 0.030933
9 0.038616 0.210614 0.029742 0.026804
9 0.039128 0.102347 0.032812 0.028869
8 0.133336 0.922042 0.029812 0.063586
8 0.221496 0.922732 0.029815 0.063586
8 0.308378 0.922732 0.031514 0.063586
8 0.393130 0.922732 0.027258 0.063586
8 0.480014 0.924451 0.028960 0.063586
8 0.567323 0.921872 0.031517 0.061867
8 0.653779 0.923592 0.028960 0.065305
8 0.741088 0.922732 0.029812 0.063586
8 0.827543 0.922732 0.028963 0.063586
1 0.030695 0.490868 0.055195 0.882630
8 0.914851 0.921872 0.031514 0.061867
7 0.570503 0.687339 0.081618 0.036307
7 0.396018 0.107104 0.083546 0.027229
7 0.307970 0.105161 0.083549 0.025933
9 0.037083 0.435393 0.030768 0.030933
9 0.038616 0.875679 0.029742 0.028869
9 0.038616 0.767421 0.029742 0.035068
9 0.038105 0.652969 0.030765 0.032975
9 0.037595 0.543662 0.029745 0.028874
7 0.914012 0.450059 0.075834 0.033716
7 0.828858 0.318453 0.085475 0.032415
7 0.740489 0.402084 0.088688 0.033716
7 0.654372 0.457189 0.080978 0.029819
11 0.013318 0.466123 0.016353 0.387698
2 0.525925 0.029963 0.371037 0.039180
4 0.526437 0.463029 0.934242 0.822822
7 0.134128 0.134980 0.086759 0.028524
7 0.484064 0.079228 0.087404 0.028524
0 0.507527 0.938264 0.967973 0.123473
10 0.525925 0.970337 0.033729 0.030933
