8 0.368479 0.896584 0.094041 0.109146
9 0.066805 0.231860 0.052833 0.030079
9 0.065748 0.132862 0.061284 0.030073
9 0.072037 0.630357 0.042369 0.027567
10 0.549692 0.971208 0.067627 0.032584
8 0.898915 0.896584 0.091928 0.109146
9 0.073622 0.729354 0.041312 0.027573
8 0.719811 0.888441 0.069739 0.095365
8 0.544408 0.876534 0.052833 0.066539
9 0.065696 0.432989 0.057162 0.033831
8 0.193605 0.887812 0.069739 0.079073
0 0.541769 0.912938 0.882297 0.166663
1 0.053018 0.481233 0.103657 0.862152
2 0.545995 0.028854 0.250426 0.037596
4 0.547051 0.441135 0.882297 0.776944
7 0.898385 0.813941 0.023250 0.026320
7 0.722982 0.814567 0.025358 0.025067
7 0.548108 0.812685 0.036982 0.026315
7 0.373233 0.808301 0.038044 0.027567
7 0.197302 0.075846 0.062345 0.028826
9 0.065696 0.333992 0.055050 0.028826
9 0.074150 0.531986 0.044481 0.023815
9 0.086831 0.830230 0.025467 0.023809
11 0.020789 0.444267 0.030748 0.086466
