7 0.207676 0.074811 0.040673 0.027879
3 0.919110 0.085127 0.136285 0.046397
4 0.515704 0.432096 0.953661 0.756838
2 0.515362 0.028416 0.258943 0.042964
9 0.028012 0.812059 0.013715 0.041244
9 0.028012 0.646222 0.013715 0.036086
9 0.028863 0.480387 0.017121 0.034372
9 0.028863 0.311971 0.017121 0.030933
9 0.029715 0.143558 0.015416 0.034367
11 0.012382 0.433125 0.017889 0.295583
7 0.914930 0.110526 0.040676 0.026131
7 0.825551 0.108784 0.039809 0.026131
7 0.736605 0.107042 0.041536 0.029615
7 0.648091 0.102687 0.038946 0.027873
1 0.019606 0.454607 0.039212 0.809417
7 0.472356 0.095718 0.041539 0.027873
7 0.560008 0.099202 0.038946 0.027873
7 0.383409 0.093976 0.039809 0.031357
7 0.295758 0.091363 0.040673 0.026131
7 0.119162 0.074811 0.039809 0.027879
0 0.515704 0.907319 0.953661 0.185362
10 0.517918 0.971881 0.052809 0.046397
8 0.117576 0.888363 0.059285 0.132189
8 0.205482 0.894548 0.063373 0.128066
8 0.293387 0.891454 0.063375 0.130124
8 0.381803 0.885269 0.058262 0.126001
8 0.470217 0.886298 0.059285 0.119813
8 0.560167 0.888360 0.061326 0.123937
8 0.647049 0.885266 0.059285 0.121878
8 0.734954 0.890424 0.065416 0.128066
8 0.824902 0.890424 0.063373 0.128066
8 0.912808 0.891456 0.063373 0.126001
