7 0.540635 0.067388 0.072259 0.028001
4 0.540283 0.485160 0.901018 0.884490
1 0.046679 0.487634 0.083953 0.886135
0 0.532401 0.961231 0.916781 0.070954
9 0.055118 0.084170 0.058129 0.026403
9 0.052883 0.224432 0.058132 0.029704
9 0.057914 0.363869 0.045834 0.024752
9 0.057355 0.505785 0.049189 0.031350
9 0.058473 0.645224 0.049189 0.023101
9 0.059030 0.785489 0.050304 0.029699
9 0.072447 0.927402 0.021241 0.023106
8 0.250189 0.949680 0.059247 0.028053
8 0.541959 0.948855 0.072663 0.029704
8 0.832051 0.949680 0.042479 0.028053
11 0.016496 0.484332 0.021351 0.183168
10 0.537991 0.976825 0.082835 0.029871
0 0.928748 0.099845 0.112906 0.094060
2 0.540183 0.025389 0.259234 0.031999
7 0.247980 0.471388 0.061422 0.030668
7 0.834643 0.473390 0.062324 0.031999
