1 0.026585 0.469914 0.048924 0.865348
9 0.036149 0.160078 0.023138 0.021451
9 0.032844 0.292916 0.025342 0.023102
9 0.033946 0.429054 0.029749 0.028052
9 0.035048 0.566844 0.025342 0.029706
9 0.033395 0.703808 0.028647 0.033006
9 0.032844 0.839948 0.025342 0.021451
7 0.270845 0.210410 0.045175 0.029702
7 0.145785 0.260739 0.039668 0.024752
7 0.397007 0.198857 0.041872 0.026406
7 0.521517 0.179879 0.041869 0.028052
7 0.647129 0.099024 0.039668 0.024752
7 0.773291 0.083346 0.038564 0.029706
7 0.897801 0.060244 0.042974 0.026406
8 0.143581 0.881119 0.042974 0.059568
8 0.269742 0.905873 0.072723 0.102475
8 0.396457 0.907523 0.079334 0.118976
8 0.523721 0.877819 0.042971 0.062868
8 0.647129 0.882769 0.045177 0.069469
8 0.771086 0.884419 0.052890 0.076069
8 0.897801 0.887719 0.057297 0.079369
4 0.522067 0.438132 0.940984 0.800333
2 0.524272 0.021795 0.382123 0.031685
10 0.520437 0.977834 0.103135 0.035641
11 0.014022 0.447140 0.018509 0.407922
0 0.521759 0.918620 0.941425 0.162760
