11 0.011417 0.485639 0.015332 0.343292
8 0.182576 0.940390 0.048882 0.041731
8 0.255900 0.940874 0.037790 0.036883
8 0.329635 0.939907 0.027521 0.034949
8 0.403164 0.941357 0.032453 0.035916
8 0.476283 0.938937 0.027521 0.029140
8 0.549606 0.940390 0.022184 0.033982
8 0.623752 0.939895 0.037382 0.032992
9 0.024287 0.145074 0.011829 0.033462
9 0.024021 0.273128 0.012481 0.032206
9 0.025204 0.405571 0.010115 0.032206
9 0.025499 0.531044 0.010706 0.023840
9 0.024612 0.659310 0.011298 0.032206
9 0.023429 0.784782 0.013665 0.034994
9 0.023133 0.913742 0.015438 0.033603
8 0.697898 0.936032 0.057509 0.034949
8 0.771837 0.939907 0.045186 0.031080
8 0.845983 0.938453 0.054634 0.028173
8 0.919922 0.940390 0.056278 0.035916
2 0.513546 0.026906 0.176321 0.044163
1 0.017250 0.495074 0.034500 0.901403
0 0.514741 0.955690 0.960410 0.088620
10 0.513546 0.971473 0.038332 0.042155
8 0.106788 0.941844 0.042719 0.038824
7 0.107033 0.225806 0.036268 0.032562
7 0.181341 0.225195 0.034629 0.028490
7 0.253880 0.215017 0.036357 0.028495
7 0.328146 0.208914 0.036355 0.028495
7 0.402844 0.201790 0.035493 0.030526
7 0.476679 0.136657 0.034629 0.030532
7 0.549648 0.139712 0.038946 0.028495
7 0.625210 0.079672 0.034629 0.030532
7 0.698181 0.174313 0.035493 0.032562
7 0.772016 0.152941 0.034629 0.034604
7 0.846713 0.261830 0.037219 0.036635
7 0.920115 0.262848 0.033765 0.034598
4 0.513800 0.481021 0.958774 0.862460
