8 0.343864 0.906199 0.039951 0.041254
9 0.093384 0.663631 0.050899 0.041783
9 0.094793 0.768579 0.053718 0.037824
9 0.111078 0.869569 0.023967 0.037824
7 0.344766 0.095939 0.067503 0.032133
4 0.558882 0.474023 0.845978 0.788114
11 0.025917 0.473033 0.033840 0.485145
0 0.544784 0.927487 0.876993 0.122773
10 0.559587 0.954224 0.308785 0.041587
9 0.095498 0.563631 0.052309 0.043763
8 0.773196 0.904224 0.050522 0.037952
7 0.772931 0.622602 0.052315 0.032133
1 0.068922 0.484915 0.133943 0.813857
2 0.558177 0.040358 0.703572 0.059403
3 0.809854 0.178972 0.322880 0.166340
9 0.085134 0.155213 0.070498 0.043567
9 0.086403 0.256694 0.067679 0.043763
9 0.087108 0.358677 0.071908 0.041775
9 0.087108 0.460661 0.069089 0.047722
