9 0.047822 0.696450 0.025759 0.031518
8 0.187449 0.933296 0.050016 0.041781
9 0.047287 0.271530 0.028962 0.029865
9 0.046762 0.378779 0.023639 0.033140
9 0.046754 0.481925 0.025755 0.028219
9 0.047287 0.590012 0.028962 0.033170
8 0.417010 0.938247 0.050016 0.043764
11 0.018700 0.482668 0.024582 0.542901
10 0.527943 0.970291 0.117558 0.039602
7 0.907699 0.075636 0.055573 0.037956
7 0.829683 0.118791 0.058779 0.036469
7 0.681132 0.479351 0.056643 0.038115
7 0.602045 0.574235 0.058779 0.033170
7 0.455097 0.651790 0.059849 0.036469
7 0.374945 0.769780 0.057713 0.038115
7 0.228532 0.214498 0.055573 0.039767
7 0.148377 0.258228 0.057713 0.038121
9 0.045684 0.799584 0.025755 0.033170
9 0.051564 0.908494 0.022549 0.029865
0 0.527943 0.951808 0.923369 0.095049
2 0.526875 0.030523 0.696801 0.041255
3 0.134548 0.127059 0.118625 0.120459
1 0.033662 0.485144 0.067325 0.884486
4 0.527943 0.481499 0.920809 0.849535
8 0.869717 0.936958 0.091054 0.045545
8 0.642723 0.936267 0.078232 0.035838
9 0.047021 0.061879 0.027788 0.034651
9 0.046219 0.165095 0.024685 0.028219
