1 0.050264 0.462986 0.087847 0.823305
9 0.062341 0.083911 0.049257 0.030075
9 0.061818 0.196066 0.045909 0.031328
9 0.061818 0.305716 0.041938 0.030075
9 0.060772 0.412859 0.043818 0.033833
9 0.060249 0.523761 0.045074 0.032580
0 0.537177 0.921632 0.898326 0.146621
9 0.060249 0.633411 0.047165 0.033833
9 0.059204 0.739928 0.042983 0.028822
9 0.072746 0.850204 0.032417 0.031328
8 0.240122 0.898448 0.057415 0.065161
8 0.540784 0.908474 0.071007 0.082707
8 0.836165 0.906595 0.059612 0.073937
10 0.542825 0.971129 0.152681 0.037592
11 0.022602 0.459224 0.022067 0.101506
7 0.242739 0.075141 0.043818 0.027569
7 0.538695 0.493060 0.039635 0.028822
7 0.838312 0.601457 0.049257 0.035086
2 0.538746 0.030652 0.338835 0.033833
4 0.540314 0.450454 0.894144 0.795736
