7 0.858506 0.079550 0.040499 0.030202
2 0.522667 0.031019 0.350850 0.039602
3 0.934053 0.148247 0.100710 0.160398
9 0.038621 0.119137 0.025991 0.033660
9 0.038297 0.233889 0.023822 0.033862
9 0.039379 0.344780 0.025987 0.029902
9 0.042085 0.456662 0.020576 0.023960
9 0.043710 0.568543 0.019495 0.029902
9 0.042627 0.684385 0.015161 0.031879
9 0.042627 0.796267 0.015161 0.037821
9 0.043168 0.908146 0.016242 0.027919
1 0.027974 0.488442 0.055947 0.867326
0 0.513464 0.951808 0.954016 0.095049
10 0.523208 0.967653 0.081215 0.035649
8 0.188599 0.933987 0.050532 0.033005
8 0.408424 0.933164 0.047825 0.032999
8 0.634475 0.933164 0.037898 0.032999
8 0.857820 0.931515 0.047828 0.033005
4 0.523210 0.481515 0.934525 0.849504
11 0.015556 0.484486 0.023822 0.300991
7 0.188986 0.098348 0.044612 0.025190
7 0.412385 0.082072 0.045987 0.030226
7 0.636474 0.082053 0.041871 0.027693
