3 0.135083 0.128709 0.119695 0.120465
8 0.190656 0.932307 0.053860 0.039804
8 0.414445 0.936267 0.050016 0.043758
8 0.642087 0.937255 0.079520 0.041781
8 0.867794 0.935970 0.089770 0.043568
4 0.527943 0.479532 0.920809 0.849504
1 0.033662 0.491732 0.067325 0.877858
10 0.527943 0.970291 0.117558 0.039602
0 0.527301 0.950820 0.924653 0.093072
7 0.147842 0.399318 0.056643 0.039774
7 0.227461 0.103938 0.059845 0.036469
7 0.376015 0.286034 0.056643 0.039608
7 0.454564 0.075061 0.054503 0.034823
7 0.600444 0.346512 0.057709 0.039767
2 0.527410 0.032176 0.691459 0.041255
7 0.681667 0.090737 0.055573 0.036469
7 0.829150 0.325061 0.055573 0.039767
7 0.906631 0.102041 0.059849 0.041255
9 0.049158 0.903461 0.025648 0.034657
9 0.046754 0.797108 0.027895 0.038121
9 0.046754 0.687371 0.027895 0.036469
9 0.045686 0.579287 0.030032 0.038121
9 0.045686 0.469550 0.030032 0.033164
9 0.047822 0.363115 0.030032 0.038115
9 0.045686 0.249253 0.030032 0.038115
9 0.046754 0.142818 0.027895 0.036469
11 0.018700 0.482668 0.024582 0.529706
