8 0.554483 0.941640 0.027598 0.038541
1 0.020614 0.492664 0.041229 0.887353
11 0.013120 0.484635 0.017034 0.281058
8 0.113426 0.939234 0.047019 0.033727
8 0.188554 0.940436 0.052131 0.040950
8 0.260616 0.940436 0.038841 0.036131
8 0.333187 0.940436 0.030665 0.036131
8 0.407804 0.940436 0.026575 0.036131
8 0.479354 0.938029 0.030665 0.031318
9 0.027275 0.130922 0.015438 0.037783
9 0.026683 0.229211 0.016621 0.033603
9 0.028162 0.324712 0.014845 0.032206
9 0.028458 0.425786 0.015438 0.033597
9 0.028457 0.521287 0.016621 0.040571
9 0.027570 0.618877 0.018395 0.032200
9 0.026683 0.717166 0.016621 0.039174
9 0.026979 0.818241 0.017211 0.032206
9 0.030527 0.910953 0.012481 0.030809
10 0.515674 0.969465 0.039182 0.042155
0 0.516509 0.954409 0.953763 0.084316
7 0.114417 0.189576 0.028584 0.030532
7 0.185660 0.242494 0.027720 0.030532
7 0.259063 0.195684 0.027720 0.030532
7 0.333759 0.076618 0.026856 0.032568
7 0.405866 0.259796 0.029448 0.032568
7 0.481428 0.188561 0.030310 0.036635
7 0.552672 0.272008 0.027720 0.032568
7 0.626937 0.268954 0.027720 0.030532
7 0.699909 0.252673 0.032037 0.034598
7 0.773743 0.286256 0.027720 0.032568
7 0.846713 0.200772 0.028584 0.032562
7 0.920504 0.223773 0.025908 0.028495
8 0.628077 0.941640 0.045997 0.038541
8 0.699627 0.938029 0.060305 0.036137
8 0.774755 0.939234 0.049064 0.033727
8 0.847327 0.940436 0.059285 0.036131
2 0.516527 0.026906 0.172061 0.044163
8 0.922148 0.942361 0.062352 0.036137
4 0.516356 0.482226 0.953662 0.860051
