9 0.046754 0.568562 0.027895 0.029865
0 0.526661 0.952800 0.925933 0.093066
10 0.525807 0.968641 0.123971 0.042901
9 0.050493 0.737702 0.022549 0.031524
9 0.050761 0.905936 0.018169 0.032999
9 0.046760 0.403547 0.027883 0.036469
9 0.044616 0.235211 0.030032 0.043042
9 0.046754 0.066909 0.032168 0.029865
3 0.145769 0.165835 0.138934 0.194718
4 0.527943 0.479532 0.923369 0.849504
2 0.527943 0.032176 0.615577 0.041255
7 0.858539 0.077289 0.055573 0.034651
7 0.638916 0.695523 0.049160 0.038121
11 0.019768 0.481842 0.024578 0.574259
8 0.858817 0.934287 0.092338 0.039798
8 0.636952 0.932307 0.074380 0.035838
8 0.418934 0.934287 0.038470 0.035845
8 0.197709 0.934287 0.047451 0.035845
7 0.418761 0.764829 0.042747 0.041420
1 0.033662 0.482668 0.067325 0.882840
7 0.197537 0.571759 0.044887 0.034816
