9 0.033653 0.927338 0.016847 0.023102
0 0.517405 0.961991 0.950658 0.066009
1 0.024649 0.503245 0.049298 0.864685
2 0.517407 0.046975 0.243079 0.044551
3 0.933168 0.112157 0.102286 0.062704
4 0.520414 0.499944 0.942232 0.854787
7 0.281546 0.034600 0.028879 0.026403
7 0.756273 0.022222 0.025273 0.028056
8 0.279742 0.947965 0.058964 0.031356
8 0.756874 0.952914 0.038508 0.034653
9 0.033052 0.121231 0.020459 0.028056
9 0.033653 0.283773 0.016847 0.023102
10 0.523423 0.972718 0.072201 0.024750
9 0.034256 0.444664 0.020456 0.024755
9 0.032451 0.604731 0.021661 0.028056
9 0.033655 0.767271 0.019254 0.026403
11 0.017409 0.501595 0.022866 0.168319
