7 0.370137 0.128502 0.054685 0.030073
7 0.547376 0.406070 0.055661 0.031325
7 0.897451 0.567097 0.041014 0.030073
7 0.720218 0.468100 0.041990 0.032578
9 0.066447 0.155444 0.058588 0.031325
9 0.064005 0.262587 0.051753 0.040103
9 0.066935 0.370359 0.053709 0.037593
9 0.066935 0.474368 0.053709 0.032578
9 0.072795 0.582134 0.043941 0.035088
9 0.073283 0.686146 0.044917 0.040097
9 0.071817 0.791407 0.043946 0.027568
9 0.085000 0.899805 0.025386 0.026310
8 0.193392 0.929818 0.019526 0.026444
8 0.368186 0.936082 0.023439 0.038973
8 0.547376 0.934204 0.026367 0.032711
8 0.721679 0.933578 0.021483 0.036468
8 0.898430 0.932951 0.023434 0.037720
10 0.548304 0.971796 0.063572 0.037720
11 0.022944 0.480571 0.030369 0.087842
2 0.545422 0.032638 0.245102 0.038845
4 0.546393 0.476872 0.881795 0.844614
0 0.543958 0.948052 0.886665 0.097745
1 0.054678 0.490033 0.101653 0.865915
7 0.191926 0.080884 0.049801 0.027568
