7 0.550143 0.462853 0.097714 0.028052
5 0.551627 0.427872 0.870519 0.754457
2 0.550776 0.028871 0.261328 0.035657
7 0.943331 0.756577 0.086260 0.028036
7 0.847807 0.071768 0.099130 0.028052
7 0.746699 0.302791 0.100542 0.024752
7 0.648420 0.277212 0.101954 0.026405
7 0.448326 0.555276 0.092062 0.034675
7 0.354995 0.634474 0.089233 0.028052
9 0.078527 0.702229 0.055998 0.029902
9 0.074285 0.536882 0.067878 0.031877
9 0.073436 0.372526 0.069575 0.035843
9 0.073943 0.206091 0.067878 0.033666
8 0.944743 0.847343 0.039593 0.047856
8 0.846463 0.882821 0.103230 0.132013
8 0.748892 0.886948 0.114540 0.140267
8 0.647784 0.885297 0.101814 0.127059
8 0.550213 0.885297 0.098986 0.123764
8 0.451225 0.887771 0.113128 0.135314
8 0.351531 0.886124 0.108887 0.135314
8 0.253957 0.886948 0.117368 0.136961
8 0.154972 0.885297 0.111711 0.133661
10 0.551625 0.970447 0.208719 0.029700
0 0.543142 0.901148 0.887489 0.184173
7 0.255302 0.592392 0.084984 0.033001
7 0.157941 0.752791 0.084848 0.024752
1 0.060706 0.438961 0.111996 0.774255
11 0.023885 0.431833 0.025451 0.065346
