7 0.947618 0.104168 0.025552 0.026744
2 0.536327 0.030425 0.438986 0.039602
11 0.018499 0.480523 0.025232 0.356432
9 0.053189 0.141912 0.044148 0.031683
9 0.053000 0.238840 0.044277 0.035845
9 0.053630 0.333889 0.043018 0.035845
9 0.052368 0.427947 0.043014 0.033862
9 0.052998 0.523990 0.041754 0.027919
9 0.053000 0.621019 0.039232 0.031879
9 0.052368 0.717059 0.040495 0.033862
9 0.052368 0.813097 0.043014 0.035838
1 0.040156 0.486463 0.080312 0.863366
5 0.535066 0.480523 0.906990 0.847521
8 0.946723 0.935640 0.089353 0.031353
8 0.780632 0.933164 0.093559 0.032999
8 0.618743 0.933164 0.085150 0.026401
8 0.451074 0.935640 0.079895 0.034657
8 0.288661 0.934816 0.083045 0.036304
8 0.122990 0.933164 0.081996 0.028054
10 0.533805 0.966665 0.112273 0.037625
0 0.529390 0.950820 0.920862 0.093072
3 0.227269 0.870028 0.280043 0.047521
7 0.122663 0.487249 0.028109 0.030753
7 0.288333 0.086784 0.027255 0.029419
7 0.617552 0.368247 0.024702 0.036102
7 0.782372 0.173026 0.022148 0.030753
7 0.451452 0.852950 0.026405 0.026744
