7 0.289282 0.569613 0.025994 0.034847
11 0.013616 0.484511 0.017970 0.443377
1 0.029408 0.481244 0.058817 0.879876
7 0.949601 0.587384 0.025907 0.036589
7 0.854048 0.834434 0.025994 0.038326
7 0.761648 0.150600 0.024267 0.029615
7 0.667090 0.079166 0.030311 0.029621
7 0.572097 0.554802 0.025130 0.029615
7 0.477107 0.849245 0.026857 0.033105
7 0.383841 0.860568 0.028584 0.031363
7 0.194291 0.400614 0.027718 0.034847
7 0.100163 0.362282 0.029448 0.034847
5 0.524903 0.480144 0.933221 0.857879
3 0.910592 0.084955 0.152470 0.044683
2 0.524732 0.027559 0.284497 0.048117
0 0.525147 0.955820 0.934774 0.088360
10 0.526437 0.971881 0.032369 0.039531
8 0.950841 0.938142 0.034544 0.029836
8 0.854514 0.937726 0.034135 0.029005
8 0.761475 0.938142 0.032902 0.029836
8 0.666995 0.937726 0.037011 0.032319
8 0.573336 0.937313 0.036187 0.031493
8 0.479474 0.937313 0.033314 0.031493
8 0.386227 0.936069 0.035778 0.030667
8 0.290516 0.936898 0.035778 0.029010
8 0.195216 0.937726 0.031671 0.027353
8 0.101763 0.936485 0.032902 0.029836
9 0.036906 0.142483 0.030168 0.032217
9 0.037616 0.288498 0.031351 0.035922
9 0.037024 0.429915 0.030168 0.032342
9 0.038503 0.571943 0.028394 0.032359
9 0.038207 0.716932 0.031351 0.035922
9 0.037024 0.861332 0.028985 0.028761
