10 0.545541 0.968051 0.109411 0.031683
9 0.063759 0.062604 0.065156 0.035845
9 0.062530 0.232901 0.065152 0.035838
9 0.065604 0.405177 0.063929 0.039804
9 0.064375 0.579434 0.063925 0.031879
9 0.068678 0.750719 0.055319 0.033862
7 0.143518 0.155575 0.062181 0.027442
7 0.304932 0.483488 0.063032 0.030184
7 0.464215 0.853941 0.059624 0.030184
7 0.624350 0.776420 0.063032 0.031554
7 0.787042 0.486922 0.068142 0.031554
7 0.949310 0.084914 0.065589 0.028813
11 0.018644 0.483494 0.023359 0.342570
1 0.053678 0.491414 0.100805 0.889106
5 0.546647 0.481515 0.885133 0.849504
2 0.547876 0.032010 0.417979 0.041585
3 0.242874 0.089832 0.261850 0.043568
8 0.947209 0.935640 0.089130 0.034657
8 0.785857 0.933990 0.094244 0.037956
8 0.626043 0.933990 0.079905 0.034651
8 0.465612 0.933164 0.078883 0.031359
8 0.304364 0.934813 0.081957 0.042907
8 0.143934 0.930692 0.082983 0.036304
0 0.534968 0.947849 0.910946 0.087130
