8 0.553659 0.908057 0.042590 0.088309
8 0.710706 0.909847 0.043179 0.094276
8 0.789083 0.906864 0.042590 0.090696
8 0.870121 0.906864 0.046140 0.093083
8 0.948793 0.908057 0.044954 0.100243
10 0.517068 0.971881 0.071550 0.036092
0 0.516566 0.924887 0.951954 0.150226
7 0.553573 0.491210 0.029361 0.034842
11 0.013234 0.452028 0.017889 0.381510
7 0.477150 0.492081 0.031951 0.036584
7 0.397703 0.492952 0.030224 0.034842
7 0.319118 0.494695 0.030224 0.041810
1 0.019606 0.456326 0.039212 0.830040
7 0.396992 0.101120 0.026897 0.025090
7 0.319020 0.117921 0.026372 0.021691
7 0.318611 0.102180 0.027482 0.024485
7 0.238807 0.519087 0.030224 0.031363
7 0.241829 0.438071 0.034542 0.033100
7 0.240534 0.105300 0.030224 0.029615
7 0.476943 0.115679 0.027213 0.022817
7 0.555751 0.093510 0.024612 0.021646
7 0.555172 0.097885 0.025770 0.022229
7 0.634050 0.065560 0.029187 0.026742
7 0.634050 0.097653 0.026776 0.027715
7 0.712983 0.064830 0.028937 0.020419
7 0.713099 0.085252 0.027258 0.025288
7 0.790366 0.063006 0.027258 0.025820
7 0.791449 0.084157 0.027014 0.025328
7 0.870861 0.063009 0.029184 0.019005
7 0.161518 0.520829 0.027634 0.031363
7 0.160655 0.472045 0.029361 0.034847
7 0.162376 0.104429 0.032803 0.041810
7 0.083367 0.788266 0.023314 0.033105
7 0.081207 0.649754 0.025907 0.034847
7 0.081639 0.470303 0.031951 0.034847
7 0.871343 0.083430 0.029184 0.022902
5 0.515709 0.450656 0.953650 0.798077
7 0.949065 0.063249 0.027017 0.020469
7 0.948703 0.085130 0.027258 0.025328
7 0.948652 0.490339 0.033681 0.033100
7 0.870500 0.491210 0.032815 0.034842
7 0.790621 0.490339 0.031951 0.033100
9 0.028151 0.812407 0.014788 0.031148
9 0.027560 0.666807 0.014788 0.026374
9 0.027264 0.521810 0.014197 0.029955
9 0.029334 0.376210 0.012422 0.032342
2 0.515788 0.025840 0.454003 0.048117
7 0.712037 0.491210 0.033678 0.034842
9 0.028743 0.228230 0.013605 0.027568
9 0.027738 0.082217 0.014197 0.028643
3 0.086061 0.119327 0.082624 0.109989
7 0.632157 0.488597 0.032815 0.036584
7 0.399582 0.117723 0.028657 0.024564
7 0.476220 0.092924 0.027505 0.025147
8 0.081920 0.909251 0.044362 0.088309
8 0.160593 0.908057 0.044365 0.090696
8 0.240151 0.907460 0.044957 0.089502
8 0.317345 0.909847 0.043179 0.089502
8 0.396609 0.908654 0.044365 0.087115
8 0.474394 0.908654 0.044954 0.094276
8 0.632034 0.909847 0.044365 0.089502
