7 0.949880 0.076108 0.039725 0.033611
1 0.035286 0.485939 0.070572 0.865612
8 0.206111 0.934731 0.033716 0.033256
8 0.391848 0.933452 0.036083 0.038372
8 0.576402 0.934091 0.039632 0.031977
8 0.764210 0.933452 0.033125 0.035814
8 0.950539 0.934731 0.034308 0.038372
10 0.531388 0.968467 0.034070 0.036836
9 0.043977 0.818984 0.043770 0.035814
9 0.043830 0.656426 0.041466 0.034529
9 0.043830 0.494636 0.040283 0.033250
7 0.111796 0.843883 0.041452 0.035477
9 0.043534 0.331567 0.040875 0.029412
7 0.206356 0.761359 0.043179 0.037344
3 0.182666 0.091074 0.214650 0.046040
9 0.043238 0.167218 0.041466 0.030692
7 0.298757 0.683871 0.041449 0.035477
2 0.532240 0.029192 0.383303 0.055251
7 0.483126 0.428069 0.040586 0.035477
7 0.578981 0.341242 0.040589 0.041077
7 0.669223 0.267494 0.041452 0.039211
7 0.763783 0.611983 0.040586 0.041077
5 0.530027 0.480780 0.920954 0.846457
7 0.392015 0.571839 0.043187 0.035477
7 0.857478 0.313237 0.037996 0.033611
11 0.013075 0.484097 0.017886 0.434645
0 0.530945 0.952004 0.922383 0.095991
