8 0.826758 0.934813 0.042799 0.039602
8 0.969251 0.932341 0.048018 0.031353
9 0.051564 0.834982 0.046349 0.035643
9 0.052942 0.738840 0.040085 0.033862
7 0.345867 0.514832 0.036628 0.032319
7 0.319464 0.352580 0.034925 0.025588
7 0.290501 0.345171 0.033221 0.024235
7 0.261549 0.316224 0.034936 0.028274
7 0.233858 0.551860 0.034073 0.033660
7 0.205749 0.353926 0.035772 0.028280
7 0.178066 0.410477 0.034925 0.033660
7 0.149957 0.657558 0.036624 0.026928
7 0.120571 0.625245 0.037480 0.029621
9 0.052942 0.636860 0.040085 0.039804
9 0.051692 0.536860 0.045095 0.033856
9 0.052317 0.438840 0.041336 0.031879
9 0.050439 0.335872 0.042590 0.031879
9 0.051065 0.236860 0.041340 0.039804
9 0.051692 0.135869 0.040085 0.035838
11 0.020250 0.483494 0.026307 0.255447
1 0.041545 0.494385 0.078916 0.875245
2 0.531338 0.032007 0.299384 0.037625
0 0.531965 0.951812 0.916953 0.091089
10 0.528833 0.968641 0.043844 0.037625
7 0.631218 0.577442 0.034925 0.025581
7 0.658475 0.362677 0.038328 0.032319
7 0.685732 0.313531 0.036628 0.030967
7 0.713842 0.755181 0.038331 0.030973
7 0.741098 0.557919 0.036628 0.032313
7 0.770912 0.463666 0.040035 0.032313
7 0.799446 0.721518 0.035772 0.025581
7 0.827555 0.446160 0.035776 0.029627
7 0.602257 0.188978 0.036624 0.029621
3 0.889601 0.097356 0.166605 0.061383
8 0.122133 0.933164 0.045931 0.031359
7 0.856090 0.318917 0.036624 0.030967
7 0.885050 0.217928 0.036628 0.030973
7 0.911883 0.368063 0.034073 0.029627
7 0.939564 0.786824 0.034925 0.029621
7 0.574574 0.364024 0.037480 0.029627
7 0.544334 0.642748 0.036628 0.032313
7 0.516653 0.425961 0.035776 0.029621
7 0.488117 0.209177 0.033221 0.026934
7 0.460008 0.378161 0.034921 0.028280
7 0.432751 0.448853 0.033221 0.021548
7 0.404642 0.431349 0.036624 0.029627
7 0.373978 0.458953 0.034925 0.028274
5 0.530712 0.482503 0.901920 0.847528
8 0.263579 0.934816 0.048018 0.036304
8 0.405027 0.933164 0.042799 0.029706
8 0.545952 0.934816 0.046973 0.036304
8 0.685832 0.933987 0.049063 0.031353
