8 0.228036 0.909052 0.025853 0.037950
8 0.586697 0.906742 0.024728 0.028055
8 0.764843 0.907568 0.023603 0.029706
8 0.943553 0.917470 0.030348 0.042904
7 0.474187 0.405917 0.051702 0.037950
7 0.384268 0.740903 0.044962 0.034654
7 0.297162 0.534640 0.048327 0.037929
7 0.206065 0.087435 0.050691 0.031358
7 0.116764 0.819944 0.050582 0.031351
3 0.837788 0.106249 0.280543 0.053464
7 0.833856 0.362187 0.051706 0.033009
7 0.922088 0.494199 0.046082 0.036305
11 0.023139 0.470605 0.029671 0.378216
7 0.743377 0.429846 0.050577 0.036305
2 0.543761 0.035952 0.434299 0.047523
7 0.655145 0.493373 0.049452 0.034654
5 0.543761 0.468625 0.887483 0.805941
7 0.564104 0.528030 0.049457 0.031358
1 0.050114 0.481494 0.097112 0.835640
9 0.063601 0.842880 0.053951 0.037628
9 0.063870 0.700308 0.053947 0.041582
9 0.064545 0.553772 0.052598 0.033660
9 0.065219 0.405255 0.053947 0.037621
9 0.064545 0.265654 0.055296 0.035647
9 0.065219 0.116148 0.051249 0.037628
0 0.543153 0.933576 0.886268 0.118810
10 0.543761 0.964664 0.299428 0.047523
8 0.405176 0.906742 0.023603 0.037950
