8 0.469927 0.932261 0.021297 0.032662
8 0.279966 0.931304 0.024702 0.042277
10 0.517703 0.969541 0.103231 0.039192
8 0.088399 0.933418 0.020445 0.034584
0 0.518724 0.948782 0.947528 0.085300
7 0.185674 0.738195 0.042591 0.038433
7 0.086441 0.740116 0.034921 0.026903
9 0.030444 0.411545 0.020442 0.034584
9 0.031983 0.549896 0.019430 0.034602
3 0.931154 0.091040 0.112444 0.048421
9 0.031976 0.692849 0.019422 0.034584
9 0.031671 0.833501 0.018399 0.034590
1 0.023492 0.499165 0.044976 0.896946
7 0.758927 0.078167 0.034072 0.032662
7 0.662676 0.530676 0.032368 0.038427
11 0.012760 0.480716 0.017377 0.223660
7 0.566849 0.852524 0.036628 0.032662
7 0.473578 0.848681 0.039181 0.044192
7 0.373493 0.788155 0.036628 0.038427
7 0.278519 0.811212 0.034069 0.038433
5 0.517702 0.480716 0.945486 0.850832
2 0.518724 0.035704 0.307664 0.053035
7 0.948451 0.663259 0.033218 0.042271
7 0.853051 0.307785 0.034924 0.030747
9 0.030444 0.131392 0.022488 0.036897
9 0.031466 0.270890 0.020442 0.034584
8 0.854072 0.936108 0.017889 0.040355
8 0.664550 0.930343 0.022149 0.036512
