7 0.284937 0.296567 0.032902 0.040490
10 0.522646 0.968892 0.034073 0.037980
0 0.522271 0.953213 0.940782 0.093574
8 0.190147 0.934789 0.034958 0.033886
8 0.380320 0.934162 0.036735 0.032632
8 0.569311 0.934162 0.036141 0.035141
8 0.760668 0.932280 0.035549 0.033886
8 0.948445 0.933020 0.035489 0.032613
7 0.096680 0.076692 0.031174 0.033164
7 0.188650 0.200370 0.032039 0.038660
7 0.379064 0.365278 0.031177 0.038660
7 0.474055 0.267249 0.031174 0.040496
7 0.570342 0.302065 0.033767 0.044155
7 0.664902 0.332295 0.032902 0.034994
7 0.759892 0.846255 0.032902 0.036830
7 0.852293 0.528354 0.031174 0.042326
7 0.947501 0.529911 0.029360 0.032980
5 0.522475 0.480722 0.940375 0.847993
2 0.521794 0.028543 0.366271 0.057087
9 0.035434 0.056983 0.025434 0.035141
9 0.034665 0.229875 0.023066 0.035269
9 0.035257 0.399936 0.023072 0.034009
9 0.035257 0.571882 0.021883 0.034009
9 0.034961 0.741943 0.023663 0.040288
1 0.026187 0.490119 0.052374 0.919920
11 0.013617 0.480177 0.017889 0.390379
