9 0.042704 0.202262 0.042010 0.035260
3 0.933251 0.084613 0.108346 0.045368
8 0.111147 0.937339 0.019675 0.032653
8 0.278523 0.935619 0.020527 0.025775
8 0.446751 0.936479 0.026493 0.024055
8 0.614553 0.936479 0.024788 0.030933
8 0.782356 0.938199 0.035007 0.034372
8 0.949732 0.933900 0.037564 0.029214
10 0.529502 0.971366 0.081769 0.032992
0 0.530524 0.955781 0.924020 0.088439
11 0.014341 0.483651 0.018399 0.175288
1 0.036311 0.493959 0.066454 0.880566
7 0.111615 0.059350 0.049403 0.025781
7 0.279375 0.564420 0.042675 0.037811
7 0.446751 0.842820 0.043527 0.034372
7 0.614554 0.738849 0.046933 0.029214
2 0.530014 0.026872 0.221805 0.041244
5 0.530526 0.481589 0.921976 0.859943
7 0.783251 0.719946 0.046849 0.036092
7 0.949348 0.796420 0.046849 0.034367
9 0.046283 0.800305 0.034853 0.031143
9 0.046793 0.682757 0.033832 0.031137
9 0.047304 0.562118 0.034856 0.033207
9 0.043727 0.443541 0.039964 0.035260
9 0.042705 0.322902 0.039966 0.037330
9 0.043217 0.083682 0.045077 0.033201
