8 0.532955 0.893736 0.056787 0.116951
8 0.562530 0.894929 0.054418 0.114564
8 0.592107 0.894333 0.056784 0.118145
8 0.620795 0.896719 0.055013 0.118145
8 0.651259 0.896123 0.055604 0.116951
8 0.680834 0.896123 0.056784 0.114564
8 0.710411 0.897316 0.054418 0.119338
8 0.740578 0.896123 0.055604 0.119338
8 0.771041 0.894929 0.056196 0.114564
8 0.799729 0.894333 0.055601 0.115758
8 0.829010 0.895526 0.055010 0.115758
8 0.858881 0.895526 0.054421 0.115758
8 0.889345 0.897316 0.056196 0.119338
8 0.918033 0.896719 0.057967 0.118145
8 0.947019 0.894333 0.055601 0.115758
7 0.177063 0.612296 0.032815 0.033100
7 0.150293 0.473787 0.031088 0.034847
7 0.119205 0.442426 0.029361 0.038326
7 0.089844 0.683730 0.020726 0.029621
7 0.474947 0.560899 0.024264 0.031357
7 0.506036 0.322212 0.031175 0.034842
7 0.594121 0.610554 0.027715 0.033100
7 0.801804 0.198510 0.028581 0.027879
7 0.772874 0.489468 0.027721 0.034842
10 0.519197 0.971881 0.034923 0.036092
0 0.518464 0.912887 0.944463 0.174225
7 0.624343 0.776069 0.024267 0.029615
3 0.140575 0.083235 0.174617 0.041244
9 0.032588 0.238374 0.018929 0.033535
1 0.023440 0.451171 0.046880 0.836912
7 0.740491 0.419777 0.030311 0.031363
9 0.032883 0.327882 0.019521 0.033535
9 0.033475 0.414400 0.020704 0.032342
9 0.033771 0.498538 0.020112 0.038309
9 0.032588 0.586256 0.020112 0.041889
9 0.032883 0.669194 0.018338 0.035922
9 0.034836 0.754703 0.015380 0.036997
7 0.711130 0.472916 0.030311 0.033105
7 0.683496 0.413679 0.028584 0.033105
7 0.534101 0.550447 0.030311 0.031357
7 0.563894 0.746451 0.025994 0.029621
7 0.653703 0.763001 0.024267 0.031363
5 0.520307 0.437870 0.944472 0.769202
7 0.948609 0.376222 0.030311 0.031357
7 0.919249 0.339635 0.033765 0.034847
2 0.519195 0.027559 0.348382 0.048117
9 0.032588 0.068911 0.018929 0.035922
9 0.033771 0.155430 0.018929 0.034729
7 0.889456 0.249036 0.031175 0.034847
7 0.858797 0.074811 0.033765 0.034847
7 0.829870 0.128821 0.025991 0.031363
11 0.013190 0.436394 0.018823 0.319644
7 0.445156 0.553060 0.028584 0.036584
7 0.415793 0.320469 0.028581 0.031357
7 0.385568 0.371867 0.030311 0.033100
7 0.356639 0.309143 0.029448 0.036589
7 0.327710 0.183702 0.032038 0.029621
7 0.297917 0.247294 0.029448 0.034847
7 0.268988 0.481626 0.028584 0.040074
7 0.238375 0.512118 0.027634 0.034847
7 0.209878 0.577452 0.029361 0.033105
8 0.089256 0.894929 0.056784 0.116951
8 0.117707 0.895526 0.057970 0.118145
8 0.146100 0.896123 0.057970 0.119338
8 0.175677 0.899106 0.056787 0.120532
8 0.206731 0.896123 0.059742 0.121725
8 0.237495 0.897327 0.058567 0.119316
8 0.264700 0.897316 0.057379 0.121725
8 0.295460 0.895526 0.058562 0.122919
8 0.325922 0.897316 0.057967 0.119338
8 0.353724 0.897913 0.056784 0.120532
8 0.384187 0.896123 0.057379 0.119338
8 0.415538 0.894333 0.058562 0.118145
8 0.444522 0.896123 0.057376 0.119338
8 0.474099 0.893736 0.055010 0.119338
8 0.502787 0.893736 0.056787 0.119338
