9 0.040573 0.488990 0.037267 0.031148
9 0.041461 0.376210 0.035492 0.029955
8 0.508998 0.908057 0.041999 0.085922
8 0.913302 0.909847 0.043773 0.087115
8 0.950272 0.910444 0.046728 0.090696
5 0.529502 0.445498 0.928110 0.804265
7 0.913635 0.703764 0.044993 0.034847
7 0.949602 0.771191 0.048360 0.031363
2 0.528565 0.025840 0.304087 0.044678
8 0.362300 0.910444 0.041999 0.090696
8 0.398971 0.909251 0.043190 0.093083
8 0.436832 0.909251 0.044362 0.093083
1 0.032809 0.464061 0.065618 0.842070
3 0.911441 0.083235 0.150777 0.041244
9 0.041047 0.153821 0.038450 0.033411
8 0.545969 0.909251 0.041407 0.088309
8 0.582051 0.908057 0.040221 0.085922
8 0.618133 0.908654 0.042590 0.089502
8 0.655991 0.907460 0.043773 0.087115
8 0.690299 0.908057 0.040221 0.090696
8 0.728747 0.908057 0.044957 0.090696
8 0.765422 0.908057 0.040224 0.088309
8 0.802983 0.909251 0.046728 0.088309
8 0.107356 0.910444 0.044362 0.085922
8 0.141960 0.911041 0.043773 0.087115
8 0.179226 0.910444 0.040224 0.088309
8 0.215308 0.909251 0.043771 0.088309
8 0.253461 0.908654 0.043182 0.087115
8 0.289249 0.908057 0.042590 0.085922
9 0.041461 0.600574 0.040224 0.034723
9 0.040869 0.710368 0.037858 0.029955
9 0.040573 0.820164 0.038450 0.032342
7 0.181337 0.789137 0.043263 0.031363
7 0.218902 0.778682 0.044130 0.034842
7 0.254582 0.728535 0.045475 0.032364
7 0.290813 0.648380 0.044979 0.035390
7 0.328294 0.599480 0.044976 0.032364
7 0.364026 0.682650 0.043476 0.025288
7 0.400507 0.660981 0.041480 0.028331
7 0.437488 0.690223 0.043476 0.028331
7 0.474216 0.712404 0.040970 0.026312
7 0.509701 0.723999 0.041976 0.033371
7 0.547485 0.722930 0.043263 0.034842
7 0.585050 0.695054 0.045856 0.031363
7 0.108367 0.064358 0.044130 0.027879
7 0.145500 0.663693 0.045854 0.031357
9 0.042052 0.262839 0.037858 0.037115
8 0.324739 0.909251 0.039038 0.088309
7 0.620025 0.715090 0.043263 0.029615
7 0.658886 0.653241 0.046720 0.034842
7 0.692996 0.710732 0.040676 0.041816
7 0.729265 0.702022 0.042400 0.038331
8 0.838771 0.909251 0.041405 0.088309
8 0.875149 0.906864 0.044365 0.088309
0 0.529441 0.924890 0.926187 0.150221
10 0.529289 0.971708 0.071637 0.039525
7 0.767261 0.686343 0.044127 0.041816
11 0.012808 0.449454 0.018741 0.280119
7 0.802668 0.735998 0.044130 0.033105
7 0.841096 0.742096 0.043263 0.027879
7 0.876501 0.618394 0.043263 0.031357
8 0.472324 0.909251 0.041996 0.088309
