7 0.129909 0.474180 0.028111 0.034321
7 0.659295 0.428705 0.022145 0.029174
7 0.623094 0.471606 0.021297 0.032602
11 0.014832 0.467489 0.016356 0.364502
7 0.586894 0.471606 0.023849 0.032602
7 0.553679 0.450164 0.023860 0.030871
7 0.517042 0.451012 0.020435 0.032602
7 0.483410 0.472458 0.023018 0.030877
7 0.447200 0.451869 0.025556 0.030888
1 0.027915 0.476753 0.048043 0.850498
7 0.412701 0.476753 0.022998 0.036041
7 0.376501 0.473320 0.027257 0.029174
7 0.341154 0.451869 0.024700 0.030888
3 0.121134 0.104021 0.130837 0.078269
2 0.517216 0.025764 0.213630 0.041188
0 0.520794 0.933923 0.942420 0.115322
10 0.517421 0.968314 0.029643 0.032952
8 0.092089 0.923459 0.031516 0.066929
8 0.267473 0.924658 0.031516 0.070356
8 0.445070 0.921227 0.030663 0.063495
8 0.621816 0.923798 0.031516 0.061782
5 0.518234 0.464398 0.933212 0.823727
9 0.033537 0.243948 0.024531 0.043450
9 0.033537 0.132743 0.024531 0.039333
7 0.306225 0.473323 0.023007 0.039474
7 0.272157 0.473323 0.024702 0.042902
7 0.233401 0.450156 0.022148 0.041182
7 0.197625 0.474180 0.022145 0.041188
7 0.162702 0.495631 0.018739 0.032607
7 0.091152 0.493057 0.023849 0.037755
8 0.799840 0.925515 0.028108 0.065215
8 0.974883 0.924658 0.027257 0.063501
7 0.695070 0.428705 0.022145 0.036041
7 0.729568 0.429562 0.022998 0.034327
7 0.765768 0.384943 0.023849 0.041188
7 0.800267 0.451869 0.022998 0.037755
7 0.835615 0.384087 0.023852 0.032607
7 0.871391 0.384087 0.023849 0.032607
9 0.033537 0.355153 0.024531 0.039333
9 0.035070 0.465322 0.023509 0.033156
9 0.035070 0.573447 0.021465 0.035232
9 0.034559 0.686702 0.024531 0.035215
9 0.033741 0.795950 0.023512 0.032952
7 0.905462 0.383227 0.022148 0.034327
7 0.941663 0.450156 0.024702 0.030888
