5 0.542171 0.481515 0.896235 0.849504
2 0.541548 0.028048 0.517134 0.045545
1 0.049927 0.487454 0.090741 0.881187
11 0.018849 0.483494 0.021133 0.223758
8 0.948025 0.934813 0.041437 0.039602
8 0.785912 0.933164 0.052831 0.032999
8 0.624835 0.935640 0.053865 0.041255
8 0.461685 0.932341 0.052828 0.031353
8 0.298534 0.935640 0.053865 0.037950
8 0.137249 0.935640 0.056973 0.039602
10 0.540922 0.969633 0.090726 0.035643
0 0.539065 0.948840 0.904937 0.089113
9 0.058254 0.771515 0.058421 0.035845
9 0.059499 0.594287 0.058421 0.033862
9 0.060741 0.422010 0.055935 0.033862
9 0.058256 0.243791 0.055935 0.033862
9 0.058006 0.065673 0.059670 0.037625
7 0.784956 0.646490 0.057902 0.027118
7 0.947230 0.360869 0.060476 0.031212
7 0.620995 0.595615 0.057073 0.025783
7 0.460432 0.432133 0.057922 0.024474
7 0.298594 0.082702 0.061329 0.031206
7 0.136318 0.854244 0.056201 0.025783
3 0.850446 0.091414 0.262282 0.045545
