5 0.530521 0.444480 0.921968 0.785679
7 0.111189 0.667531 0.050255 0.034372
7 0.279418 0.659799 0.045997 0.032653
7 0.447220 0.655501 0.045997 0.034372
7 0.614170 0.611680 0.044292 0.032647
7 0.782398 0.475059 0.045144 0.027494
7 0.950195 0.657229 0.043429 0.027511
9 0.043727 0.295062 0.039964 0.035260
9 0.044239 0.388891 0.040987 0.033201
9 0.043727 0.478597 0.039964 0.039389
8 0.948497 0.901250 0.045147 0.097952
8 0.780694 0.904686 0.045144 0.101397
8 0.613744 0.905543 0.048553 0.103111
9 0.045771 0.570368 0.035876 0.033201
11 0.013318 0.449624 0.016353 0.173230
7 0.950202 0.055744 0.051960 0.030933
7 0.109059 0.767206 0.049406 0.027500
7 0.278565 0.768925 0.051107 0.024061
7 0.445942 0.769782 0.043440 0.036092
7 0.615449 0.769782 0.046849 0.029214
7 0.782398 0.735413 0.046849 0.032647
7 0.951053 0.619415 0.041735 0.030933
9 0.047304 0.662135 0.032809 0.027019
1 0.036318 0.460967 0.066440 0.818699
10 0.530116 0.970953 0.127768 0.032992
9 0.046538 0.753804 0.033731 0.030933
0 0.530524 0.917740 0.924020 0.156714
8 0.445942 0.903829 0.046849 0.103111
8 0.277714 0.905546 0.049406 0.106544
3 0.140984 0.118227 0.128792 0.111363
2 0.531957 0.029553 0.364906 0.041244
8 0.110763 0.905718 0.049403 0.106550
9 0.042705 0.110492 0.039966 0.033201
9 0.043216 0.204324 0.040987 0.031137
