9 0.039158 0.769075 0.019422 0.035209
8 0.271731 0.924658 0.029812 0.063501
8 0.094559 0.923801 0.029815 0.068643
10 0.519976 0.970376 0.028622 0.028829
7 0.799841 0.810537 0.027257 0.034321
0 0.521304 0.935981 0.935264 0.119440
9 0.039669 0.605359 0.018400 0.033150
9 0.039158 0.439581 0.021465 0.031097
9 0.036603 0.272777 0.024531 0.035215
9 0.035581 0.109061 0.026575 0.037274
11 0.014832 0.465427 0.018400 0.483942
5 0.519771 0.464398 0.930154 0.823727
7 0.836892 0.524808 0.031516 0.029174
7 0.870538 0.531669 0.027257 0.029174
7 0.907591 0.424415 0.029815 0.037755
7 0.942089 0.638928 0.034071 0.037755
2 0.519721 0.028235 0.339453 0.045305
7 0.485104 0.373790 0.034924 0.029174
7 0.519601 0.312865 0.030663 0.037755
7 0.554526 0.313725 0.034071 0.036035
7 0.591578 0.263956 0.033217 0.036035
7 0.627778 0.177296 0.039183 0.034321
7 0.663085 0.194454 0.040118 0.030888
7 0.695921 0.108648 0.037479 0.034321
7 0.730376 0.124952 0.038417 0.032607
7 0.767047 0.076903 0.034924 0.025741
7 0.097539 0.823408 0.029812 0.039474
7 0.133314 0.751332 0.033220 0.032607
7 0.168665 0.726445 0.032367 0.037755
7 0.201884 0.679253 0.028961 0.036041
7 0.236383 0.647508 0.029812 0.037755
7 0.270879 0.659522 0.028961 0.037755
7 0.306654 0.620908 0.028961 0.039474
7 0.343707 0.550549 0.026404 0.039468
7 0.380759 0.512794 0.032367 0.039468
7 0.413127 0.456162 0.030663 0.039474
7 0.450181 0.436428 0.029812 0.037755
8 0.975309 0.923801 0.028108 0.068643
8 0.799413 0.922944 0.028961 0.066929
8 0.623094 0.923801 0.030663 0.068643
8 0.448904 0.921227 0.029812 0.063495
1 0.028119 0.474695 0.053150 0.848439
