7 0.119281 0.820653 0.056218 0.029214
5 0.534613 0.463029 0.913802 0.822822
7 0.582653 0.350467 0.063883 0.037811
7 0.673370 0.290317 0.061329 0.037805
7 0.765363 0.219002 0.059624 0.032653
7 0.857356 0.137370 0.061329 0.027500
7 0.950627 0.075503 0.060479 0.034367
2 0.534103 0.028934 0.387393 0.045368
8 0.576692 0.922732 0.032369 0.061867
8 0.207440 0.924621 0.033221 0.065305
11 0.014851 0.467155 0.017379 0.426878
9 0.050115 0.782673 0.040886 0.030933
9 0.047304 0.616768 0.049165 0.035266
9 0.047306 0.453852 0.047121 0.035260
9 0.047816 0.285783 0.046100 0.037325
9 0.047304 0.121835 0.051211 0.035266
8 0.765363 0.922732 0.031517 0.058428
8 0.948071 0.921012 0.030664 0.061867
0 0.534101 0.935277 0.916866 0.117545
10 0.534101 0.969304 0.027597 0.028869
8 0.392279 0.924449 0.031517 0.065300
7 0.302415 0.604808 0.055366 0.041244
1 0.039895 0.471278 0.073594 0.839321
7 0.396112 0.492243 0.058772 0.046397
7 0.488957 0.374525 0.060477 0.034367
7 0.210848 0.714791 0.049406 0.044683
