7 0.526862 0.503413 0.043440 0.036092
8 0.737255 0.935614 0.013631 0.030922
8 0.527288 0.938199 0.016184 0.029214
8 0.315618 0.939055 0.020443 0.037805
8 0.104800 0.938199 0.019591 0.036092
7 0.105653 0.418346 0.045997 0.034372
7 0.318174 0.841100 0.048553 0.030933
1 0.031190 0.491900 0.062380 0.880566
7 0.740192 0.065195 0.044376 0.032653
7 0.950583 0.356479 0.042675 0.030933
2 0.526333 0.028521 0.210563 0.039180
9 0.038616 0.886917 0.033835 0.031143
9 0.039640 0.774528 0.031789 0.029078
9 0.038106 0.664200 0.034856 0.035266
9 0.039638 0.546652 0.033832 0.031143
9 0.038616 0.436324 0.033835 0.029072
9 0.039640 0.322902 0.031789 0.024955
9 0.040660 0.209480 0.031789 0.029072
9 0.040405 0.098018 0.035775 0.030933
10 0.526536 0.970953 0.073588 0.032992
5 0.526947 0.482619 0.929134 0.857885
0 0.520303 0.954870 0.944463 0.082489
3 0.933148 0.083170 0.108349 0.045368
11 0.013827 0.481589 0.017370 0.171165
8 0.949350 0.933900 0.011926 0.030933
