0 0.532040 0.950820 0.921107 0.093072
7 0.521766 0.447558 0.034935 0.031297
7 0.492375 0.229186 0.032368 0.032656
7 0.465119 0.387693 0.039180 0.034015
7 0.438285 0.459122 0.034923 0.027215
7 0.410178 0.435312 0.036625 0.031297
7 0.381644 0.467965 0.037479 0.031291
7 0.352255 0.527151 0.034923 0.029933
7 0.326703 0.344155 0.034923 0.028568
7 0.298167 0.326466 0.034073 0.028574
7 0.269207 0.331909 0.035778 0.025851
7 0.241950 0.532592 0.035778 0.029933
7 0.213416 0.343473 0.034923 0.032650
7 0.185307 0.389734 0.033218 0.027215
7 0.158433 0.638039 0.035862 0.028574
7 0.129939 0.612870 0.038330 0.027209
2 0.534519 0.029039 0.239261 0.039608
5 0.535138 0.479532 0.892590 0.849504
7 0.771762 0.456401 0.034069 0.032656
7 0.827981 0.482252 0.032368 0.027209
7 0.801149 0.761860 0.036628 0.023109
7 0.858646 0.314223 0.040885 0.025851
7 0.883347 0.238712 0.035774 0.029933
7 0.912734 0.435991 0.036625 0.027209
7 0.939140 0.784979 0.034923 0.031291
3 0.915111 0.099336 0.120253 0.057424
9 0.055990 0.864682 0.048349 0.043562
9 0.057602 0.768543 0.050828 0.037821
9 0.055743 0.670523 0.052069 0.035845
9 0.056364 0.575474 0.045870 0.035845
9 0.056364 0.477457 0.050828 0.033862
9 0.057602 0.384388 0.050828 0.037821
9 0.055125 0.287353 0.053307 0.033862
9 0.053885 0.189336 0.050828 0.039798
9 0.054504 0.092313 0.052065 0.031897
7 0.549446 0.659128 0.035774 0.029933
10 0.534519 0.966662 0.043391 0.033666
8 0.132751 0.933987 0.050621 0.033005
8 0.270151 0.933990 0.044425 0.037956
8 0.410136 0.934813 0.043391 0.039602
8 0.549603 0.935640 0.047521 0.037950
8 0.686487 0.931515 0.046490 0.033005
8 0.829571 0.932341 0.045456 0.031353
8 0.968006 0.932341 0.043391 0.031353
11 0.016941 0.482506 0.019835 0.178219
1 0.046693 0.491414 0.086782 0.873268
7 0.744506 0.525789 0.034069 0.027209
7 0.718100 0.765930 0.039180 0.025851
7 0.688713 0.288372 0.036628 0.028568
7 0.631644 0.589737 0.033218 0.027209
7 0.661031 0.363883 0.037479 0.029933
7 0.604818 0.204018 0.035766 0.028574
7 0.577128 0.345514 0.034923 0.028568
