7 0.714152 0.730772 0.031175 0.040074
1 0.023440 0.489839 0.046880 0.897064
0 0.519689 0.956193 0.944463 0.087613
7 0.401976 0.742967 0.033765 0.029621
7 0.481856 0.493824 0.032902 0.033100
7 0.558281 0.800461 0.030311 0.033105
8 0.794968 0.938487 0.054477 0.032223
8 0.714522 0.937890 0.068674 0.033416
8 0.637920 0.940874 0.046790 0.032223
8 0.558657 0.940277 0.026678 0.033416
8 0.480575 0.939084 0.031410 0.028643
8 0.402199 0.940277 0.027269 0.033416
8 0.324414 0.939680 0.033773 0.032223
7 0.323392 0.077412 0.032038 0.036612
8 0.949355 0.939084 0.065125 0.033416
10 0.519197 0.968445 0.045144 0.036086
2 0.519195 0.026700 0.205282 0.053275
7 0.636433 0.782166 0.031172 0.034842
8 0.871274 0.937890 0.063944 0.028643
9 0.031878 0.232585 0.018929 0.035803
9 0.032588 0.414997 0.020112 0.043083
8 0.246925 0.937294 0.039692 0.032223
8 0.168549 0.940277 0.055663 0.035803
8 0.090468 0.940874 0.048562 0.034610
9 0.032292 0.771233 0.019521 0.037115
11 0.013660 0.488976 0.017037 0.286991
9 0.032292 0.594013 0.019521 0.035922
7 0.872184 0.534765 0.032902 0.034847
3 0.926350 0.084095 0.120953 0.039525
5 0.520303 0.483651 0.944463 0.859949
7 0.088506 0.486855 0.035492 0.036584
7 0.793600 0.858826 0.031175 0.031363
7 0.168377 0.686343 0.032913 0.034847
7 0.948304 0.619615 0.030221 0.031357
7 0.246535 0.516473 0.030311 0.033105
