7 0.578616 0.539120 0.025907 0.033105
7 0.245391 0.615458 0.023426 0.027421
11 0.013660 0.451171 0.015332 0.170136
8 0.725493 0.908654 0.043182 0.091889
7 0.283133 0.690436 0.021399 0.029174
7 0.393174 0.717712 0.016888 0.024757
1 0.027272 0.458046 0.054544 0.819734
7 0.542780 0.460721 0.025043 0.029621
7 0.505648 0.540863 0.026770 0.036589
8 0.689411 0.908057 0.043179 0.088309
8 0.132791 0.911041 0.041999 0.089502
8 0.097004 0.910444 0.044954 0.090696
8 0.651850 0.906864 0.042590 0.088309
8 0.614584 0.906864 0.043773 0.090696
7 0.431281 0.681915 0.014460 0.023908
7 0.469766 0.715090 0.022537 0.036584
7 0.506468 0.643657 0.025130 0.043558
7 0.541441 0.308272 0.027721 0.034847
7 0.579438 0.066971 0.027718 0.029621
7 0.617003 0.307401 0.026857 0.033105
7 0.652840 0.244680 0.029448 0.036589
7 0.689972 0.185444 0.027721 0.040074
7 0.726675 0.410195 0.026857 0.036589
7 0.765534 0.416292 0.026857 0.031363
7 0.802668 0.369251 0.028581 0.045300
7 0.837211 0.591389 0.026857 0.043558
7 0.875206 0.674149 0.021676 0.038331
8 0.577318 0.908057 0.040221 0.088309
8 0.541236 0.908057 0.044957 0.093083
8 0.503378 0.907460 0.043773 0.091889
8 0.466705 0.908057 0.043771 0.093083
2 0.523029 0.025840 0.362862 0.048117
8 0.428552 0.907460 0.044365 0.096663
7 0.912340 0.718575 0.021674 0.036584
7 0.949040 0.725543 0.020810 0.036584
8 0.392168 0.908057 0.041399 0.095469
7 0.467683 0.611162 0.021791 0.026578
7 0.429997 0.664412 0.015593 0.025011
7 0.393609 0.589494 0.022560 0.030345
5 0.524392 0.452718 0.938332 0.798083
7 0.320151 0.662721 0.018509 0.028586
7 0.355723 0.672639 0.017351 0.028592
8 0.354315 0.908654 0.043773 0.099050
8 0.316754 0.909847 0.044362 0.096663
9 0.035250 0.124997 0.028985 0.035922
9 0.035545 0.297449 0.026027 0.034729
9 0.036137 0.468702 0.027211 0.033535
9 0.036728 0.638165 0.026027 0.033535
9 0.043413 0.813778 0.015971 0.028643
3 0.914425 0.101281 0.144802 0.073897
8 0.279488 0.911041 0.040816 0.096663
8 0.243996 0.908057 0.040816 0.095469
8 0.207027 0.909847 0.041405 0.091889
8 0.169466 0.909251 0.041999 0.093083
8 0.947019 0.906864 0.042588 0.090696
8 0.911232 0.906864 0.040816 0.085922
7 0.356521 0.747291 0.017494 0.027998
7 0.319467 0.779502 0.011668 0.025973
7 0.282412 0.780922 0.013073 0.027998
7 0.245458 0.780925 0.012672 0.029621
7 0.208304 0.784570 0.013075 0.027183
7 0.171674 0.789217 0.013883 0.025673
7 0.135914 0.789044 0.013908 0.028009
7 0.097739 0.786126 0.014491 0.028009
7 0.097464 0.771538 0.014458 0.021007
10 0.525585 0.970156 0.071550 0.042947
0 0.523308 0.923651 0.938452 0.152698
8 0.873374 0.907460 0.044365 0.089502
8 0.835221 0.908057 0.044954 0.088309
8 0.799138 0.908057 0.043771 0.090696
8 0.761281 0.908654 0.046140 0.091889
7 0.949100 0.785181 0.014230 0.028009
7 0.911793 0.787633 0.013880 0.031510
7 0.876047 0.787282 0.015268 0.035006
7 0.837700 0.786932 0.012147 0.030107
7 0.801085 0.786233 0.013188 0.032907
7 0.764299 0.786932 0.011800 0.028705
7 0.727860 0.788331 0.012495 0.027308
7 0.689511 0.786233 0.012147 0.025905
7 0.651683 0.748071 0.017698 0.026606
7 0.614619 0.685826 0.018394 0.030803
7 0.134193 0.772998 0.012725 0.021584
7 0.172802 0.769497 0.013594 0.022760
7 0.208084 0.615167 0.018797 0.028003
