7 0.666663 0.844275 0.036270 0.035257
7 0.761656 0.821200 0.036270 0.033415
7 0.854920 0.463069 0.044904 0.033409
7 0.948614 0.456606 0.038861 0.035257
9 0.038812 0.547797 0.030169 0.032876
9 0.038812 0.400483 0.030169 0.031616
10 0.526556 0.969024 0.034074 0.040055
0 0.526015 0.952099 0.932190 0.095802
11 0.014034 0.481759 0.018740 0.571756
9 0.039405 0.253800 0.030169 0.036671
1 0.029888 0.477390 0.059777 0.917717
7 0.102329 0.075404 0.037134 0.033415
2 0.525278 0.027635 0.469336 0.050985
9 0.039108 0.107124 0.030762 0.036671
7 0.196023 0.148320 0.037996 0.035257
9 0.038813 0.691316 0.031351 0.034137
5 0.525704 0.480300 0.933218 0.852166
9 0.038457 0.839009 0.031944 0.036671
3 0.865398 0.090272 0.241056 0.041879
7 0.290584 0.482451 0.037131 0.038953
7 0.384712 0.246160 0.038861 0.035257
7 0.478408 0.374461 0.037996 0.040796
7 0.572104 0.150168 0.037131 0.038953
8 0.949664 0.933592 0.034958 0.035410
8 0.761265 0.931695 0.033186 0.031616
8 0.573162 0.933592 0.035548 0.030343
8 0.385059 0.934226 0.033186 0.034143
8 0.196985 0.934477 0.036673 0.035404
