11 0.012762 0.486183 0.013288 0.230434
8 0.374601 0.936688 0.097103 0.046086
7 0.376049 0.177401 0.036628 0.036489
7 0.661824 0.099627 0.039183 0.034569
7 0.948451 0.082346 0.034921 0.030722
1 0.024004 0.486183 0.045996 0.861835
8 0.087463 0.938798 0.046848 0.051847
2 0.518212 0.028780 0.247358 0.039199
10 0.520256 0.971251 0.091994 0.039174
3 0.106799 0.093291 0.109371 0.043780
0 0.518724 0.949361 0.947528 0.092177
9 0.030648 0.077159 0.024531 0.039174
9 0.030444 0.193875 0.020442 0.034795
9 0.031976 0.313703 0.019422 0.039407
9 0.030955 0.434682 0.015334 0.032495
5 0.518724 0.478116 0.947528 0.845700
7 0.090274 0.847584 0.039181 0.036489
9 0.031978 0.553370 0.019419 0.039437
9 0.031976 0.675489 0.019422 0.034795
9 0.030955 0.796465 0.019419 0.037101
8 0.659438 0.936878 0.069848 0.036483
8 0.946495 0.937838 0.047705 0.038404
