9 0.064509 0.339832 0.064119 0.035845
7 0.951033 0.080603 0.068144 0.032895
7 0.144816 0.853547 0.057071 0.024670
5 0.547147 0.479930 0.887372 0.847521
3 0.243891 0.092405 0.262153 0.047528
11 0.018049 0.482503 0.022153 0.344553
8 0.144099 0.933164 0.037950 0.037956
9 0.064509 0.512108 0.061662 0.035845
9 0.063893 0.684385 0.065352 0.031879
9 0.063893 0.857653 0.065352 0.033862
8 0.946649 0.932338 0.034873 0.034651
10 0.544196 0.969633 0.215382 0.035643
9 0.063581 0.166665 0.066447 0.037625
0 0.533739 0.949832 0.910765 0.087130
1 0.054355 0.487454 0.099688 0.865349
2 0.546657 0.032999 0.542762 0.043562
