7 0.948073 0.059177 0.045997 0.030933
11 0.012806 0.447562 0.017376 0.173224
9 0.039383 0.748645 0.033731 0.028874
9 0.039638 0.629140 0.033832 0.035260
9 0.039638 0.508501 0.033832 0.029072
9 0.038616 0.390953 0.033835 0.029078
9 0.039638 0.273411 0.033832 0.033201
9 0.039640 0.153798 0.031789 0.037325
8 0.666981 0.908122 0.050255 0.106550
8 0.525583 0.903829 0.046849 0.104830
3 0.121154 0.085645 0.107325 0.047432
5 0.527969 0.444468 0.931177 0.785701
8 0.385039 0.902969 0.048553 0.103111
8 0.948071 0.906406 0.046846 0.096239
2 0.527969 0.028931 0.274957 0.041244
8 0.244494 0.905546 0.050255 0.101397
8 0.102246 0.904859 0.049403 0.104830
10 0.525924 0.972395 0.129812 0.039180
0 0.523370 0.917749 0.938329 0.156731
7 0.103949 0.507709 0.044292 0.034367
7 0.243642 0.618555 0.044295 0.032653
7 0.385464 0.714791 0.041738 0.032647
7 0.528140 0.773221 0.047701 0.032653
7 0.668685 0.522316 0.051107 0.036092
8 0.807952 0.904686 0.047701 0.099678
1 0.032227 0.458903 0.060306 0.810452
7 0.808804 0.601369 0.045144 0.039525
