7 0.387168 0.495682 0.046846 0.034372
8 0.196794 0.884064 0.047701 0.104825
8 0.290064 0.884064 0.048551 0.101397
8 0.385464 0.882344 0.050255 0.108264
8 0.479162 0.883207 0.050255 0.103111
8 0.573284 0.884064 0.051105 0.104825
8 0.667407 0.883207 0.048551 0.103111
8 0.758548 0.886643 0.048551 0.109983
8 0.856078 0.888360 0.057920 0.120294
8 0.951053 0.893515 0.060479 0.120300
7 0.950158 0.056601 0.045228 0.029219
7 0.854375 0.506852 0.042588 0.032653
7 0.764511 0.587622 0.046846 0.029214
7 0.668684 0.597073 0.044292 0.034372
7 0.573284 0.638317 0.044292 0.034372
7 0.479588 0.748300 0.047698 0.034372
9 0.039128 0.746686 0.032812 0.031143
9 0.039638 0.662135 0.033832 0.031137
9 0.039128 0.573462 0.032812 0.031143
9 0.039128 0.487879 0.032812 0.024955
9 0.039128 0.401267 0.032812 0.024955
7 0.105226 0.716683 0.048551 0.030933
9 0.039128 0.315684 0.032812 0.031143
9 0.040150 0.229072 0.034856 0.027014
9 0.039128 0.141428 0.032812 0.029078
7 0.198923 0.542079 0.048551 0.034372
1 0.032227 0.446533 0.060306 0.810452
8 0.104800 0.881657 0.051107 0.103111
3 0.121665 0.083580 0.108349 0.043303
2 0.524902 0.028931 0.234071 0.041244
5 0.527356 0.434777 0.930154 0.765085
9 0.040405 0.055741 0.035775 0.028869
7 0.292620 0.477636 0.045144 0.036086
10 0.526437 0.973428 0.126745 0.032998
0 0.525925 0.907438 0.933218 0.177319
11 0.012810 0.438281 0.017384 0.179412
