8 0.202880 0.933225 0.022146 0.038433
5 0.518212 0.480731 0.944466 0.846248
8 0.318298 0.933225 0.021294 0.030747
8 0.433715 0.937069 0.022146 0.038433
8 0.777412 0.933225 0.021297 0.038433
11 0.013272 0.484174 0.016354 0.230575
9 0.031670 0.780468 0.022488 0.039198
7 0.318979 0.852524 0.040035 0.040349
8 0.891976 0.933225 0.022146 0.042277
1 0.024311 0.488788 0.044976 0.871579
2 0.519234 0.029930 0.298467 0.041487
7 0.146492 0.787194 0.037477 0.036506
7 0.088570 0.616181 0.037477 0.036512
7 0.433970 0.746842 0.033220 0.032668
7 0.951432 0.081050 0.037477 0.030741
3 0.105776 0.090581 0.110391 0.043807
9 0.030960 0.592546 0.021476 0.036891
9 0.031466 0.404627 0.020442 0.034590
9 0.030955 0.215554 0.021465 0.034584
8 0.547429 0.933225 0.024702 0.034590
8 0.661569 0.933225 0.022998 0.034590
0 0.519235 0.951095 0.950597 0.094541
10 0.518928 0.971386 0.110391 0.041499
8 0.088401 0.934379 0.027257 0.032662
