0 0.518212 0.951095 0.948551 0.089927
11 0.012249 0.485330 0.016354 0.223660
1 0.023501 0.489939 0.047002 0.864663
9 0.029932 0.132543 0.021465 0.039198
3 0.932181 0.093348 0.112436 0.048421
5 0.519745 0.480257 0.946506 0.846218
9 0.031670 0.771245 0.022488 0.039198
9 0.031976 0.610991 0.019422 0.036891
9 0.031978 0.448446 0.019419 0.039217
7 0.088570 0.392329 0.034069 0.038427
9 0.030444 0.290490 0.024533 0.036891
2 0.519745 0.031092 0.219761 0.043813
8 0.951603 0.933225 0.061329 0.038433
8 0.735674 0.933225 0.062179 0.038433
7 0.303222 0.730511 0.037480 0.034584
7 0.521705 0.574868 0.040035 0.034584
7 0.734651 0.079128 0.034924 0.038427
7 0.950155 0.850603 0.036625 0.036506
8 0.518467 0.932264 0.060477 0.032668
8 0.304242 0.932264 0.028961 0.036512
8 0.087462 0.933225 0.029813 0.038433
10 0.518724 0.969538 0.070529 0.039198
