7 0.184764 0.768804 0.038947 0.046946
7 0.278029 0.786334 0.042401 0.039155
7 0.375179 0.806790 0.039810 0.037203
7 0.470602 0.829192 0.037222 0.043048
7 0.566457 0.827243 0.040673 0.035257
7 0.663608 0.821398 0.039810 0.035257
7 0.757736 0.842827 0.038082 0.035263
7 0.853589 0.834064 0.039810 0.037209
7 0.950308 0.822375 0.041538 0.037209
7 0.089341 0.111343 0.039810 0.033311
11 0.013017 0.478026 0.017889 0.538011
1 0.022906 0.490514 0.045811 0.885802
7 0.185190 0.122059 0.038095 0.035257
7 0.280620 0.135695 0.038945 0.035257
7 0.375610 0.151279 0.045855 0.035263
7 0.471465 0.175643 0.045855 0.041126
7 0.566890 0.173681 0.041538 0.037203
7 0.661880 0.172708 0.044992 0.035257
7 0.758599 0.199982 0.044989 0.039155
7 0.853591 0.192185 0.041538 0.039155
7 0.949920 0.185076 0.041451 0.042858
8 0.376161 0.934887 0.032534 0.034694
9 0.031720 0.173433 0.018931 0.036157
9 0.031424 0.339562 0.018340 0.037497
9 0.031424 0.503020 0.018340 0.033494
9 0.031424 0.667812 0.019523 0.037497
8 0.185160 0.933418 0.034900 0.032026
10 0.519830 0.969924 0.031517 0.042271
9 0.031424 0.833941 0.019523 0.036157
0 0.519235 0.952837 0.946918 0.094327
3 0.917356 0.479755 0.139704 0.119131
8 0.949642 0.932886 0.033125 0.033360
5 0.520256 0.479562 0.944463 0.848525
2 0.518979 0.026689 0.430155 0.053378
8 0.757396 0.932886 0.033125 0.033360
8 0.566630 0.933553 0.033717 0.032026
7 0.089342 0.768800 0.043264 0.039155
