9 0.034066 0.676355 0.023070 0.035922
9 0.035250 0.539712 0.024253 0.032342
9 0.034954 0.401273 0.021295 0.025181
9 0.033475 0.262243 0.024253 0.028761
9 0.034362 0.124400 0.024844 0.032342
7 0.434791 0.777811 0.040673 0.033100
7 0.392477 0.702893 0.051037 0.036589
7 0.350594 0.783908 0.043263 0.034842
7 0.307848 0.729901 0.049310 0.038331
7 0.265534 0.787393 0.032038 0.031357
7 0.221061 0.727285 0.048447 0.033100
7 0.179610 0.066100 0.057079 0.034847
7 0.092823 0.788266 0.030311 0.033105
1 0.025569 0.458903 0.051138 0.824887
8 0.092272 0.910444 0.043771 0.088309
10 0.521326 0.970164 0.069846 0.039525
0 0.521472 0.924887 0.942142 0.150226
8 0.948497 0.909251 0.045545 0.090696
8 0.904725 0.908654 0.043182 0.089502
8 0.862135 0.908654 0.043182 0.087115
8 0.819546 0.909251 0.043179 0.093083
8 0.776365 0.909251 0.043182 0.093083
8 0.734958 0.909847 0.040816 0.091889
8 0.691777 0.911041 0.046728 0.096663
8 0.648597 0.909847 0.041999 0.096663
8 0.606302 0.910444 0.042590 0.090696
8 0.563122 0.908057 0.044954 0.093083
8 0.519941 0.908665 0.043773 0.094253
8 0.477351 0.909847 0.042590 0.094276
8 0.434466 0.909251 0.043179 0.093083
8 0.390694 0.907460 0.043182 0.089502
8 0.348992 0.908057 0.040221 0.090696
8 0.306403 0.907460 0.044957 0.087115
8 0.262630 0.908057 0.042590 0.088309
8 0.220928 0.908651 0.041996 0.087110
3 0.945091 0.084095 0.081772 0.039525
8 0.178339 0.909251 0.043182 0.085922
7 0.863549 0.788264 0.025994 0.029615
7 0.906726 0.786521 0.019086 0.029615
7 0.948608 0.786521 0.019947 0.033100
7 0.820802 0.787393 0.026857 0.031357
2 0.521751 0.026669 0.363715 0.053337
9 0.034540 0.812585 0.021887 0.033416
5 0.522348 0.452718 0.942419 0.793954
11 0.014041 0.447562 0.017121 0.331674
8 0.134270 0.909847 0.042590 0.087115
7 0.135569 0.789135 0.017356 0.027873
7 0.779351 0.787393 0.026854 0.031357
7 0.735742 0.787395 0.025994 0.034847
7 0.692564 0.788264 0.025991 0.029615
7 0.651119 0.787393 0.036367 0.031357
7 0.607935 0.783908 0.041539 0.027873
7 0.563894 0.767359 0.041536 0.029615
7 0.521148 0.742967 0.047583 0.033105
7 0.480561 0.664564 0.051034 0.036584
