7 0.287555 0.694183 0.036355 0.036589
5 0.525415 0.481589 0.932198 0.859943
8 0.666993 0.938139 0.032080 0.031493
7 0.572097 0.075682 0.037219 0.036589
7 0.477970 0.855342 0.038946 0.038331
3 0.939979 0.084095 0.093695 0.042964
7 0.949170 0.479364 0.035408 0.036589
10 0.525158 0.970164 0.036625 0.042964
8 0.571899 0.938968 0.034957 0.029836
0 0.524595 0.956193 0.934651 0.087613
8 0.478858 0.936898 0.034547 0.029010
2 0.525585 0.026700 0.216355 0.046397
1 0.028977 0.488979 0.057953 0.881601
7 0.383841 0.212449 0.037219 0.041810
8 0.948381 0.937726 0.037020 0.029005
8 0.855746 0.936482 0.034957 0.031493
9 0.036906 0.852565 0.032534 0.036997
9 0.037320 0.711561 0.033126 0.032342
9 0.037911 0.573128 0.031943 0.039502
9 0.037911 0.430512 0.028394 0.028761
9 0.037320 0.286111 0.030760 0.033535
9 0.038207 0.146479 0.030168 0.035922
11 0.013659 0.482964 0.018738 0.323077
8 0.761472 0.938971 0.032083 0.034808
7 0.856639 0.820495 0.034629 0.038331
7 0.761648 0.142757 0.034629 0.041816
7 0.665362 0.390158 0.037222 0.034842
8 0.383147 0.937726 0.034547 0.029005
8 0.290310 0.938142 0.034547 0.029836
8 0.196859 0.938968 0.037424 0.033150
8 0.101763 0.941454 0.032902 0.034808
7 0.100163 0.241196 0.036355 0.043558
7 0.193427 0.512118 0.041539 0.041816
