7 0.377785 0.322047 0.044130 0.034853
7 0.284089 0.352157 0.048445 0.036677
7 0.189096 0.387742 0.044993 0.038507
7 0.092379 0.429715 0.043264 0.031206
7 0.949028 0.442491 0.041538 0.042154
7 0.854900 0.420588 0.041535 0.042154
7 0.759477 0.427889 0.044127 0.038507
7 0.664054 0.489936 0.044993 0.038501
7 0.568632 0.581181 0.042401 0.042154
7 0.472344 0.641398 0.041538 0.031206
7 0.377785 0.698886 0.044130 0.036683
7 0.281929 0.734471 0.045856 0.042160
10 0.521267 0.969250 0.036626 0.039602
9 0.032353 0.865248 0.021885 0.035000
9 0.033477 0.707873 0.023067 0.033752
9 0.034069 0.548498 0.019519 0.035000
9 0.034069 0.388498 0.018338 0.032503
9 0.034363 0.227246 0.021295 0.030000
9 0.033774 0.066619 0.018928 0.033752
8 0.568417 0.933626 0.035549 0.037497
8 0.377356 0.933002 0.035552 0.033752
8 0.188514 0.932127 0.036085 0.033752
3 0.136258 0.127381 0.162693 0.120600
0 0.520194 0.952442 0.942010 0.095116
8 0.949651 0.933002 0.034958 0.036248
2 0.521267 0.028742 0.469334 0.052197
7 0.567336 0.238100 0.044993 0.034853
7 0.664053 0.154162 0.044990 0.031212
7 0.759909 0.119483 0.043264 0.034853
7 0.853606 0.114009 0.045856 0.038507
7 0.949070 0.125961 0.045769 0.034676
7 0.092378 0.847613 0.046719 0.038507
5 0.519988 0.480006 0.944466 0.848886
1 0.024476 0.484143 0.048952 0.880208
7 0.187370 0.788305 0.044993 0.040330
8 0.758296 0.934250 0.037918 0.033752
11 0.013601 0.479648 0.017889 0.543605
7 0.473207 0.282812 0.048448 0.036677
