9 0.057142 0.687403 0.049965 0.033858
9 0.057142 0.525028 0.049965 0.037821
9 0.057144 0.441857 0.052405 0.033864
9 0.058362 0.359679 0.049969 0.031879
9 0.056533 0.275521 0.048748 0.033864
9 0.055313 0.194335 0.053623 0.033864
9 0.056533 0.110175 0.051183 0.035843
8 0.762526 0.868773 0.093434 0.158583
8 0.671124 0.869597 0.095463 0.153627
2 0.538285 0.028093 0.513073 0.043564
8 0.582768 0.867949 0.093434 0.160231
8 0.491875 0.871248 0.096481 0.156929
8 0.400978 0.868770 0.093434 0.155281
8 0.311608 0.864647 0.093434 0.143727
5 0.537067 0.420175 0.895747 0.720787
1 0.045323 0.441957 0.090184 0.772278
8 0.220206 0.858046 0.081249 0.130524
8 0.132053 0.868031 0.095463 0.151816
10 0.535238 0.967700 0.260803 0.033664
0 0.529754 0.886514 0.915244 0.207921
3 0.860632 0.093443 0.233988 0.047522
7 0.109070 0.451536 0.046846 0.030449
7 0.201064 0.077850 0.055367 0.035986
7 0.287094 0.323514 0.053665 0.040137
7 0.376957 0.623845 0.051110 0.029064
7 0.466821 0.729032 0.050254 0.026292
7 0.557536 0.515200 0.051106 0.035980
7 0.648678 0.406554 0.044295 0.037366
7 0.740244 0.395481 0.051959 0.031835
7 0.829257 0.397559 0.045997 0.027678
7 0.919547 0.494438 0.047699 0.038752
11 0.018509 0.418196 0.019501 0.293071
9 0.056289 0.772650 0.051187 0.031679
9 0.057753 0.607207 0.046308 0.031879
8 0.940763 0.872900 0.092420 0.150331
8 0.852914 0.870424 0.091406 0.155281
