1 0.029394 0.482964 0.058789 0.883314
10 0.525158 0.971881 0.034926 0.039531
0 0.525821 0.956193 0.932198 0.087613
7 0.193859 0.479013 0.040676 0.031363
7 0.289282 0.180218 0.038082 0.033105
7 0.382114 0.126208 0.037219 0.033105
7 0.477107 0.077424 0.040673 0.033105
7 0.572097 0.321340 0.040673 0.036584
7 0.665793 0.686343 0.036358 0.041816
7 0.760785 0.722930 0.036355 0.034842
7 0.854048 0.445040 0.036355 0.036584
7 0.949170 0.709341 0.035408 0.033105
3 0.915278 0.084095 0.141399 0.039525
7 0.099731 0.857084 0.040673 0.034847
11 0.012808 0.482104 0.015332 0.262930
8 0.950730 0.938787 0.035540 0.032822
8 0.856086 0.938790 0.034556 0.034808
8 0.760950 0.938787 0.034556 0.032822
8 0.667293 0.936799 0.038500 0.034808
8 0.573389 0.936799 0.035049 0.032817
8 0.478500 0.937794 0.033569 0.034808
8 0.384103 0.938292 0.032091 0.035803
8 0.290446 0.937791 0.034062 0.028840
8 0.196789 0.938787 0.033078 0.028840
8 0.102146 0.939285 0.032091 0.031827
5 0.525925 0.480557 0.935265 0.857879
2 0.525583 0.026697 0.270869 0.042964
9 0.038385 0.062525 0.031943 0.034610
9 0.038207 0.210328 0.032534 0.034729
9 0.038210 0.360693 0.030163 0.032359
9 0.038209 0.507489 0.028982 0.034729
9 0.038799 0.655469 0.028985 0.034729
9 0.037616 0.805843 0.032534 0.037115
