1 0.033834 0.489826 0.067668 0.875269
10 0.528060 0.969663 0.038330 0.047711
0 0.529467 0.953901 0.924838 0.092197
7 0.949044 0.170670 0.038946 0.037203
7 0.857507 0.266475 0.037219 0.031628
7 0.762516 0.240431 0.038946 0.042785
7 0.668388 0.074862 0.040673 0.035343
7 0.573396 0.192993 0.040673 0.037209
7 0.481428 0.317632 0.036355 0.044651
7 0.389459 0.438553 0.037219 0.040924
7 0.294467 0.565052 0.038946 0.037203
7 0.202930 0.695272 0.040673 0.037203
7 0.109190 0.848188 0.041449 0.035349
5 0.527976 0.479002 0.925043 0.847748
9 0.042352 0.121245 0.037858 0.035808
9 0.042352 0.292635 0.039040 0.034535
9 0.042648 0.461475 0.038449 0.030710
9 0.041760 0.629676 0.039043 0.038360
9 0.042057 0.799091 0.038449 0.039504
2 0.528487 0.028338 0.235094 0.055049
3 0.927214 0.091640 0.116707 0.044039
11 0.013155 0.481567 0.017037 0.168813
8 0.949683 0.934419 0.036673 0.035679
8 0.763355 0.933143 0.036676 0.038231
8 0.578210 0.933143 0.037858 0.030581
8 0.388923 0.934419 0.036676 0.035679
8 0.202003 0.933143 0.035489 0.040777
