9 0.057923 0.903195 0.051220 0.037821
8 0.458380 0.933164 0.049973 0.029706
8 0.295975 0.934816 0.054135 0.036304
8 0.132525 0.933987 0.052054 0.031353
10 0.538647 0.968644 0.088699 0.033666
0 0.531151 0.949832 0.915722 0.087130
7 0.460369 0.622916 0.040035 0.021597
7 0.620504 0.853791 0.040035 0.021597
7 0.783195 0.792359 0.038328 0.025649
7 0.947164 0.083534 0.040884 0.025649
9 0.057297 0.789336 0.052471 0.031879
9 0.056674 0.217059 0.053718 0.035845
2 0.538647 0.031019 0.356042 0.043568
9 0.058546 0.329930 0.049973 0.031879
9 0.057048 0.104287 0.052467 0.039602
5 0.539272 0.479529 0.896985 0.849510
8 0.622347 0.933990 0.051012 0.034651
11 0.017069 0.481515 0.022486 0.287130
9 0.057921 0.561613 0.048722 0.031879
3 0.211828 0.088856 0.229857 0.045520
9 0.056672 0.446763 0.051220 0.027919
1 0.045514 0.486463 0.091027 0.863366
8 0.946641 0.933990 0.039560 0.037956
9 0.057923 0.674483 0.051220 0.031879
8 0.785276 0.933990 0.054135 0.034651
7 0.129448 0.479801 0.040888 0.027007
7 0.293842 0.600640 0.040888 0.028354
