7 0.948923 0.413193 0.052812 0.032653
9 0.044239 0.563150 0.040987 0.031143
9 0.043727 0.416734 0.039964 0.031137
9 0.044239 0.273411 0.040987 0.033201
9 0.042704 0.125959 0.042010 0.031137
0 0.530521 0.916722 0.926061 0.154678
10 0.529605 0.970953 0.128792 0.028874
8 0.111189 0.903999 0.045147 0.099672
8 0.320303 0.905543 0.052812 0.103111
8 0.529417 0.902110 0.048551 0.099672
8 0.737679 0.905543 0.051107 0.103111
2 0.531036 0.028934 0.352641 0.037121
8 0.948497 0.904686 0.053664 0.108264
5 0.531036 0.447562 0.922997 0.787771
7 0.110610 0.704166 0.041601 0.020786
7 0.111106 0.713159 0.043384 0.021182
7 0.322858 0.670110 0.044292 0.027494
7 0.321581 0.713931 0.043443 0.025781
7 0.322858 0.740568 0.044292 0.030933
7 0.533251 0.646909 0.045997 0.036092
7 0.529844 0.730257 0.045997 0.030933
7 0.531552 0.768923 0.042582 0.029214
7 0.740235 0.554089 0.051107 0.036052
7 0.740234 0.685574 0.044292 0.030933
7 0.740196 0.724242 0.042680 0.029219
7 0.950628 0.055741 0.051107 0.032647
7 0.949348 0.677842 0.045144 0.032653
7 0.112467 0.686434 0.042590 0.027494
3 0.126674 0.117195 0.104258 0.109299
11 0.013318 0.444468 0.016353 0.171165
1 0.035807 0.456844 0.065419 0.810452
9 0.047049 0.705339 0.034755 0.032998
