7 0.861994 0.529475 0.034069 0.025241
3 0.930648 0.080732 0.111416 0.044421
0 0.518212 0.894413 0.948551 0.205922
10 0.519235 0.974183 0.120613 0.034325
8 0.088399 0.870367 0.069848 0.132921
8 0.174771 0.852449 0.040887 0.087663
8 0.259944 0.858336 0.052824 0.106168
8 0.346407 0.829732 0.024702 0.045595
8 0.432013 0.844035 0.027238 0.060740
8 0.518037 0.852454 0.044284 0.087653
8 0.602796 0.834780 0.026405 0.055691
8 0.689251 0.872639 0.068144 0.134775
8 0.774856 0.878529 0.075811 0.146554
8 0.861738 0.882733 0.077512 0.154962
8 0.946918 0.844035 0.038329 0.080932
2 0.517701 0.026217 0.279048 0.036345
5 0.518722 0.421959 0.945486 0.743028
1 0.024516 0.429025 0.044973 0.757160
11 0.012760 0.421959 0.017377 0.193832
7 0.949303 0.524429 0.036625 0.031967
7 0.777242 0.171927 0.033220 0.033650
7 0.692914 0.068449 0.038329 0.028601
7 0.603048 0.719609 0.037474 0.028607
7 0.432267 0.743165 0.036628 0.031967
7 0.261057 0.671570 0.033220 0.027085
7 0.346243 0.347757 0.033234 0.031967
7 0.174174 0.626225 0.033220 0.030284
7 0.088570 0.656511 0.035773 0.033655
9 0.031670 0.725833 0.022488 0.030284
9 0.031469 0.622457 0.018391 0.034325
9 0.031466 0.520498 0.020442 0.032315
9 0.031976 0.420544 0.019422 0.034325
9 0.031466 0.318580 0.020442 0.032304
9 0.031978 0.217626 0.021465 0.032304
9 0.031466 0.113641 0.020442 0.034325
