11 0.012808 0.483821 0.018741 0.256058
3 0.917832 0.084095 0.137990 0.042964
7 0.320796 0.297820 0.032027 0.034847
7 0.285828 0.427619 0.031175 0.033100
7 0.249127 0.434587 0.028581 0.029615
0 0.524595 0.954955 0.934651 0.090090
8 0.506602 0.937294 0.017213 0.032223
7 0.839801 0.790880 0.032038 0.031363
1 0.028977 0.486400 0.057953 0.893626
10 0.525583 0.971881 0.076661 0.036092
8 0.949354 0.938487 0.018988 0.032223
8 0.912090 0.939084 0.020171 0.031029
8 0.875119 0.937890 0.019579 0.033416
7 0.211562 0.508634 0.029448 0.031363
2 0.522603 0.029279 0.268312 0.051555
7 0.765534 0.479884 0.030311 0.036589
7 0.801371 0.719446 0.029448 0.034842
8 0.101676 0.939680 0.015380 0.032223
8 0.137198 0.940277 0.016622 0.033416
8 0.175648 0.939084 0.015439 0.031029
8 0.212024 0.939084 0.012481 0.031029
8 0.247812 0.940277 0.014256 0.033416
8 0.284487 0.940277 0.016622 0.033416
8 0.323231 0.939680 0.019577 0.029836
8 0.359609 0.940277 0.013073 0.033416
8 0.396876 0.940277 0.013073 0.033416
8 0.434142 0.939680 0.016622 0.032223
8 0.470519 0.937890 0.018396 0.028643
7 0.876501 0.787395 0.029448 0.034847
8 0.543277 0.936697 0.016030 0.028643
8 0.581428 0.939084 0.018988 0.031029
8 0.618103 0.939680 0.018988 0.029836
8 0.655074 0.939084 0.017213 0.028643
8 0.692044 0.939084 0.016619 0.031029
8 0.728717 0.939680 0.017805 0.029836
8 0.765097 0.939084 0.018396 0.031029
8 0.801476 0.937890 0.017805 0.031029
8 0.838740 0.939680 0.017805 0.029836
7 0.173134 0.580936 0.032038 0.036589
9 0.037794 0.809005 0.030760 0.035803
9 0.037911 0.700223 0.031943 0.035922
7 0.544463 0.422390 0.032038 0.029621
7 0.580300 0.571355 0.031175 0.031363
7 0.617867 0.648883 0.030311 0.029621
7 0.912771 0.850987 0.027718 0.033105
7 0.948737 0.860045 0.029361 0.034842
7 0.358797 0.234228 0.033765 0.033105
7 0.396364 0.081779 0.031175 0.034847
7 0.433928 0.077424 0.030311 0.036589
7 0.470629 0.217675 0.029445 0.034842
7 0.507327 0.344861 0.028576 0.038331
9 0.037616 0.596400 0.031351 0.035922
7 0.654567 0.647141 0.029448 0.033105
7 0.691699 0.629720 0.032902 0.033105
5 0.525415 0.482619 0.932198 0.857885
7 0.136864 0.645399 0.030308 0.033105
7 0.727539 0.576581 0.028584 0.034847
9 0.037911 0.489587 0.031943 0.032342
9 0.038207 0.382774 0.031351 0.028761
9 0.038207 0.278951 0.031351 0.033535
9 0.038503 0.169751 0.028394 0.034729
9 0.037024 0.064734 0.031351 0.032342
7 0.100163 0.647141 0.029448 0.029621
