7 0.856639 0.837919 0.038082 0.034842
8 0.390952 0.937726 0.036190 0.032319
8 0.298936 0.938555 0.032904 0.029010
8 0.206922 0.937726 0.038654 0.032319
8 0.111622 0.937726 0.032904 0.032319
7 0.949602 0.383538 0.034544 0.036589
9 0.047080 0.416191 0.028985 0.035922
9 0.048263 0.260452 0.030168 0.029955
9 0.047258 0.107876 0.029577 0.027449
8 0.483992 0.937726 0.039888 0.032319
11 0.014085 0.482964 0.017886 0.374638
8 0.951047 0.938971 0.033314 0.034808
8 0.857595 0.938142 0.035369 0.029836
7 0.109662 0.472916 0.039812 0.036589
8 0.763937 0.939799 0.032904 0.033150
8 0.671306 0.938968 0.034135 0.029836
10 0.530269 0.969304 0.033221 0.041244
0 0.530055 0.955820 0.924959 0.088360
7 0.204222 0.573097 0.040673 0.038331
9 0.043235 0.721705 0.040224 0.043083
5 0.530526 0.481587 0.921976 0.855820
7 0.297917 0.400614 0.039809 0.038331
9 0.047080 0.567757 0.030168 0.028761
9 0.043531 0.874460 0.038450 0.031148
7 0.392047 0.426745 0.038082 0.038331
7 0.484446 0.857084 0.038082 0.041816
1 0.034299 0.487087 0.068598 0.878156
8 0.576828 0.937726 0.034957 0.032319
7 0.577710 0.471174 0.036355 0.040074
3 0.909309 0.086674 0.155035 0.048122
7 0.668817 0.256875 0.038946 0.040074
7 0.764239 0.077424 0.039809 0.036589
2 0.530695 0.026697 0.339013 0.042964
