8 0.949061 0.935640 0.060081 0.037950
8 0.676627 0.936466 0.087015 0.039602
8 0.405231 0.934813 0.049723 0.039602
8 0.137459 0.933164 0.088048 0.036304
3 0.829937 0.090425 0.305789 0.043568
10 0.541550 0.968644 0.082040 0.033666
5 0.542793 0.479532 0.894990 0.849504
7 0.136754 0.082023 0.054514 0.021707
0 0.537199 0.950820 0.903696 0.089106
7 0.407196 0.479599 0.057073 0.027142
2 0.543415 0.030028 0.297088 0.041585
7 0.676786 0.643788 0.057922 0.027136
9 0.059497 0.117059 0.055935 0.041781
9 0.058256 0.279434 0.055935 0.041781
9 0.059497 0.445771 0.055935 0.041787
9 0.058876 0.610129 0.054695 0.037821
9 0.058876 0.773494 0.057176 0.043758
7 0.947188 0.853433 0.053746 0.031212
1 0.049305 0.491414 0.091986 0.881187
11 0.020707 0.482503 0.019900 0.225741
