7 0.187435 0.365245 0.035774 0.035373
7 0.129086 0.572729 0.034923 0.031297
7 0.158050 0.630554 0.036628 0.027215
7 0.214266 0.282928 0.033222 0.031291
7 0.242375 0.538035 0.036628 0.035373
7 0.271337 0.315581 0.036628 0.036732
7 0.299444 0.331224 0.033218 0.024504
7 0.325425 0.308100 0.032368 0.029933
7 0.354812 0.491775 0.036628 0.029939
7 0.381216 0.461842 0.034923 0.027209
7 0.408048 0.389734 0.035774 0.027215
7 0.437400 0.378846 0.033322 0.029933
7 0.465927 0.339394 0.032452 0.027209
7 0.493653 0.220343 0.034923 0.028568
7 0.522613 0.414905 0.038330 0.031291
7 0.548169 0.623072 0.031517 0.036732
7 0.578831 0.334630 0.038330 0.031291
7 0.605238 0.194492 0.033218 0.031297
7 0.632496 0.512864 0.034923 0.028568
7 0.660603 0.302656 0.034923 0.032656
7 0.688715 0.198574 0.034923 0.036732
7 0.715544 0.670692 0.035778 0.028568
7 0.744933 0.409461 0.034923 0.023133
7 0.773423 0.422387 0.034157 0.024492
7 0.801575 0.707427 0.037479 0.028574
7 0.829686 0.457763 0.037479 0.029933
7 0.856090 0.287690 0.034073 0.032650
7 0.885050 0.261160 0.035778 0.034009
7 0.912734 0.463204 0.034923 0.029933
7 0.939565 0.789061 0.035774 0.034009
3 0.893416 0.098348 0.163644 0.063366
0 0.535138 0.951812 0.909946 0.091089
10 0.533898 0.968641 0.042149 0.037625
8 0.131716 0.932341 0.042360 0.033005
8 0.270667 0.934813 0.045456 0.033005
8 0.409102 0.934813 0.043391 0.033005
8 0.550634 0.933164 0.047521 0.026401
8 0.688554 0.932341 0.046487 0.031353
8 0.828536 0.933164 0.045456 0.032999
8 0.968521 0.932341 0.044421 0.031353
2 0.535759 0.031019 0.288851 0.035649
5 0.536379 0.481515 0.892590 0.849504
1 0.044421 0.485474 0.088843 0.873262
11 0.018180 0.481515 0.024797 0.243568
9 0.054751 0.065673 0.050828 0.033660
9 0.055743 0.169535 0.047111 0.035838
9 0.056362 0.272503 0.048349 0.031885
9 0.055123 0.377454 0.050828 0.035838
9 0.056983 0.482405 0.054548 0.031885
9 0.057603 0.587356 0.053307 0.031885
9 0.055743 0.692304 0.049586 0.031879
9 0.055743 0.797255 0.049586 0.031879
9 0.055743 0.900226 0.052069 0.031885
