9 0.032292 0.454381 0.020704 0.040696
7 0.949601 0.769449 0.029361 0.034847
7 0.872616 0.490339 0.030311 0.033100
7 0.792736 0.343990 0.032902 0.029621
7 0.712857 0.288238 0.032038 0.036589
7 0.635136 0.079166 0.033765 0.033105
7 0.559577 0.137531 0.039809 0.034847
7 0.480566 0.365766 0.035503 0.034847
7 0.402840 0.427619 0.032038 0.029615
7 0.324256 0.664564 0.030311 0.033100
7 0.247398 0.702022 0.032038 0.034847
7 0.168385 0.859697 0.031175 0.033105
7 0.090233 0.791751 0.032038 0.033105
3 0.915704 0.083235 0.140547 0.041244
9 0.032588 0.642342 0.020112 0.032342
9 0.033771 0.739607 0.018929 0.033535
9 0.033061 0.831680 0.021295 0.040577
8 0.090143 0.940277 0.050278 0.038190
8 0.168253 0.939084 0.056255 0.033416
8 0.246037 0.939084 0.039100 0.033416
8 0.325006 0.939680 0.032590 0.029836
8 0.402199 0.940874 0.032002 0.034610
8 0.480575 0.939680 0.033776 0.029836
8 0.558066 0.940277 0.027861 0.033416
8 0.637033 0.937890 0.045015 0.033416
8 0.715409 0.939084 0.066899 0.033416
8 0.793490 0.939680 0.052705 0.029836
8 0.871274 0.936697 0.065128 0.035803
8 0.948764 0.939084 0.063942 0.033416
5 0.520303 0.481587 0.944463 0.855820
9 0.033179 0.548662 0.021295 0.033535
9 0.032292 0.355328 0.018338 0.035916
9 0.031996 0.259259 0.018929 0.039502
9 0.032588 0.163187 0.021295 0.031148
9 0.032883 0.067718 0.021887 0.031148
2 0.514937 0.027559 0.234242 0.048117
1 0.023653 0.486230 0.047306 0.893626
11 0.014085 0.482104 0.019591 0.324796
0 0.520241 0.955820 0.944586 0.088360
10 0.519919 0.970848 0.042675 0.034367
