9 0.056423 0.904287 0.053718 0.039602
5 0.540519 0.480523 0.896985 0.847521
7 0.294268 0.600640 0.043440 0.022956
8 0.458902 0.930688 0.053093 0.031353
11 0.018938 0.482503 0.018726 0.281187
8 0.293892 0.934813 0.052054 0.033005
7 0.459942 0.622916 0.044293 0.029700
8 0.131693 0.933164 0.053093 0.028054
2 0.539896 0.029039 0.353544 0.043562
7 0.620936 0.853810 0.042606 0.021634
7 0.781066 0.791010 0.042587 0.028348
7 0.947164 0.082861 0.040884 0.029700
7 0.130724 0.480474 0.043440 0.028354
10 0.538031 0.968635 0.092432 0.037638
3 0.212581 0.090425 0.226112 0.043568
0 0.534274 0.953133 0.909475 0.093733
1 0.048303 0.488442 0.087448 0.867326
8 0.947683 0.933164 0.035398 0.032999
8 0.783714 0.929862 0.048927 0.033005
8 0.621822 0.931527 0.054147 0.033029
9 0.056674 0.102206 0.053718 0.035845
9 0.057297 0.214088 0.052471 0.037821
9 0.057299 0.329930 0.054969 0.031879
9 0.055425 0.447751 0.051220 0.033862
9 0.057923 0.561613 0.053722 0.035845
9 0.059172 0.676466 0.051224 0.035845
9 0.058548 0.790327 0.052471 0.033862
