7 0.122073 0.320994 0.036416 0.033008
3 0.837927 0.107466 0.279409 0.055445
2 0.543951 0.034195 0.565443 0.051483
9 0.065906 0.773799 0.054290 0.045545
5 0.542626 0.476771 0.888551 0.825745
9 0.065841 0.101226 0.051778 0.039800
8 0.856575 0.920007 0.024276 0.041254
8 0.677807 0.918357 0.019867 0.037954
8 0.496277 0.920830 0.018761 0.033008
8 0.317507 0.920007 0.023174 0.034654
8 0.139731 0.920994 0.018756 0.036301
10 0.540639 0.964890 0.301926 0.047527
0 0.543286 0.942120 0.887231 0.100991
9 0.066501 0.434890 0.053098 0.037819
1 0.050017 0.488653 0.096668 0.849508
9 0.065839 0.607167 0.054423 0.037826
9 0.066501 0.271525 0.053098 0.039800
11 0.022207 0.478753 0.033108 0.532673
7 0.927643 0.461258 0.040834 0.039608
7 0.840465 0.369676 0.038622 0.037954
7 0.751080 0.708785 0.038622 0.029701
7 0.661144 0.832548 0.035310 0.039608
7 0.570655 0.456308 0.035315 0.029708
7 0.480720 0.139476 0.036416 0.029701
7 0.389678 0.364726 0.041930 0.041254
7 0.302500 0.205485 0.033103 0.033008
7 0.213668 0.084198 0.034209 0.028054
