7 0.854480 0.548705 0.030311 0.034842
9 0.034954 0.481830 0.024844 0.031148
9 0.034954 0.660243 0.023661 0.027568
9 0.034533 0.835260 0.024267 0.033416
2 0.521325 0.026700 0.257239 0.046397
1 0.025782 0.484508 0.051564 0.883314
10 0.520900 0.971024 0.038329 0.041244
3 0.922091 0.084095 0.129470 0.042964
9 0.034658 0.304610 0.024253 0.029955
11 0.013234 0.485540 0.016184 0.338546
8 0.949745 0.937791 0.038497 0.028840
8 0.856086 0.937794 0.039484 0.032817
8 0.757501 0.937791 0.032585 0.030831
8 0.665814 0.939285 0.037511 0.031827
8 0.569445 0.937282 0.039972 0.033840
8 0.474310 0.939285 0.034059 0.031827
8 0.378926 0.935803 0.033569 0.030826
8 0.284777 0.938289 0.032582 0.029836
8 0.189394 0.936799 0.032089 0.032817
8 0.094012 0.937791 0.032582 0.030831
0 0.521529 0.954955 0.940782 0.090090
5 0.522348 0.482619 0.942419 0.857885
9 0.034362 0.125594 0.023661 0.032342
7 0.094118 0.083521 0.031175 0.034847
7 0.188245 0.857084 0.031175 0.034847
7 0.283670 0.640173 0.033765 0.036589
7 0.378228 0.605328 0.032902 0.033100
7 0.474948 0.485987 0.038082 0.041827
7 0.569938 0.076553 0.034629 0.034847
7 0.665362 0.699409 0.028581 0.043558
7 0.760785 0.356185 0.029448 0.036589
7 0.948737 0.533374 0.032815 0.033105
