2 0.501802 0.022272 0.571206 0.044544
7 0.682838 0.373755 0.048176 0.039605
7 0.711530 0.534647 0.046844 0.034654
7 0.664154 0.682335 0.053519 0.036304
7 0.553381 0.766493 0.056185 0.033003
7 0.423259 0.754943 0.054854 0.036304
7 0.323166 0.649332 0.057520 0.033003
7 0.291135 0.490916 0.052181 0.039605
7 0.343852 0.337451 0.053519 0.036304
3 0.913123 0.179034 0.140132 0.265678
7 0.455958 0.253293 0.050849 0.036304
6 0.500000 0.513858 1.000000 0.972285
7 0.698852 0.066000 0.101562 0.031352
7 0.934409 0.547848 0.094891 0.031352
7 0.843657 0.823425 0.097558 0.031352
7 0.633460 0.978541 0.088217 0.031352
7 0.309811 0.954607 0.100214 0.032995
7 0.128315 0.764017 0.089552 0.034654
7 0.070927 0.470288 0.086882 0.028051
7 0.162347 0.192236 0.096223 0.029706
7 0.377216 0.042071 0.090887 0.029702
7 0.581410 0.268969 0.048179 0.031352
