7 0.549351 0.639427 0.058178 0.036469
6 0.507408 0.510961 0.975740 0.926733
7 0.324763 0.103204 0.063586 0.034658
7 0.775293 0.536370 0.090645 0.033004
7 0.765822 0.575150 0.068998 0.031355
7 0.765146 0.633734 0.094709 0.039604
7 0.738762 0.746768 0.131235 0.034652
7 0.604821 0.865578 0.069002 0.037955
7 0.168498 0.882073 0.143411 0.034668
7 0.313261 0.712859 0.067646 0.038118
7 0.493879 0.705431 0.055470 0.033166
3 0.886504 0.184226 0.201319 0.253465
7 0.574380 0.578369 0.051414 0.033166
7 0.577762 0.548666 0.050058 0.033171
7 0.577086 0.523914 0.051410 0.029868
7 0.374010 0.288683 0.064942 0.041253
2 0.397820 0.025809 0.295483 0.039604
