7 0.292555 0.476862 0.054998 0.037952
7 0.316642 0.632806 0.049644 0.033009
7 0.410981 0.745015 0.050983 0.036306
7 0.540779 0.762340 0.048309 0.034651
7 0.654522 0.686433 0.045629 0.031354
7 0.822457 0.838249 0.095141 0.041254
7 0.611032 0.976858 0.092467 0.037961
2 0.501103 0.022242 0.392074 0.037957
3 0.913451 0.179008 0.140640 0.265679
7 0.297907 0.941383 0.089790 0.033005
7 0.710729 0.542043 0.050993 0.039607
7 0.688645 0.386929 0.046967 0.033005
7 0.594975 0.270591 0.054998 0.034655
7 0.381540 0.036268 0.101833 0.024756
7 0.172792 0.183132 0.088451 0.034655
7 0.075778 0.453761 0.097818 0.037952
7 0.121950 0.745013 0.099170 0.033000
7 0.717413 0.076699 0.101833 0.033005
6 0.500000 0.509382 1.000000 0.981237
7 0.930178 0.573397 0.104510 0.033005
7 0.460491 0.247489 0.053656 0.034651
7 0.343404 0.328347 0.057672 0.037957
