7 0.255140 0.345674 0.050928 0.034656
7 0.296716 0.304419 0.050928 0.041253
7 0.367739 0.294520 0.052081 0.037957
7 0.626023 0.301284 0.066983 0.037951
7 0.696295 0.504915 0.120221 0.033002
7 0.608527 0.778019 0.076335 0.037957
7 0.293252 0.927359 0.083266 0.042901
7 0.040338 0.573397 0.060170 0.041253
7 0.113094 0.239241 0.067097 0.036304
7 0.141388 0.196335 0.068250 0.036304
7 0.218185 0.132805 0.069404 0.037957
3 0.903651 0.518118 0.172073 0.384486
2 0.354459 0.029667 0.590245 0.049503
6 0.499751 0.525212 0.999502 0.918809
7 0.430679 0.108050 0.108673 0.034656
7 0.528841 0.169108 0.062476 0.034650
7 0.431835 0.325872 0.050928 0.044554
7 0.486112 0.400957 0.050928 0.042906
7 0.509787 0.511515 0.049771 0.046202
7 0.475719 0.658380 0.062480 0.042901
7 0.340022 0.739238 0.061323 0.039605
7 0.199131 0.543694 0.059013 0.044554
7 0.236663 0.366304 0.050924 0.033002
