7 0.246046 0.485894 0.062969 0.044557
7 0.322010 0.695466 0.050647 0.044552
7 0.436987 0.740846 0.067068 0.042906
7 0.378814 0.297777 0.062961 0.037954
7 0.567707 0.663286 0.062965 0.036304
7 0.150911 0.216916 0.097186 0.031352
7 0.292589 0.116258 0.098568 0.034653
2 0.431512 0.025992 0.464015 0.049504
7 0.545122 0.115433 0.078022 0.033003
7 0.612877 0.521372 0.054750 0.039605
7 0.269311 0.394309 0.052012 0.042906
7 0.262465 0.610481 0.060227 0.033003
3 0.907848 0.516423 0.161516 0.404289
7 0.528696 0.324177 0.047908 0.034653
7 0.471207 0.296127 0.050647 0.034653
7 0.302161 0.349757 0.049278 0.036304
6 0.499437 0.528962 0.998874 0.895048
7 0.587554 0.396785 0.050647 0.037954
7 0.659414 0.164937 0.104028 0.036304
7 0.750439 0.295301 0.072545 0.042906
7 0.786711 0.525499 0.049273 0.044557
7 0.708690 0.788699 0.054750 0.039605
7 0.458205 0.928137 0.046539 0.034653
7 0.211138 0.850580 0.050643 0.041251
7 0.093423 0.687215 0.061596 0.037954
7 0.052358 0.463615 0.086237 0.039605
7 0.105739 0.300251 0.075283 0.033008
