7 0.786114 0.671977 0.052228 0.029705
7 0.588517 0.124848 0.050489 0.029705
3 0.941056 0.165443 0.097494 0.237622
7 0.609409 0.424450 0.053970 0.033664
7 0.504085 0.303661 0.059192 0.033664
7 0.350011 0.301680 0.057450 0.029701
7 0.265489 0.128312 0.052402 0.027922
7 0.069633 0.353065 0.050660 0.029899
7 0.070504 0.672867 0.055886 0.035843
7 0.266360 0.899599 0.054144 0.029899
2 0.429222 0.021876 0.410860 0.037622
6 0.511047 0.508014 0.974918 0.934654
7 0.588517 0.896728 0.047005 0.031686
7 0.785243 0.351183 0.053970 0.033664
7 0.243727 0.423362 0.057624 0.035839
7 0.244598 0.597620 0.059366 0.035839
7 0.352535 0.723362 0.062847 0.037820
7 0.502342 0.723463 0.055708 0.033664
7 0.613762 0.595740 0.055708 0.031682
