7 0.713338 0.476156 0.050670 0.031354
6 0.500000 0.513671 1.000000 0.972658
3 0.914690 0.179869 0.141347 0.262213
7 0.829348 0.184077 0.088010 0.028054
7 0.929359 0.452887 0.090677 0.031350
7 0.881355 0.745050 0.093343 0.038117
7 0.710672 0.943069 0.101343 0.038121
7 0.379305 0.976898 0.097343 0.029871
7 0.177285 0.831683 0.090677 0.039767
7 0.071941 0.563531 0.093343 0.034821
7 0.120611 0.270544 0.086677 0.033004
7 0.299296 0.066831 0.089340 0.028221
7 0.615328 0.035477 0.078677 0.028213
7 0.541987 0.247606 0.054673 0.036304
7 0.655332 0.326731 0.052003 0.036138
7 0.688668 0.635396 0.057337 0.046208
7 0.587325 0.743481 0.049337 0.037954
7 0.457980 0.764935 0.054673 0.034654
7 0.344635 0.686552 0.052003 0.033004
7 0.291296 0.537954 0.054673 0.036467
7 0.316631 0.377806 0.052003 0.033004
7 0.413975 0.264852 0.052003 0.034821
2 0.499584 0.021698 0.560057 0.037954
