7 0.281245 0.139368 0.081537 0.028052
7 0.595712 0.098940 0.089996 0.029701
7 0.528742 0.285409 0.064586 0.049503
7 0.618588 0.314288 0.067977 0.051155
7 0.776241 0.150095 0.139177 0.029701
7 0.933045 0.401745 0.049329 0.024755
7 0.724537 0.449599 0.076453 0.051155
7 0.618586 0.706199 0.081537 0.052804
7 0.739792 0.872867 0.056111 0.026400
7 0.277854 0.586562 0.081537 0.054456
7 0.055786 0.647620 0.091711 0.031353
6 0.500000 0.521334 1.000000 0.957331
3 0.117746 0.127818 0.189861 0.158419
2 0.502891 0.021712 0.511949 0.037951
7 0.398638 0.305542 0.072893 0.054456
