7 0.313763 0.625641 0.052122 0.032199
7 0.290029 0.467500 0.047468 0.036786
7 0.347736 0.323685 0.054915 0.028765
7 0.710612 0.077066 0.084437 0.036302
7 0.927536 0.579128 0.088590 0.034816
7 0.818303 0.842329 0.089929 0.033172
7 0.611232 0.978466 0.096634 0.038118
7 0.283536 0.936388 0.103336 0.033168
7 0.111312 0.729293 0.101993 0.034821
7 0.069092 0.435563 0.103336 0.034816
7 0.174975 0.171538 0.100654 0.028218
6 0.500000 0.512667 1.000000 0.974666
7 0.399485 0.036338 0.078183 0.026356
7 0.464078 0.247477 0.054915 0.027617
7 0.597173 0.272118 0.058637 0.035639
3 0.912859 0.178220 0.142071 0.265680
7 0.687456 0.384992 0.049332 0.041369
7 0.711190 0.544278 0.042814 0.029908
7 0.653019 0.688669 0.047468 0.032204
7 0.538073 0.763727 0.050261 0.033347
7 0.406836 0.739662 0.053983 0.033347
2 0.500192 0.020380 0.507963 0.040760
