7 0.616447 0.599084 0.054002 0.033007
7 0.234054 0.514594 0.050234 0.023663
7 0.235101 0.472059 0.055321 0.026224
7 0.244670 0.426004 0.048736 0.024946
7 0.263658 0.383470 0.050238 0.024305
7 0.291916 0.343653 0.048741 0.024623
7 0.332582 0.310071 0.049341 0.024628
7 0.362782 0.698166 0.048741 0.017909
3 0.929650 0.520042 0.120343 0.930690
7 0.431685 0.714596 0.047070 0.026401
7 0.465247 0.710470 0.054002 0.024750
7 0.496875 0.702221 0.046287 0.024755
7 0.532360 0.691494 0.052459 0.033007
7 0.555506 0.668391 0.055545 0.026401
7 0.577875 0.648590 0.044744 0.033007
7 0.599478 0.625487 0.057088 0.033002
7 0.241232 0.558088 0.049038 0.023668
7 0.627248 0.571031 0.054002 0.033002
7 0.637278 0.541330 0.055545 0.026401
7 0.638821 0.510801 0.055545 0.024755
7 0.635735 0.454696 0.049373 0.028051
7 0.607191 0.381263 0.057083 0.029706
7 0.563986 0.327640 0.053988 0.028071
7 0.506133 0.292155 0.052459 0.023105
7 0.445188 0.279777 0.057088 0.031357
7 0.379462 0.285389 0.055545 0.029701
7 0.277713 0.630047 0.052028 0.023668
6 0.501030 0.522020 0.992353 0.950495
2 0.437166 0.025982 0.201804 0.037625
7 0.302230 0.659148 0.049038 0.022390
7 0.331385 0.682495 0.048741 0.022385
7 0.472191 0.098259 0.055545 0.033002
7 0.587134 0.121361 0.057088 0.026405
7 0.692821 0.184892 0.058626 0.031352
7 0.776136 0.287204 0.055540 0.034652
7 0.827049 0.421692 0.052459 0.033002
7 0.833221 0.526479 0.058631 0.034652
7 0.826277 0.575157 0.050916 0.029706
7 0.810080 0.630438 0.061717 0.028056
7 0.789249 0.683242 0.060174 0.031352
7 0.759164 0.733572 0.052459 0.029701
7 0.724451 0.778952 0.060174 0.028051
7 0.678935 0.818555 0.052459 0.031352
7 0.630334 0.852385 0.054002 0.029706
7 0.573246 0.877963 0.054002 0.028051
7 0.512305 0.888688 0.055545 0.023105
7 0.403455 0.894383 0.047981 0.024917
7 0.339425 0.888607 0.055701 0.023266
7 0.279254 0.867977 0.052610 0.028217
7 0.218310 0.838276 0.054158 0.024917
7 0.168166 0.795372 0.058787 0.028217
7 0.118793 0.741741 0.058787 0.029868
7 0.084851 0.679035 0.058787 0.029873
7 0.056307 0.608903 0.054153 0.031518
7 0.041651 0.529696 0.049528 0.028217
7 0.045508 0.448839 0.054158 0.028217
7 0.060165 0.368803 0.052610 0.029868
7 0.094879 0.287946 0.060325 0.029868
7 0.148880 0.214515 0.054153 0.034819
7 0.222937 0.154283 0.057239 0.029868
7 0.318597 0.113854 0.054153 0.034819
7 0.395975 0.708239 0.048141 0.020788
7 0.255575 0.596464 0.049061 0.023026
