7 0.179379 0.850644 0.044580 0.031517
7 0.551832 0.914259 0.131988 0.036301
7 0.667656 0.795449 0.053872 0.036306
3 0.888122 0.199079 0.202017 0.287128
6 0.503482 0.509970 0.980994 0.924749
7 0.765298 0.519044 0.076766 0.024754
7 0.592909 0.158483 0.063300 0.039604
2 0.394393 0.024820 0.216563 0.037626
7 0.223890 0.433978 0.063300 0.031517
7 0.288536 0.696355 0.060609 0.034820
7 0.446783 0.731834 0.051180 0.033166
7 0.526917 0.667478 0.052526 0.033171
7 0.563952 0.594871 0.051176 0.039767
7 0.575402 0.542065 0.052526 0.033171
7 0.577420 0.513186 0.053872 0.031517
7 0.487186 0.319292 0.059259 0.033166
7 0.802333 0.570200 0.142762 0.031350
7 0.772031 0.665911 0.133329 0.031355
7 0.054803 0.369622 0.059395 0.026570
