7 0.755562 0.545006 0.057508 0.021286
7 0.751036 0.589437 0.061239 0.019962
7 0.091259 0.731022 0.035680 0.021952
7 0.757693 0.685597 0.124607 0.023942
7 0.602998 0.862660 0.059110 0.022614
7 0.301600 0.919694 0.044201 0.021286
7 0.448075 0.296465 0.056977 0.033006
7 0.558186 0.420061 0.050352 0.042905
7 0.574409 0.514328 0.038087 0.018419
7 0.573819 0.530906 0.035870 0.018879
7 0.572710 0.554393 0.037349 0.017960
7 0.557547 0.606895 0.038087 0.018883
7 0.493306 0.701634 0.047525 0.024869
7 0.353302 0.734793 0.048859 0.022656
7 0.237703 0.630896 0.047525 0.025974
7 0.215738 0.454330 0.046195 0.021003
7 0.304489 0.313130 0.046195 0.021556
7 0.507947 0.114612 0.036212 0.021290
7 0.199166 0.148444 0.074336 0.033002
7 0.720416 0.337768 0.050054 0.021952
6 0.499353 0.517915 0.993785 0.954456
7 0.039829 0.410987 0.068372 0.027723
7 0.780591 0.517485 0.113957 0.021952
2 0.394411 0.021878 0.278260 0.033664
3 0.904023 0.202076 0.174905 0.310890
