7 0.508238 0.311009 0.058769 0.039604
7 0.052375 0.551935 0.087606 0.036303
7 0.412570 0.290383 0.064234 0.041253
7 0.582041 0.386917 0.053305 0.033002
7 0.354416 0.719424 0.057535 0.037956
7 0.448037 0.740051 0.058904 0.039604
7 0.536186 0.701273 0.057539 0.037951
7 0.599126 0.612165 0.051936 0.041258
7 0.617575 0.495005 0.058769 0.044554
7 0.085790 0.343682 0.080634 0.039604
7 0.190481 0.179823 0.103868 0.037951
7 0.355853 0.103088 0.101138 0.033002
7 0.612108 0.142693 0.083368 0.042901
7 0.759030 0.279658 0.103872 0.036303
7 0.801396 0.479326 0.068337 0.033002
7 0.754931 0.688073 0.041000 0.037951
7 0.644910 0.852262 0.053305 0.039604
7 0.480153 0.926519 0.049336 0.036303
7 0.265582 0.890216 0.052071 0.036303
6 0.498213 0.515958 0.996426 0.895051
2 0.432249 0.027677 0.355342 0.044554
7 0.279931 0.644343 0.053436 0.033007
7 0.126176 0.750778 0.060273 0.034650
3 0.907249 0.516453 0.160042 0.407591
7 0.244395 0.530479 0.050706 0.036303
7 0.265582 0.419095 0.057539 0.031354
7 0.322299 0.328337 0.050706 0.031359
