7 0.681269 0.945486 0.045320 0.031521
7 0.403357 0.977664 0.043987 0.033168
7 0.197423 0.831624 0.047983 0.038120
7 0.096121 0.560173 0.047987 0.036469
7 0.144106 0.264792 0.047983 0.036469
7 0.322715 0.066772 0.050650 0.036469
7 0.600630 0.039550 0.041320 0.031530
7 0.656611 0.329231 0.057316 0.036303
7 0.709928 0.478572 0.057316 0.034652
7 0.541980 0.248372 0.059980 0.039604
7 0.684601 0.633687 0.051983 0.034652
7 0.588631 0.744248 0.054650 0.037957
7 0.458008 0.764050 0.054650 0.034652
7 0.344042 0.680715 0.053316 0.039604
7 0.289394 0.533852 0.058646 0.036307
7 0.314719 0.373787 0.053316 0.036303
7 0.414022 0.268176 0.057316 0.036303
2 0.500660 0.021876 0.445192 0.043752
3 0.941187 0.174942 0.087970 0.257428
7 0.905199 0.453737 0.042653 0.034819
6 0.500000 0.514533 1.000000 0.970934
7 0.808963 0.182201 0.043987 0.033005
7 0.858547 0.745817 0.047983 0.034819
