7 0.632251 0.977650 0.097555 0.033170
2 0.499148 0.020637 0.541236 0.037954
7 0.699737 0.071711 0.088200 0.033166
7 0.933604 0.552732 0.098890 0.031518
7 0.840058 0.825834 0.106913 0.033170
7 0.308847 0.951247 0.089538 0.033170
7 0.133112 0.755704 0.088200 0.038117
7 0.074311 0.464449 0.093545 0.036470
7 0.170531 0.186396 0.093545 0.034822
7 0.377669 0.040356 0.088200 0.033166
7 0.453844 0.252403 0.048109 0.041417
7 0.586813 0.268080 0.046774 0.039765
7 0.681696 0.376166 0.044098 0.034822
7 0.713769 0.532105 0.054791 0.036470
7 0.663655 0.680621 0.053457 0.036470
7 0.547390 0.763954 0.053457 0.041417
7 0.417093 0.751579 0.057467 0.036465
7 0.317533 0.643493 0.053457 0.034818
7 0.290138 0.482602 0.052119 0.036465
7 0.342255 0.333260 0.049447 0.031518
3 0.913559 0.179052 0.141657 0.265677
6 0.500000 0.514231 1.000000 0.971539
