7 0.239947 0.559415 0.053811 0.037955
7 0.433111 0.288786 0.053811 0.028055
7 0.482784 0.726080 0.059332 0.037950
7 0.593855 0.614693 0.066231 0.036302
7 0.606273 0.447204 0.060706 0.037955
7 0.531076 0.329214 0.062092 0.039603
7 0.304105 0.344068 0.055193 0.036307
7 0.359296 0.305286 0.052433 0.034653
2 0.428973 0.024593 0.543626 0.042905
7 0.095761 0.303475 0.086924 0.039603
7 0.050231 0.421626 0.085546 0.036307
7 0.064027 0.603143 0.066231 0.033000
7 0.124046 0.753307 0.056571 0.036302
7 0.262712 0.890271 0.049668 0.039608
7 0.555225 0.908425 0.057954 0.039603
7 0.753216 0.700503 0.048290 0.046201
7 0.789090 0.391095 0.075887 0.041256
7 0.670431 0.175749 0.106239 0.036302
7 0.476576 0.101492 0.080025 0.029698
7 0.255813 0.128719 0.099340 0.034653
7 0.156401 0.201244 0.102239 0.034819
7 0.242017 0.459578 0.049672 0.033005
6 0.500445 0.510402 0.995084 0.863367
7 0.262712 0.398523 0.052433 0.033005
7 0.272370 0.642746 0.049672 0.033000
3 0.906996 0.516425 0.158782 0.406106
7 0.344809 0.717829 0.067609 0.041256
