8 0.301564 0.892486 0.067463 0.128060
8 0.124732 0.890939 0.061329 0.127862
0 0.518769 0.906287 0.947530 0.187426
10 0.520899 0.970164 0.057070 0.039525
9 0.032271 0.677155 0.018823 0.032647
9 0.032696 0.539675 0.017973 0.029214
7 0.739195 0.082650 0.032902 0.029621
3 0.123541 0.778546 0.141396 0.044683
8 0.385892 0.884236 0.056218 0.123937
7 0.125336 0.073416 0.033678 0.029615
7 0.474516 0.080908 0.035492 0.029621
7 0.388161 0.078295 0.033765 0.031363
7 0.300939 0.077424 0.033765 0.029621
7 0.562599 0.079166 0.033765 0.029621
7 0.212857 0.074811 0.033765 0.027879
1 0.023440 0.445158 0.046880 0.783643
7 0.651976 0.082650 0.034629 0.029621
7 0.827278 0.084392 0.032902 0.029621
7 0.914497 0.083521 0.032902 0.027879
8 0.475328 0.888363 0.063373 0.132189
8 0.211615 0.885269 0.059282 0.117755
2 0.519622 0.026700 0.298127 0.046397
4 0.519791 0.431066 0.945486 0.758897
9 0.033122 0.399618 0.017121 0.030933
8 0.562722 0.889392 0.060308 0.121872
8 0.649605 0.885269 0.058262 0.117755
8 0.737509 0.886301 0.056218 0.115690
8 0.824392 0.889392 0.062352 0.134248
8 0.911786 0.890424 0.061329 0.128066
9 0.031845 0.263852 0.021379 0.037805
9 0.032825 0.131527 0.022997 0.032647
11 0.013660 0.434844 0.015332 0.271521
9 0.035677 0.814635 0.013715 0.025775
