11 0.013017 0.478987 0.016186 0.190226
8 0.124685 0.934954 0.034753 0.039198
8 0.212079 0.935300 0.055195 0.039425
8 0.302539 0.936453 0.029642 0.032515
9 0.031415 0.601961 0.021294 0.040349
9 0.031415 0.448244 0.021294 0.040355
9 0.030989 0.296447 0.020442 0.040349
9 0.031841 0.141769 0.020442 0.034590
8 0.389421 0.937607 0.078706 0.044039
8 0.473749 0.935300 0.071552 0.034823
9 0.031415 0.755682 0.019590 0.036506
0 0.519234 0.951912 0.946508 0.096175
1 0.022906 0.488595 0.045811 0.874278
2 0.518979 0.030321 0.239352 0.046114
8 0.738996 0.935300 0.058264 0.039425
8 0.826900 0.935300 0.052130 0.039425
8 0.914295 0.936453 0.061329 0.041732
8 0.565231 0.936453 0.045996 0.032515
7 0.124748 0.076279 0.022539 0.041102
7 0.211967 0.091864 0.024265 0.041108
7 0.299186 0.107448 0.022539 0.041102
7 0.386838 0.121086 0.025130 0.045000
7 0.474920 0.136671 0.021674 0.041102
9 0.034822 0.906518 0.014479 0.030747
3 0.106286 0.702840 0.110733 0.384296
4 0.519745 0.480716 0.947531 0.850832
8 0.651602 0.935300 0.040887 0.039425
7 0.563003 0.135695 0.021677 0.039149
7 0.651517 0.151279 0.022539 0.039155
7 0.739170 0.167837 0.023402 0.037203
7 0.826389 0.166864 0.023402 0.035257
7 0.914471 0.167837 0.021677 0.037203
10 0.519406 0.968963 0.051107 0.044192
