8 0.401224 0.938199 0.036627 0.029214
7 0.855819 0.090896 0.028985 0.025933
7 0.173616 0.077282 0.032190 0.032415
11 0.014340 0.481589 0.016355 0.191787
8 0.175925 0.939058 0.042588 0.034372
9 0.027885 0.914757 0.014413 0.029072
9 0.027883 0.739468 0.012369 0.033201
9 0.028905 0.564180 0.014413 0.033201
9 0.028395 0.387859 0.013392 0.022890
9 0.028138 0.210407 0.013288 0.032998
3 0.948073 0.135136 0.076661 0.142296
10 0.516726 0.972398 0.068483 0.035057
8 0.857781 0.939058 0.038332 0.030933
2 0.515704 0.028934 0.326064 0.037121
8 0.629076 0.938199 0.039184 0.032653
4 0.516726 0.482619 0.953664 0.857885
1 0.020474 0.493962 0.036798 0.884689
7 0.629275 0.092842 0.033482 0.029825
0 0.502927 0.955781 0.979215 0.088439
7 0.402086 0.080523 0.031545 0.028524
