9 0.034388 0.314505 0.027258 0.032595
9 0.034388 0.583422 0.027258 0.034404
9 0.034388 0.713806 0.025555 0.030785
9 0.039925 0.847815 0.016185 0.034404
10 0.522548 0.971501 0.067290 0.041649
0 0.523145 0.923545 0.940374 0.152910
2 0.522123 0.028923 0.344122 0.043459
7 0.110094 0.813018 0.020727 0.038740
7 0.145500 0.816707 0.017271 0.031420
7 0.181338 0.815776 0.018133 0.029559
7 0.218039 0.691850 0.024181 0.035063
7 0.253013 0.689095 0.026770 0.033230
7 0.289283 0.749682 0.025043 0.029559
7 0.325120 0.723975 0.024178 0.033230
7 0.362252 0.704702 0.018998 0.038740
7 0.396364 0.617494 0.026770 0.036901
7 0.432633 0.648706 0.026770 0.033230
7 0.470198 0.629427 0.024178 0.031397
7 0.504308 0.521108 0.025043 0.035069
7 0.540147 0.202574 0.025908 0.029559
7 0.576416 0.070389 0.027632 0.033230
7 0.611821 0.376068 0.024181 0.031392
7 0.648091 0.378823 0.025908 0.029559
7 0.683929 0.357709 0.023316 0.035063
7 0.719766 0.534877 0.025905 0.029559
1 0.026394 0.458288 0.052788 0.822142
7 0.756036 0.539467 0.024178 0.031397
7 0.791009 0.503668 0.023316 0.029559
7 0.827279 0.674407 0.023314 0.029559
7 0.863117 0.736830 0.018998 0.036901
7 0.898955 0.773548 0.018136 0.029559
7 0.934793 0.778414 0.018998 0.034880
4 0.522121 0.450501 0.940374 0.793179
8 0.717558 0.905979 0.043952 0.097789
11 0.013179 0.449960 0.014483 0.182898
8 0.934763 0.909238 0.042931 0.091271
8 0.897966 0.909241 0.042931 0.095619
8 0.863213 0.910326 0.042928 0.097789
8 0.826416 0.908156 0.044976 0.097789
8 0.789617 0.908153 0.042931 0.093442
8 0.754865 0.907068 0.047020 0.095613
8 0.358782 0.907068 0.041907 0.091271
8 0.395069 0.908153 0.040886 0.089101
8 0.429822 0.905982 0.044973 0.093442
8 0.467131 0.905982 0.043955 0.093442
8 0.502395 0.904894 0.040884 0.099960
8 0.539192 0.904894 0.038842 0.095619
8 0.574456 0.905982 0.041907 0.093442
8 0.610742 0.905979 0.044976 0.097789
8 0.646517 0.905982 0.042931 0.093442
8 0.682293 0.904894 0.042931 0.095619
8 0.107334 0.908153 0.043952 0.093442
8 0.143110 0.908153 0.041910 0.093442
8 0.179397 0.904894 0.040884 0.095619
8 0.214661 0.905982 0.041907 0.093442
8 0.251969 0.907068 0.038842 0.095613
8 0.287233 0.905982 0.041907 0.093442
8 0.323520 0.907068 0.042928 0.091271
9 0.032769 0.178322 0.026406 0.034410
9 0.034814 0.446698 0.024704 0.032595
