7 0.658884 0.253391 0.027721 0.026137
9 0.044195 0.692622 0.034155 0.029214
8 0.742110 0.922390 0.032708 0.064135
2 0.528991 0.028416 0.277684 0.042964
8 0.827969 0.922387 0.032708 0.072387
4 0.529502 0.464061 0.924023 0.824887
8 0.912806 0.925481 0.030664 0.066199
3 0.888019 0.084270 0.198466 0.044683
7 0.488764 0.823982 0.034629 0.034842
7 0.400681 0.411937 0.027721 0.033105
1 0.034484 0.476779 0.068228 0.854101
7 0.315189 0.385803 0.029448 0.033100
8 0.143642 0.920840 0.029644 0.072178
7 0.144333 0.456714 0.028497 0.026131
7 0.230561 0.553931 0.031175 0.024389
7 0.915362 0.371867 0.025991 0.026131
7 0.830300 0.805687 0.030311 0.026137
9 0.047177 0.400475 0.031601 0.032647
8 0.657271 0.923419 0.032708 0.070322
8 0.570388 0.924449 0.028621 0.064135
8 0.484528 0.921357 0.030664 0.066199
8 0.398668 0.922390 0.026577 0.064135
8 0.312296 0.922390 0.031685 0.064135
9 0.044195 0.841273 0.037564 0.037805
9 0.047177 0.252684 0.029896 0.032653
9 0.047177 0.546547 0.029896 0.029214
9 0.048029 0.105749 0.033305 0.037811
7 0.744808 0.078295 0.028584 0.027879
10 0.529418 0.971024 0.036627 0.041244
0 0.530014 0.937339 0.923000 0.117551
8 0.228481 0.924451 0.029644 0.068258
11 0.014511 0.464058 0.017034 0.323083
7 0.572960 0.456366 0.026857 0.027879
