7 0.146538 0.068299 0.053867 0.023810
8 0.229239 0.862144 0.134625 0.155115
8 0.316094 0.867919 0.137522 0.166667
8 0.397159 0.873692 0.152000 0.174921
8 0.481120 0.873692 0.154892 0.174921
8 0.571593 0.872044 0.150552 0.174916
9 0.083322 0.775477 0.024492 0.023763
9 0.065080 0.645770 0.054023 0.025744
9 0.066818 0.517060 0.057499 0.025744
9 0.065080 0.387356 0.054023 0.023758
9 0.063345 0.256661 0.050552 0.023763
9 0.063777 0.128147 0.062533 0.027720
4 0.531062 0.411318 0.854657 0.724754
8 0.657000 0.871219 0.147655 0.176567
1 0.053356 0.435079 0.097278 0.776237
2 0.528455 0.031119 0.359586 0.035645
8 0.743133 0.872867 0.149099 0.173270
11 0.021218 0.413297 0.033002 0.079203
8 0.824922 0.870390 0.153448 0.168318
0 0.525676 0.882801 0.924143 0.213863
10 0.526892 0.972110 0.123338 0.031682
8 0.144409 0.860162 0.131733 0.148512
8 0.916122 0.872869 0.144759 0.176567
7 0.915497 0.759400 0.013191 0.022552
7 0.829752 0.759400 0.021986 0.025058
7 0.741809 0.760026 0.026386 0.023805
7 0.659361 0.761908 0.026382 0.025063
7 0.571966 0.760026 0.025283 0.023805
7 0.486770 0.760655 0.028584 0.027568
7 0.400478 0.756892 0.031880 0.025063
7 0.316929 0.744361 0.038474 0.025063
7 0.231184 0.645993 0.042874 0.023810
