8 0.923489 0.935792 0.066541 0.033201
8 0.851427 0.938886 0.067564 0.031143
8 0.779366 0.938886 0.050188 0.035260
8 0.706283 0.939915 0.069610 0.033201
8 0.633710 0.938886 0.045077 0.035260
8 0.558583 0.940947 0.025655 0.035266
8 0.486521 0.937856 0.028724 0.033201
8 0.415481 0.941977 0.029745 0.037325
8 0.342398 0.938886 0.034856 0.035260
8 0.270900 0.940433 0.044973 0.037121
8 0.195720 0.940947 0.060407 0.039383
8 0.123147 0.943009 0.052232 0.039389
4 0.523625 0.482277 0.937819 0.860979
7 0.110569 0.597489 0.036271 0.034842
7 0.135569 0.769972 0.027718 0.027873
7 0.183928 0.600973 0.034629 0.034842
7 0.208971 0.656725 0.027721 0.031357
7 0.256036 0.363153 0.033765 0.033105
7 0.282375 0.659338 0.027721 0.033100
7 0.328573 0.667178 0.030311 0.031357
7 0.354480 0.695054 0.026857 0.031363
7 0.402408 0.147986 0.034629 0.031357
7 0.427020 0.541734 0.032038 0.038331
7 0.473221 0.231615 0.036355 0.038331
7 0.499992 0.546963 0.034629 0.038326
9 0.035258 0.494135 0.028183 0.027500
7 0.547917 0.073068 0.035492 0.031363
7 0.573392 0.653241 0.029448 0.031357
7 0.619593 0.296077 0.037219 0.034847
7 0.644637 0.640173 0.028584 0.036589
7 0.693427 0.254262 0.034631 0.034847
7 0.718469 0.759516 0.029448 0.031363
7 0.765966 0.479884 0.034629 0.033105
7 0.791873 0.750806 0.027721 0.031363
7 0.838937 0.538249 0.035492 0.034847
7 0.863981 0.596615 0.033765 0.036589
7 0.911043 0.594002 0.034629 0.034847
7 0.936518 0.790008 0.030311 0.033105
3 0.901648 0.101281 0.170356 0.077336
9 0.036529 0.632475 0.022232 0.025775
9 0.039511 0.775110 0.019678 0.029214
9 0.043345 0.910874 0.013715 0.036092
2 0.523454 0.029106 0.317718 0.041244
0 0.523795 0.955351 0.938500 0.089299
10 0.525031 0.971708 0.049490 0.036086
11 0.013614 0.487090 0.017976 0.177008
9 0.036531 0.078255 0.027342 0.030933
9 0.035252 0.217452 0.028195 0.030933
1 0.027059 0.491383 0.054118 0.879881
9 0.034400 0.356654 0.026490 0.027494
