7 0.548962 0.107951 0.066586 0.036001
7 0.267661 0.089284 0.065706 0.030670
8 0.834053 0.923307 0.061726 0.041254
8 0.553590 0.923304 0.055225 0.037954
8 0.269228 0.923468 0.076885 0.037954
9 0.073314 0.448753 0.067703 0.041782
2 0.550667 0.031226 0.534074 0.053471
4 0.551964 0.477762 0.871927 0.823763
9 0.079163 0.743799 0.058606 0.037819
9 0.072664 0.148753 0.066403 0.039800
9 0.073314 0.296276 0.067703 0.033863
10 0.553915 0.961126 0.083162 0.039601
0 0.538321 0.940139 0.894022 0.104954
7 0.831574 0.807284 0.050837 0.029337
11 0.021141 0.476771 0.025987 0.512872
9 0.096508 0.892612 0.020790 0.041589
3 0.908014 0.171821 0.141642 0.184155
9 0.073314 0.594294 0.067703 0.035845
1 0.058824 0.490631 0.111754 0.853464
