4 0.526920 0.438056 0.926726 0.796001
7 0.146689 0.809709 0.019082 0.023999
7 0.258533 0.714511 0.030744 0.028799
7 0.365076 0.703310 0.029683 0.025596
7 0.473207 0.655310 0.029683 0.025601
7 0.580281 0.613711 0.029683 0.022402
7 0.688942 0.252910 0.026503 0.020801
7 0.799726 0.228110 0.027564 0.028799
7 0.905208 0.061711 0.037102 0.025601
9 0.038555 0.080910 0.038166 0.041597
9 0.042266 0.235310 0.028622 0.043198
9 0.044385 0.383310 0.030744 0.032002
9 0.043326 0.531311 0.032864 0.033599
9 0.042266 0.684910 0.028622 0.033599
9 0.050217 0.834509 0.021204 0.025601
8 0.148279 0.884031 0.047704 0.070560
8 0.256412 0.905631 0.077387 0.113758
8 0.363484 0.900831 0.077390 0.107361
8 0.474797 0.904031 0.073149 0.110560
8 0.580810 0.876031 0.037102 0.057762
8 0.690003 0.871231 0.028625 0.048162
8 0.796015 0.881632 0.039224 0.065760
8 0.904149 0.877630 0.034983 0.054563
2 0.528863 0.020110 0.293654 0.038403
10 0.527750 0.980030 0.049932 0.035359
10 0.011857 0.440831 0.023714 0.284959
0 0.527273 0.916111 0.928671 0.163198
1 0.031748 0.454057 0.061831 0.828003
