8 0.214636 0.934550 0.043033 0.034939
3 0.932217 0.257271 0.108175 0.379865
8 0.128264 0.933394 0.023612 0.037252
7 0.126506 0.074761 0.064766 0.033427
7 0.214157 0.357243 0.058721 0.039296
7 0.302240 0.605517 0.058721 0.035379
7 0.389027 0.680780 0.059584 0.033433
7 0.476246 0.718898 0.059586 0.035386
7 0.564762 0.754088 0.058721 0.035386
7 0.652844 0.808825 0.058724 0.035386
7 0.739631 0.833262 0.056131 0.037344
7 0.827283 0.836193 0.053539 0.035386
7 0.915366 0.849878 0.055269 0.039290
1 0.025095 0.487699 0.050189 0.875422
9 0.031876 0.906129 0.028110 0.034706
8 0.303562 0.933397 0.032812 0.041885
8 0.390445 0.934553 0.034855 0.039572
8 0.477328 0.933394 0.051211 0.032625
8 0.565743 0.935710 0.044052 0.037258
8 0.653137 0.934553 0.077786 0.039572
8 0.740530 0.934553 0.044055 0.039572
8 0.827413 0.935710 0.046099 0.037258
8 0.915266 0.933510 0.064396 0.039333
4 0.521740 0.478828 0.943441 0.846885
2 0.519951 0.030704 0.217205 0.046279
0 0.520718 0.949709 0.943441 0.090239
10 0.520803 0.968797 0.050257 0.044351
11 0.013563 0.477096 0.017037 0.156187
9 0.032686 0.083635 0.024788 0.032974
9 0.034389 0.203185 0.023085 0.032968
9 0.033963 0.319844 0.025639 0.034902
9 0.034815 0.434578 0.022233 0.032974
9 0.033537 0.554125 0.024788 0.036830
9 0.033112 0.671750 0.022233 0.036830
9 0.033537 0.790340 0.024788 0.031047
