7 0.210068 0.108349 0.040870 0.025061
7 0.129979 0.070131 0.039770 0.026320
7 0.290157 0.113363 0.039770 0.027568
7 0.371902 0.115243 0.044189 0.028821
7 0.450331 0.117749 0.041979 0.026315
7 0.528211 0.119003 0.040870 0.023808
7 0.606643 0.140307 0.038665 0.023813
7 0.687835 0.484291 0.044189 0.027568
7 0.767924 0.666624 0.043079 0.028821
7 0.845252 0.702963 0.027616 0.028827
7 0.926443 0.748075 0.028721 0.026315
8 0.132743 0.840181 0.060757 0.075189
8 0.211725 0.833288 0.044184 0.056389
8 0.290143 0.847699 0.070677 0.095237
8 0.369692 0.848325 0.072906 0.081451
8 0.450334 0.828901 0.050813 0.055136
8 0.529868 0.832035 0.053023 0.073936
8 0.608300 0.842688 0.068486 0.080203
8 0.687283 0.878400 0.131453 0.151627
8 0.767372 0.846445 0.068491 0.090224
8 0.844697 0.845195 0.066281 0.080203
8 0.926446 0.872763 0.117094 0.140352
9 0.062043 0.158477 0.045289 0.035088
9 0.060386 0.314491 0.048604 0.036341
9 0.059833 0.474264 0.038660 0.032581
9 0.059281 0.631536 0.041975 0.033835
9 0.073641 0.787549 0.028721 0.032581
10 0.529868 0.972384 0.068491 0.028821
11 0.023876 0.421635 0.031044 0.080197
0 0.541467 0.891557 0.898091 0.205515
1 0.047626 0.447952 0.089591 0.799499
2 0.528764 0.026272 0.256286 0.038848
4 0.529316 0.418501 0.875999 0.740597
