7 0.762720 0.074201 0.048179 0.029699
11 0.017053 0.490041 0.025237 0.224423
10 0.528695 0.977667 0.061947 0.028053
8 0.294670 0.948788 0.057360 0.029704
8 0.760998 0.950439 0.040153 0.026403
9 0.050322 0.924862 0.018355 0.028053
9 0.043438 0.796973 0.032123 0.029699
9 0.042292 0.666610 0.034415 0.023106
9 0.041660 0.539547 0.028793 0.019800
9 0.041660 0.410010 0.031088 0.024752
9 0.041660 0.281298 0.031088 0.028053
9 0.042808 0.151760 0.031088 0.026403
0 0.527547 0.961164 0.926922 0.070954
1 0.033630 0.506543 0.063207 0.927390
3 0.122022 0.085751 0.102100 0.066007
4 0.528121 0.484268 0.925774 0.882839
2 0.526975 0.023046 0.274176 0.033001
7 0.295818 0.072550 0.050474 0.023106
