10 0.522719 0.967934 0.111374 0.041584
8 0.154806 0.853083 0.051310 0.077231
8 0.300595 0.861993 0.065074 0.099005
8 0.447635 0.845162 0.046300 0.069309
7 0.158560 0.080805 0.033789 0.033663
9 0.040929 0.791698 0.021274 0.033663
9 0.039678 0.684766 0.016272 0.029708
9 0.039051 0.577833 0.015018 0.033663
9 0.040929 0.471895 0.018775 0.027719
9 0.039678 0.366942 0.018771 0.035646
9 0.039678 0.260013 0.018771 0.039607
9 0.041554 0.152091 0.020024 0.033663
11 0.019648 0.426350 0.021258 0.289113
1 0.029666 0.461993 0.053813 0.803961
8 0.885625 0.875856 0.086348 0.134651
8 0.738586 0.854075 0.057565 0.091090
8 0.595927 0.855060 0.062571 0.097028
2 0.520841 0.033279 0.367913 0.045545
7 0.595925 0.090707 0.030032 0.029702
7 0.741714 0.079816 0.031286 0.035640
7 0.888128 0.087734 0.033789 0.031679
4 0.522717 0.424369 0.929792 0.732668
7 0.303724 0.081797 0.031286 0.035646
7 0.448885 0.077836 0.028783 0.027725
0 0.521472 0.894823 0.932307 0.204271
