7 0.830733 0.144502 0.039812 0.027873
9 0.043771 0.324861 0.041822 0.032653
9 0.043345 0.229482 0.042675 0.030933
9 0.043472 0.138402 0.042588 0.032653
9 0.047603 0.785421 0.034158 0.029214
9 0.044195 0.690042 0.040973 0.030933
9 0.044195 0.417661 0.040973 0.032653
7 0.915362 0.163665 0.039812 0.031357
3 0.875243 0.085987 0.224020 0.048117
8 0.145175 0.921872 0.030664 0.061867
8 0.487595 0.924449 0.030664 0.064135
8 0.571410 0.921357 0.030664 0.066199
8 0.231034 0.922387 0.030664 0.076505
8 0.314853 0.923419 0.030664 0.070322
8 0.401734 0.922387 0.032708 0.068258
2 0.530695 0.029276 0.277684 0.041244
9 0.044195 0.598962 0.040973 0.030933
8 0.657269 0.920325 0.030664 0.068264
4 0.530320 0.464884 0.923000 0.826951
9 0.043771 0.507022 0.041822 0.032653
8 0.742620 0.922390 0.031688 0.064135
8 0.829502 0.923419 0.033729 0.070322
1 0.034725 0.477636 0.069451 0.855814
11 0.014085 0.461482 0.019591 0.369480
9 0.058251 0.879941 0.014567 0.029214
8 0.913830 0.921357 0.032711 0.066199
7 0.145629 0.077771 0.039725 0.027873
7 0.230992 0.134047 0.040673 0.027879
7 0.317348 0.099202 0.040673 0.027873
7 0.402408 0.143628 0.039809 0.029621
10 0.530695 0.972738 0.039181 0.041244
0 0.528991 0.939282 0.927087 0.121437
7 0.488332 0.097460 0.040673 0.027873
7 0.574256 0.116626 0.038082 0.027879
7 0.659748 0.101816 0.039809 0.029615
7 0.744376 0.116626 0.039809 0.027879
