7 0.399155 0.168305 0.042671 0.029868
2 0.526978 0.026361 0.233779 0.033006
4 0.527848 0.396328 0.931287 0.702971
8 0.913711 0.825040 0.065701 0.118816
8 0.828821 0.864942 0.104288 0.202181
1 0.031537 0.405238 0.063073 0.719474
7 0.915248 0.280764 0.042585 0.031356
7 0.828907 0.253289 0.043539 0.031518
11 0.013096 0.396986 0.014784 0.250825
7 0.742870 0.226888 0.041802 0.031518
7 0.656832 0.218634 0.043542 0.031518
7 0.571229 0.214509 0.042671 0.033168
7 0.484757 0.210385 0.043539 0.031518
7 0.312684 0.141903 0.043539 0.033168
7 0.225777 0.102298 0.043542 0.033168
7 0.139306 0.061048 0.046149 0.029868
8 0.741742 0.831278 0.074043 0.142768
8 0.655183 0.800587 0.042759 0.081387
8 0.570709 0.830288 0.074046 0.136832
8 0.483630 0.804545 0.043801 0.085344
8 0.397071 0.802566 0.043801 0.081387
8 0.308425 0.835238 0.073001 0.146731
8 0.223953 0.840190 0.087601 0.156635
8 0.140001 0.825339 0.071959 0.130891
3 0.155628 0.580982 0.174683 0.315182
9 0.040172 0.082632 0.035717 0.028057
9 0.039303 0.176690 0.037455 0.028057
9 0.039737 0.272401 0.036586 0.028052
9 0.039737 0.369760 0.034848 0.028052
9 0.040606 0.465468 0.033110 0.028052
9 0.039737 0.557052 0.036586 0.029701
9 0.039303 0.654413 0.035717 0.029706
9 0.038738 0.750124 0.036501 0.026402
10 0.527717 0.971905 0.047018 0.039600
0 0.527327 0.873907 0.930245 0.252186
