7 0.201550 0.070745 0.036123 0.028826
0 0.507718 0.893212 0.964255 0.201984
10 0.530184 0.969450 0.091082 0.033668
8 0.199152 0.867635 0.067807 0.110563
8 0.419064 0.853113 0.043515 0.085807
8 0.638673 0.883643 0.086021 0.143566
8 0.856764 0.849815 0.044531 0.075909
4 0.531399 0.422917 0.919319 0.742574
7 0.860186 0.775005 0.020766 0.028820
9 0.059959 0.795292 0.015788 0.025941
9 0.047815 0.671531 0.037649 0.027920
9 0.046601 0.552716 0.040076 0.027920
9 0.046600 0.432917 0.037646 0.025941
9 0.044785 0.311131 0.038875 0.031882
9 0.045993 0.188362 0.038859 0.027920
9 0.047208 0.070539 0.041289 0.025936
7 0.640380 0.677890 0.028435 0.030075
7 0.420197 0.378391 0.038428 0.025062
2 0.531884 0.028458 0.312108 0.037625
3 0.902405 0.127866 0.162733 0.140590
11 0.015270 0.422914 0.015788 0.247523
1 0.037736 0.456579 0.068007 0.809898
