7 0.471493 0.119239 0.024264 0.026137
8 0.912296 0.921357 0.029644 0.066199
8 0.824392 0.925481 0.033729 0.062070
8 0.735464 0.926510 0.033731 0.068258
8 0.647560 0.923419 0.031688 0.062076
8 0.557611 0.921355 0.031685 0.070322
8 0.471239 0.922390 0.030664 0.064135
11 0.013232 0.465778 0.019591 0.446816
3 0.910592 0.085127 0.153322 0.046397
8 0.380781 0.923419 0.029641 0.066193
8 0.293387 0.925481 0.032711 0.074446
8 0.203949 0.926510 0.029641 0.068258
8 0.115534 0.927545 0.030664 0.074446
2 0.515363 0.029276 0.223168 0.041244
4 0.517033 0.464884 0.951620 0.822822
10 0.516640 0.974457 0.034923 0.041244
0 0.513966 0.937542 0.956728 0.119610
7 0.118298 0.091363 0.024267 0.033100
7 0.206818 0.093979 0.021688 0.027879
7 0.294463 0.104429 0.024267 0.027873
7 0.382977 0.120110 0.025130 0.031363
7 0.560440 0.102687 0.024267 0.027873
7 0.648091 0.076553 0.025130 0.031363
7 0.737037 0.080908 0.023403 0.029621
7 0.825983 0.117497 0.023403 0.026137
7 0.912771 0.105300 0.025991 0.026131
9 0.028863 0.879081 0.017121 0.030933
9 0.028011 0.725271 0.017121 0.039525
9 0.028438 0.569748 0.012862 0.034372
9 0.028863 0.417661 0.013712 0.032653
9 0.028438 0.266431 0.011158 0.032647
9 0.027714 0.110908 0.016184 0.032653
1 0.020245 0.483634 0.040491 0.857506
