9 0.049712 0.317545 0.023243 0.033664
2 0.528930 0.039326 0.500408 0.051483
0 0.528243 0.940317 0.917411 0.102972
1 0.036041 0.496753 0.069729 0.863371
8 0.293765 0.915563 0.046486 0.053464
8 0.757940 0.914576 0.050586 0.051490
9 0.049028 0.888835 0.021875 0.031682
9 0.049028 0.748236 0.024611 0.035645
9 0.049712 0.604672 0.023243 0.033664
9 0.049712 0.461108 0.023243 0.031682
9 0.051080 0.177944 0.023243 0.035645
11 0.025103 0.479918 0.031447 0.322773
10 0.526877 0.965068 0.263873 0.045545
7 0.295814 0.086853 0.036914 0.035645
7 0.758622 0.099722 0.043750 0.041582
4 0.528246 0.476949 0.914680 0.823763
3 0.216516 0.803681 0.274813 0.142573
