7 0.648958 0.153959 0.035493 0.032568
7 0.775038 0.115288 0.030312 0.028495
7 0.900210 0.078247 0.030226 0.030532
0 0.523000 0.956126 0.938330 0.087749
10 0.523768 0.970461 0.067291 0.036114
8 0.649030 0.938029 0.034754 0.036137
7 0.145936 0.153959 0.032904 0.032568
8 0.523818 0.936824 0.052129 0.033727
7 0.521584 0.153959 0.034629 0.032568
7 0.397232 0.117325 0.029448 0.028495
7 0.270715 0.152938 0.033775 0.034610
4 0.523000 0.482226 0.940374 0.860051
1 0.026577 0.494675 0.053153 0.899395
11 0.011843 0.479615 0.014480 0.238903
8 0.901501 0.939231 0.044975 0.038541
9 0.041767 0.911652 0.014848 0.032206
2 0.523768 0.027910 0.183134 0.042155
8 0.777310 0.938026 0.052129 0.040950
8 0.147667 0.939231 0.050084 0.038541
8 0.271347 0.938026 0.048042 0.040950
8 0.399116 0.938026 0.062349 0.040950
9 0.032273 0.134618 0.032532 0.034859
9 0.034669 0.267551 0.029045 0.034989
9 0.033486 0.400693 0.030226 0.033603
9 0.033782 0.523377 0.028452 0.033597
9 0.034077 0.654429 0.027862 0.033597
9 0.036147 0.780600 0.024903 0.037783
