7 0.187078 0.219269 0.041212 0.030073
7 0.634498 0.086437 0.041894 0.027566
3 0.146153 0.146306 0.166864 0.162373
1 0.028651 0.489872 0.057303 0.865346
7 0.858722 0.081425 0.041894 0.027572
4 0.523666 0.478979 0.935084 0.847523
8 0.857589 0.932275 0.057788 0.033003
8 0.631851 0.933927 0.083072 0.029700
8 0.409724 0.934768 0.117386 0.031382
8 0.185701 0.933431 0.050566 0.033003
10 0.524851 0.968089 0.094267 0.039602
0 0.512932 0.952248 0.954598 0.091089
11 0.015803 0.480563 0.018420 0.421786
9 0.036391 0.157789 0.022754 0.029706
9 0.037472 0.264621 0.022754 0.029902
9 0.038015 0.371554 0.026004 0.033859
9 0.038014 0.479474 0.023839 0.031878
9 0.039098 0.586404 0.023839 0.031878
9 0.039098 0.694324 0.023839 0.033859
9 0.041265 0.801257 0.019505 0.029902
9 0.042892 0.907196 0.016252 0.027920
2 0.522684 0.030462 0.330482 0.041584
7 0.409930 0.097716 0.039839 0.027566
