9 0.058696 0.906267 0.015959 0.039608
9 0.050077 0.767555 0.031920 0.031879
9 0.047950 0.628941 0.040431 0.039804
9 0.046884 0.487353 0.042562 0.033862
9 0.045820 0.347751 0.040434 0.031879
9 0.045820 0.204189 0.042558 0.033862
9 0.046352 0.065575 0.041496 0.029902
7 0.641846 0.216203 0.039727 0.030080
7 0.422001 0.112194 0.039056 0.030080
8 0.206593 0.935640 0.053200 0.033005
4 0.532177 0.480523 0.918237 0.851487
10 0.531966 0.965080 0.078737 0.037625
0 0.520475 0.952800 0.939517 0.093066
8 0.860868 0.929865 0.045222 0.026401
3 0.938629 0.145872 0.090437 0.158415
11 0.016666 0.477555 0.019152 0.085147
1 0.037415 0.493397 0.067031 0.881187
8 0.640529 0.933164 0.042558 0.029706
8 0.422853 0.933987 0.046994 0.031353
7 0.862364 0.343397 0.039053 0.028825
7 0.203167 0.082118 0.039053 0.027564
2 0.531113 0.030028 0.358570 0.041585
