7 0.540183 0.066720 0.069551 0.031999
7 0.245722 0.077388 0.065937 0.024003
11 0.017650 0.487388 0.023484 0.164003
10 0.538828 0.976054 0.079486 0.029332
9 0.075008 0.924055 0.018969 0.026670
9 0.057846 0.756720 0.049680 0.028001
9 0.058295 0.591388 0.048782 0.027996
9 0.057846 0.427400 0.047870 0.025353
9 0.056492 0.260723 0.045162 0.028001
9 0.052878 0.095389 0.059615 0.028001
8 0.832838 0.950055 0.040646 0.028001
8 0.539732 0.948724 0.066839 0.028001
8 0.244367 0.949389 0.050582 0.029332
0 0.537925 0.960723 0.906865 0.068001
3 0.929034 0.099389 0.112004 0.094666
4 0.540189 0.485386 0.900553 0.880000
2 0.540183 0.023387 0.246590 0.036002
1 0.047460 0.496722 0.084906 0.900000
7 0.832385 0.080720 0.061422 0.030668
