8 0.197069 0.934287 0.048732 0.039798
8 0.859457 0.936958 0.088490 0.045545
3 0.145236 0.165835 0.140000 0.194718
0 0.526661 0.952142 0.923373 0.095716
7 0.198072 0.615490 0.043817 0.039767
7 0.417693 0.861362 0.044883 0.036469
7 0.637850 0.774731 0.049160 0.038115
7 0.860676 0.076463 0.049160 0.032999
10 0.529281 0.970291 0.117665 0.039602
2 0.528851 0.029700 0.461792 0.046206
9 0.051029 0.907668 0.019346 0.034823
9 0.049960 0.738525 0.021482 0.039767
11 0.019235 0.481845 0.023512 0.376236
9 0.049960 0.571037 0.021482 0.034816
9 0.049958 0.406019 0.023619 0.034816
9 0.049425 0.239351 0.024685 0.034823
9 0.047021 0.073430 0.032061 0.031353
1 0.033662 0.488446 0.067325 0.884492
4 0.528583 0.479532 0.922089 0.849504
8 0.638234 0.939238 0.076944 0.041781
8 0.418292 0.936267 0.047451 0.039804
