9 0.037132 0.070031 0.024659 0.033554
11 0.016166 0.487567 0.024307 0.140267
10 0.521436 0.975024 0.067249 0.025563
8 0.289314 0.947221 0.062764 0.030358
8 0.762296 0.948819 0.047075 0.030358
9 0.037132 0.177882 0.022416 0.031956
9 0.037132 0.284136 0.022416 0.027166
9 0.037692 0.392789 0.025780 0.033554
9 0.038814 0.499041 0.021295 0.031956
9 0.037692 0.606093 0.023537 0.028760
9 0.037692 0.710749 0.021295 0.023969
9 0.042738 0.818600 0.015689 0.028764
9 0.042177 0.925651 0.019053 0.025568
7 0.289316 0.064439 0.035867 0.025568
7 0.760055 0.074027 0.040351 0.035153
3 0.933220 0.086009 0.101995 0.062314
4 0.525246 0.483063 0.935873 0.881985
2 0.524272 0.025389 0.205766 0.031999
1 0.028312 0.494721 0.056623 0.906665
0 0.525207 0.962056 0.935295 0.070668
