7 0.527885 0.079630 0.032878 0.016668
7 0.528276 0.090741 0.032096 0.021109
8 0.153416 0.861498 0.099569 0.140000
8 0.336587 0.849964 0.082661 0.105466
8 0.525394 0.881955 0.123993 0.169449
8 0.713264 0.883296 0.122114 0.174802
8 0.896905 0.866630 0.100508 0.141470
9 0.037876 0.068030 0.035696 0.029332
9 0.038346 0.156696 0.036634 0.025336
9 0.039286 0.246696 0.034755 0.026664
9 0.038816 0.338028 0.035693 0.028000
9 0.042104 0.426028 0.034755 0.020000
9 0.039286 0.516030 0.034755 0.026668
9 0.040225 0.606696 0.038511 0.029336
9 0.040225 0.695362 0.034758 0.025332
9 0.050559 0.786028 0.014090 0.020000
11 0.014394 0.414030 0.018788 0.062668
10 0.526335 0.980696 0.107085 0.030664
4 0.528213 0.410696 0.928069 0.749336
3 0.918980 0.146030 0.139022 0.206668
1 0.033602 0.430030 0.061152 0.790668
0 0.527744 0.892682 0.929007 0.214636
2 0.530093 0.024030 0.509124 0.026668
7 0.530625 0.059073 0.044621 0.020000
7 0.899315 0.760186 0.024267 0.020000
7 0.898142 0.736852 0.025051 0.022223
7 0.899315 0.695186 0.027399 0.025555
7 0.714971 0.764075 0.028180 0.014441
7 0.713013 0.756298 0.024264 0.016668
7 0.713404 0.731296 0.026614 0.020000
7 0.713796 0.684632 0.032094 0.020000
7 0.527885 0.735186 0.029746 0.025555
7 0.527102 0.683520 0.031312 0.013332
7 0.526710 0.669073 0.036791 0.020000
7 0.527494 0.481852 0.033659 0.021113
7 0.342757 0.762964 0.022701 0.021109
7 0.342365 0.738518 0.023485 0.018891
7 0.341972 0.712964 0.030528 0.027781
7 0.154495 0.754075 0.028180 0.016668
7 0.155280 0.747964 0.028180 0.017781
7 0.154104 0.721852 0.025830 0.025559
7 0.158410 0.645184 0.037573 0.027777
