7 0.859073 0.076793 0.040610 0.034651
11 0.019768 0.481845 0.024578 0.323433
7 0.199142 0.148244 0.044887 0.034651
9 0.045686 0.117240 0.027891 0.038115
9 0.045151 0.228626 0.026821 0.033164
9 0.045684 0.340838 0.025755 0.033170
7 0.416625 0.113840 0.042747 0.036469
7 0.637848 0.079183 0.042751 0.036469
9 0.045684 0.455523 0.025755 0.034816
8 0.197069 0.933299 0.051300 0.037821
8 0.418292 0.933299 0.052580 0.037821
8 0.636310 0.933296 0.060277 0.029896
8 0.860101 0.934979 0.056429 0.033666
9 0.046754 0.565260 0.025755 0.033164
9 0.045151 0.679948 0.031102 0.038121
9 0.044883 0.790422 0.029925 0.036304
9 0.051831 0.906759 0.022442 0.031353
2 0.527410 0.032999 0.362295 0.039608
4 0.528583 0.480523 0.922089 0.851487
3 0.929620 0.166662 0.101633 0.193066
10 0.530616 0.968644 0.073742 0.039602
1 0.033662 0.492558 0.067325 0.886120
0 0.528391 0.952800 0.919651 0.093066
