8 0.317451 0.923471 0.023927 0.034654
9 0.049658 0.889444 0.024749 0.031689
9 0.048290 0.751821 0.024749 0.033664
9 0.050342 0.608257 0.023381 0.031682
9 0.051024 0.469640 0.019281 0.031682
9 0.049658 0.331030 0.019277 0.031682
9 0.048359 0.192416 0.021875 0.039601
11 0.021629 0.480531 0.028848 0.322773
1 0.036873 0.492812 0.068361 0.855445
4 0.527709 0.476967 0.916048 0.827719
2 0.527436 0.037167 0.417008 0.045538
7 0.144808 0.122762 0.039803 0.033835
7 0.232197 0.116497 0.043263 0.033835
7 0.315691 0.114615 0.037210 0.032580
7 0.400485 0.113364 0.033745 0.035082
7 0.485711 0.088300 0.032879 0.030071
7 0.567475 0.115870 0.037205 0.030071
7 0.653991 0.115870 0.037195 0.032580
7 0.740950 0.092060 0.038071 0.027569
7 0.827475 0.113991 0.039803 0.031333
7 0.908807 0.096447 0.039798 0.028817
0 0.524291 0.942117 0.922884 0.104947
10 0.527985 0.963108 0.298056 0.047527
8 0.147119 0.920167 0.025064 0.037954
8 0.488585 0.920830 0.018233 0.026408
8 0.657210 0.920830 0.027343 0.029701
8 0.826405 0.920004 0.019365 0.031354
