8 0.701671 0.940436 0.064394 0.036131
8 0.774755 0.941640 0.047019 0.043360
8 0.849371 0.944047 0.061329 0.038546
7 0.332897 0.445008 0.025131 0.036635
7 0.259926 0.466380 0.029446 0.030532
7 0.186956 0.565093 0.028584 0.032562
11 0.012691 0.486643 0.016182 0.321216
8 0.920614 0.942361 0.061329 0.040956
7 0.112689 0.522353 0.028584 0.032568
9 0.027557 0.615529 0.016271 0.036137
9 0.027983 0.467972 0.017123 0.030119
9 0.027983 0.318408 0.017123 0.028105
9 0.029687 0.764092 0.013715 0.044169
1 0.020614 0.496680 0.041229 0.899400
9 0.028451 0.172455 0.015332 0.042161
10 0.517378 0.971473 0.039182 0.042155
9 0.028836 0.913648 0.018824 0.038156
0 0.515839 0.957330 0.954692 0.085339
7 0.920073 0.506680 0.026770 0.036640
7 0.846281 0.333068 0.027720 0.032562
7 0.773743 0.244531 0.027720 0.030532
7 0.699476 0.208914 0.027720 0.028495
7 0.626075 0.075600 0.027720 0.030532
7 0.552240 0.112234 0.026856 0.030532
7 0.479269 0.258778 0.027720 0.030532
8 0.555505 0.942845 0.029642 0.040950
8 0.479866 0.940436 0.031687 0.040950
8 0.407293 0.941640 0.025553 0.038541
8 0.333698 0.940436 0.027598 0.036131
8 0.260616 0.941640 0.038841 0.038541
8 0.186509 0.941640 0.050086 0.038541
8 0.114959 0.942842 0.048042 0.036137
4 0.516867 0.483430 0.952640 0.862460
7 0.406298 0.296431 0.026856 0.028495
2 0.515250 0.025902 0.196763 0.046171
8 0.628588 0.941640 0.044975 0.038541
