9 0.066987 0.344580 0.056902 0.033837
9 0.085426 0.835183 0.022127 0.030073
7 0.254015 0.076408 0.055846 0.026315
7 0.542724 0.523152 0.057954 0.030079
7 0.838804 0.798214 0.047414 0.028823
2 0.547466 0.030045 0.307674 0.036338
4 0.545883 0.442949 0.881923 0.781955
1 0.056397 0.463628 0.099152 0.823313
0 0.537928 0.913501 0.895732 0.159149
10 0.544304 0.969893 0.113799 0.033837
11 0.026369 0.444203 0.030663 0.082704
8 0.251909 0.899093 0.083240 0.097746
9 0.066987 0.670394 0.059005 0.033837
8 0.544829 0.897839 0.087451 0.102755
8 0.838806 0.879042 0.053738 0.062659
9 0.065933 0.177915 0.054794 0.028823
9 0.068041 0.508115 0.056897 0.032580
