7 0.738332 0.089621 0.034629 0.026131
11 0.014467 0.434675 0.017973 0.319644
0 0.519791 0.904344 0.945486 0.183541
10 0.520474 0.969301 0.054516 0.048117
7 0.126933 0.074811 0.034629 0.031363
8 0.125243 0.889910 0.064396 0.129921
8 0.212586 0.890526 0.061433 0.127862
7 0.213720 0.079166 0.035492 0.029621
7 0.300507 0.078295 0.034629 0.027879
7 0.388593 0.079166 0.032902 0.029621
7 0.475812 0.080908 0.034629 0.029621
7 0.564326 0.082650 0.033765 0.026137
7 0.651545 0.087005 0.033765 0.031363
9 0.032825 0.134966 0.022997 0.039525
7 0.827710 0.090492 0.033765 0.027873
7 0.912770 0.089621 0.036355 0.029615
1 0.023440 0.448594 0.046880 0.790515
8 0.300491 0.888464 0.063476 0.127856
8 0.385841 0.885370 0.062453 0.117551
8 0.472722 0.884341 0.058363 0.119610
8 0.562160 0.879183 0.055299 0.105175
8 0.650575 0.882277 0.054275 0.115481
8 0.736947 0.888464 0.063476 0.131985
8 0.824340 0.890526 0.064497 0.136109
8 0.915311 0.887438 0.062453 0.134038
3 0.138021 0.778546 0.170356 0.044683
4 0.520814 0.430653 0.945486 0.758897
2 0.519195 0.029276 0.333047 0.041244
9 0.034826 0.812919 0.015416 0.039525
9 0.033122 0.678015 0.018825 0.037805
9 0.032269 0.540535 0.017121 0.037811
9 0.033548 0.407350 0.019678 0.032653
9 0.033123 0.272446 0.020527 0.034372
