7 0.527104 0.072760 0.044431 0.023965
7 0.827474 0.072760 0.045357 0.023965
4 0.527363 0.484721 0.925068 0.881331
10 0.529682 0.976722 0.082494 0.033330
11 0.015240 0.486722 0.017612 0.218664
2 0.526438 0.023390 0.302176 0.033335
3 0.926866 0.099389 0.114939 0.094666
9 0.042529 0.149320 0.030544 0.027963
9 0.041604 0.280472 0.032395 0.029294
9 0.041604 0.410296 0.030544 0.025296
9 0.043456 0.540115 0.032398 0.026632
9 0.042531 0.668604 0.032398 0.033287
9 0.042993 0.795763 0.031473 0.026632
9 0.050861 0.925584 0.019439 0.025301
8 0.226733 0.948884 0.052763 0.026632
8 0.528955 0.947552 0.070348 0.023969
8 0.829789 0.947552 0.044428 0.026632
7 0.228582 0.075422 0.045357 0.021302
0 0.526179 0.960868 0.927496 0.069237
1 0.034153 0.495510 0.062109 0.906746
