4 0.537573 0.477713 0.897605 0.823437
9 0.059218 0.103952 0.032014 0.036300
9 0.059833 0.216161 0.033243 0.033004
9 0.059218 0.330021 0.034473 0.039602
9 0.059218 0.439762 0.034473 0.034652
9 0.061680 0.555270 0.034478 0.037955
9 0.060448 0.666658 0.032014 0.036300
9 0.067220 0.779695 0.025856 0.031349
9 0.066606 0.887781 0.027085 0.033004
8 0.216206 0.920785 0.023392 0.033004
8 0.429833 0.920785 0.027085 0.033004
8 0.645925 0.920785 0.025861 0.033004
8 0.860170 0.923260 0.028320 0.037955
0 0.538188 0.940586 0.898834 0.102308
1 0.048691 0.498338 0.082618 0.864688
2 0.539420 0.038768 0.256105 0.044553
3 0.184194 0.127880 0.168686 0.094055
7 0.216206 0.683157 0.023392 0.033004
7 0.216206 0.752464 0.023392 0.039602
7 0.432297 0.457912 0.024626 0.034659
7 0.428604 0.636953 0.036942 0.036307
7 0.645310 0.259066 0.034478 0.039609
7 0.645310 0.526392 0.034478 0.036307
7 0.859491 0.080025 0.029677 0.031357
7 0.858320 0.415007 0.036937 0.037955
10 0.536955 0.962038 0.123132 0.036307
11 0.027205 0.477713 0.029555 0.103963
