9 0.038336 0.363188 0.025553 0.028506
0 0.525979 0.909094 0.935250 0.171042
1 0.033183 0.447999 0.055453 0.788216
2 0.525986 0.028233 0.408861 0.037057
4 0.526456 0.438091 0.929387 0.771254
7 0.173344 0.070279 0.046849 0.027079
7 0.348814 0.135847 0.048554 0.027079
7 0.525986 0.145822 0.050253 0.032781
7 0.702733 0.161502 0.044294 0.027085
7 0.875646 0.190722 0.045996 0.031355
11 0.016148 0.444434 0.015420 0.344933
10 0.525986 0.969671 0.067288 0.038484
8 0.172493 0.900474 0.067292 0.117023
8 0.348814 0.888358 0.050253 0.089939
8 0.526411 0.889783 0.056219 0.095641
8 0.700177 0.887645 0.051106 0.091366
8 0.877348 0.869827 0.034071 0.058584
9 0.038336 0.824289 0.027258 0.032781
9 0.037911 0.732352 0.029813 0.031360
9 0.039614 0.642556 0.024704 0.031355
9 0.043021 0.550622 0.031519 0.029928
9 0.040466 0.457974 0.028108 0.029928
9 0.041319 0.270541 0.029813 0.022809
9 0.040466 0.180744 0.028108 0.025658
9 0.040466 0.086669 0.029813 0.025658
