9 0.038616 0.552941 0.033835 0.026810
7 0.138305 0.078577 0.039846 0.032415
7 0.225708 0.492200 0.035991 0.027229
7 0.312149 0.637421 0.037917 0.029819
7 0.396018 0.647144 0.035988 0.031120
7 0.484385 0.655571 0.039204 0.029819
7 0.569218 0.658165 0.023779 0.024632
7 0.654693 0.662053 0.028921 0.027229
7 0.742418 0.664649 0.028279 0.024638
7 0.828537 0.668538 0.025708 0.029825
7 0.913370 0.676965 0.025708 0.025933
9 0.049860 0.897330 0.015436 0.035057
9 0.044239 0.781850 0.026678 0.026810
9 0.040662 0.670486 0.033832 0.035057
9 0.039638 0.440551 0.035879 0.028874
9 0.038616 0.328159 0.033835 0.030933
9 0.039638 0.209581 0.033832 0.028869
9 0.038872 0.099047 0.034755 0.028874
11 0.013830 0.474358 0.021463 0.247438
1 0.032637 0.489426 0.057239 0.878501
4 0.526437 0.473340 0.930154 0.847574
2 0.525925 0.028931 0.358775 0.041244
8 0.913573 0.927028 0.015332 0.034372
8 0.830950 0.927028 0.018738 0.037811
8 0.742365 0.932183 0.018741 0.034367
8 0.657187 0.933043 0.015332 0.039525
8 0.569024 0.933043 0.019591 0.039525
8 0.484699 0.933900 0.019591 0.034372
8 0.398242 0.933903 0.018738 0.037805
8 0.311360 0.933043 0.018738 0.042964
8 0.223200 0.930464 0.016184 0.037805
8 0.138445 0.935619 0.017037 0.044678
10 0.527969 0.970334 0.117547 0.039186
0 0.508038 0.949593 0.968994 0.100814
