2 0.522348 0.027902 0.294379 0.039186
8 0.132484 0.927887 0.030664 0.070458
10 0.523370 0.968272 0.036798 0.030933
0 0.503539 0.935896 0.976151 0.119610
9 0.035549 0.089975 0.027701 0.024745
8 0.652075 0.922732 0.027255 0.060147
4 0.523267 0.464678 0.938332 0.824887
8 0.739809 0.921872 0.027255 0.061867
8 0.827118 0.924449 0.029812 0.070458
8 0.912722 0.920153 0.028960 0.065305
8 0.390575 0.923592 0.028960 0.061867
8 0.305397 0.922732 0.030664 0.063586
1 0.028650 0.477466 0.053151 0.851697
8 0.217237 0.924449 0.028110 0.067019
9 0.035551 0.191024 0.023611 0.032998
9 0.043216 0.875679 0.016456 0.028869
9 0.038616 0.777723 0.019521 0.030933
9 0.038094 0.678736 0.020566 0.030933
11 0.013063 0.462203 0.019521 0.228908
9 0.039127 0.582845 0.018500 0.028869
9 0.036061 0.483857 0.024631 0.032998
9 0.036061 0.383838 0.024631 0.030933
9 0.036061 0.287947 0.024631 0.032998
8 0.478310 0.924451 0.027255 0.060147
8 0.567327 0.924449 0.029804 0.056714
7 0.915618 0.076632 0.025063 0.028524
7 0.826608 0.076635 0.025708 0.023337
7 0.739526 0.076632 0.027637 0.025933
7 0.655978 0.078577 0.030207 0.032415
7 0.566968 0.077282 0.024421 0.024632
7 0.480207 0.076632 0.026992 0.025933
7 0.392803 0.077930 0.025708 0.023337
7 0.306685 0.078580 0.029563 0.027229
7 0.217997 0.075984 0.023137 0.024638
7 0.132843 0.077930 0.028921 0.025928
