7 0.476677 0.567447 0.051814 0.028212
3 0.928385 0.232329 0.117548 0.343944
7 0.126937 0.068149 0.053539 0.028036
7 0.215020 0.340535 0.053539 0.033467
7 0.301809 0.405365 0.054404 0.029962
7 0.390754 0.558683 0.054404 0.031717
7 0.563897 0.591978 0.053541 0.031711
7 0.652844 0.594605 0.053539 0.029967
7 0.740064 0.595483 0.053541 0.028212
7 0.826419 0.709375 0.044907 0.031717
7 0.914330 0.747836 0.046632 0.035047
1 0.024669 0.438001 0.049338 0.782935
4 0.521229 0.431262 0.942420 0.759089
2 0.520803 0.027521 0.317718 0.038025
0 0.520718 0.905403 0.943441 0.189194
10 0.519526 0.970332 0.052812 0.043209
11 0.013985 0.434545 0.017881 0.319742
9 0.032686 0.812965 0.023085 0.027828
9 0.033963 0.723955 0.020530 0.026100
9 0.033112 0.635809 0.022233 0.033012
9 0.033537 0.550255 0.021381 0.031284
9 0.034389 0.460381 0.021381 0.027828
9 0.033963 0.374830 0.023936 0.029550
9 0.031876 0.286772 0.023001 0.027652
9 0.033112 0.198546 0.022233 0.029567
9 0.031025 0.111344 0.024704 0.025924
8 0.124636 0.864728 0.040887 0.078815
8 0.214175 0.873958 0.050087 0.097691
8 0.301571 0.869808 0.040881 0.089391
8 0.388451 0.890549 0.065418 0.135019
8 0.474312 0.866698 0.036799 0.083171
8 0.563750 0.866698 0.037821 0.083171
8 0.649098 0.887438 0.059284 0.128799
8 0.738026 0.867735 0.038843 0.089391
8 0.824908 0.865661 0.040884 0.076950
8 0.913324 0.863587 0.037818 0.081097
