9 0.050693 0.381956 0.047350 0.028053
7 0.306040 0.080802 0.062008 0.033006
7 0.764876 0.063473 0.059752 0.024752
3 0.934545 0.085751 0.099208 0.066007
2 0.536020 0.024695 0.233364 0.033006
4 0.536019 0.485093 0.909775 0.881188
0 0.534330 0.958690 0.913165 0.066007
1 0.042238 0.494993 0.075531 0.904289
10 0.538276 0.975191 0.057497 0.029704
11 0.015179 0.485091 0.019166 0.184819
8 0.307168 0.949614 0.055241 0.028053
8 0.763186 0.948788 0.042839 0.026403
9 0.049565 0.055224 0.049606 0.021450
9 0.049565 0.164962 0.049606 0.026403
9 0.049565 0.273869 0.047350 0.029704
9 0.050129 0.489218 0.046222 0.028053
9 0.049001 0.598953 0.046222 0.023106
9 0.050129 0.708688 0.048478 0.028053
9 0.049565 0.817600 0.049606 0.028053
9 0.068167 0.926512 0.019162 0.028053
