7 0.832400 0.443626 0.082586 0.036301
7 0.260858 0.077534 0.081352 0.033167
7 0.546196 0.363840 0.085049 0.031516
10 0.546639 0.970288 0.062860 0.039604
0 0.545875 0.956895 0.887448 0.086210
2 0.547871 0.030520 0.334026 0.041256
8 0.262100 0.938111 0.066684 0.028054
8 0.545591 0.939760 0.066679 0.031352
8 0.832155 0.938111 0.072826 0.037952
9 0.064567 0.150614 0.063338 0.032087
9 0.064611 0.277989 0.060858 0.031058
9 0.065467 0.407480 0.059147 0.028761
9 0.065038 0.532961 0.061711 0.025322
9 0.064183 0.661309 0.061715 0.032200
9 0.071031 0.782206 0.056578 0.037930
9 0.087721 0.913416 0.021483 0.027613
11 0.021749 0.481841 0.023540 0.260730
4 0.546762 0.481513 0.884491 0.861386
1 0.051888 0.490860 0.103777 0.889321
