8 0.213991 0.937258 0.052756 0.045741
9 0.060759 0.728626 0.035695 0.029871
9 0.056050 0.550410 0.047209 0.029865
9 0.057096 0.373014 0.047205 0.034816
9 0.055474 0.196365 0.048152 0.032999
0 0.535355 0.951808 0.909523 0.095049
2 0.536968 0.032176 0.353797 0.041255
4 0.538057 0.480921 0.904375 0.847521
1 0.043437 0.492558 0.086875 0.886120
10 0.538014 0.969468 0.119328 0.041248
11 0.016745 0.483491 0.025120 0.277228
7 0.215245 0.308559 0.051289 0.033164
7 0.431394 0.494204 0.046056 0.041420
7 0.648591 0.391891 0.055474 0.034823
7 0.863379 0.077289 0.053381 0.034651
3 0.162453 0.166662 0.137127 0.196371
9 0.070181 0.906845 0.018948 0.029871
8 0.431291 0.936267 0.047729 0.043758
8 0.648593 0.934275 0.077877 0.039774
8 0.864385 0.938938 0.094204 0.041585
