4 0.526562 0.481010 0.932198 0.849033
11 0.013018 0.484908 0.016183 0.257283
9 0.047602 0.904550 0.015333 0.031181
9 0.041213 0.799299 0.026405 0.035086
9 0.042066 0.694045 0.026405 0.038984
9 0.041214 0.586845 0.028109 0.035086
7 0.892466 0.849749 0.025044 0.039718
7 0.746094 0.860615 0.025908 0.041695
7 0.599289 0.766753 0.031089 0.043666
7 0.451621 0.563219 0.027633 0.039718
7 0.306542 0.432803 0.041450 0.035765
7 0.162760 0.076129 0.038861 0.037742
9 0.038232 0.479645 0.032367 0.031187
9 0.038659 0.376343 0.033220 0.035086
9 0.037380 0.265242 0.032370 0.035086
9 0.037721 0.159406 0.031516 0.035080
1 0.030147 0.493693 0.060294 0.879076
8 0.891264 0.935698 0.040885 0.046781
8 0.745098 0.936867 0.059283 0.044443
8 0.599442 0.938035 0.062351 0.042105
8 0.451230 0.935698 0.060305 0.046781
8 0.307108 0.936867 0.050086 0.044443
8 0.163189 0.937099 0.037820 0.044443
10 0.525796 0.969259 0.091142 0.048727
2 0.525796 0.029789 0.288756 0.044829
0 0.524671 0.952540 0.933322 0.094920
