9 0.071560 0.126137 0.053379 0.033664
9 0.077397 0.265742 0.048377 0.023765
9 0.078230 0.408317 0.043370 0.027725
9 0.075729 0.547922 0.045040 0.029703
9 0.077397 0.692476 0.045035 0.029703
9 0.087407 0.835048 0.028358 0.029703
7 0.879184 0.130908 0.052780 0.028818
7 0.711869 0.181661 0.053837 0.027569
7 0.549304 0.079529 0.068613 0.031328
7 0.381461 0.157852 0.058060 0.027569
7 0.215203 0.101459 0.069670 0.032577
0 0.525609 0.914059 0.919108 0.158415
10 0.546461 0.968515 0.170146 0.037625
8 0.212428 0.894916 0.079231 0.092409
4 0.547957 0.445345 0.877414 0.776235
8 0.379792 0.877838 0.044483 0.052975
8 0.712017 0.880311 0.047263 0.057922
8 0.878825 0.898465 0.083407 0.097524
8 0.546600 0.892689 0.075059 0.085972
11 0.023518 0.448711 0.028358 0.106936
1 0.055212 0.459602 0.108424 0.809905
2 0.548129 0.033860 0.360307 0.041580
