4 0.538188 0.477713 0.896375 0.823437
3 0.205125 0.127876 0.208087 0.097358
2 0.538188 0.038771 0.428490 0.057756
1 0.048074 0.490089 0.086312 0.848189
0 0.538188 0.943061 0.896375 0.107259
9 0.067838 0.888604 0.019703 0.034652
7 0.169417 0.414180 0.033249 0.033004
7 0.245143 0.303622 0.032014 0.036307
7 0.387909 0.079197 0.029671 0.029702
7 0.465541 0.147681 0.032014 0.034652
7 0.607138 0.191410 0.034478 0.036300
7 0.685943 0.100650 0.032014 0.033004
7 0.828095 0.080849 0.035829 0.033004
7 0.905109 0.414180 0.034478 0.033004
8 0.206296 0.924084 0.030906 0.039602
8 0.428543 0.924084 0.037064 0.036307
8 0.647711 0.923260 0.037064 0.037955
8 0.865707 0.922433 0.036937 0.036300
9 0.060450 0.105600 0.036937 0.036300
9 0.059218 0.216985 0.032014 0.034652
9 0.059836 0.328374 0.035707 0.036307
9 0.059833 0.442237 0.033243 0.039602
9 0.059833 0.553619 0.033243 0.034652
9 0.059833 0.665007 0.030784 0.036307
9 0.065988 0.775568 0.020933 0.032997
