9 0.039992 0.587508 0.042057 0.036386
9 0.041471 0.427180 0.041464 0.033603
9 0.040583 0.267551 0.043240 0.032206
9 0.039401 0.103739 0.044423 0.033597
8 0.280608 0.940399 0.039710 0.036386
7 0.495245 0.235373 0.047581 0.032568
1 0.033009 0.490625 0.066019 0.884474
7 0.136436 0.605800 0.046719 0.028490
7 0.208543 0.610888 0.045856 0.030532
11 0.010990 0.480622 0.017886 0.333258
10 0.529729 0.971473 0.036626 0.042155
8 0.922277 0.938787 0.059222 0.036386
8 0.423525 0.939188 0.026359 0.035583
8 0.494555 0.939188 0.026700 0.035583
8 0.564558 0.939593 0.029098 0.034774
8 0.636445 0.939186 0.040737 0.032353
7 0.279786 0.370721 0.044992 0.030526
2 0.530156 0.024898 0.224872 0.044163
7 0.565625 0.077636 0.043264 0.030532
7 0.352327 0.673982 0.048445 0.030532
8 0.707646 0.937978 0.058536 0.031544
7 0.423570 0.151923 0.047581 0.032568
4 0.529644 0.482226 0.927087 0.860051
0 0.528621 0.956126 0.929131 0.087749
7 0.637300 0.301521 0.044992 0.030532
8 0.781072 0.936768 0.043132 0.027517
8 0.208209 0.941205 0.048267 0.033156
7 0.709407 0.260814 0.047583 0.030532
8 0.137349 0.939994 0.046213 0.035577
7 0.780650 0.487752 0.044992 0.032562
7 0.850168 0.543725 0.045856 0.034598
7 0.921800 0.596236 0.044041 0.036635
8 0.350270 0.941609 0.027043 0.035583
8 0.851247 0.938380 0.056139 0.033965
9 0.055934 0.913942 0.015971 0.029242
9 0.039696 0.749231 0.041466 0.036391
