8 0.857521 0.937255 0.098203 0.041781
3 0.529281 0.165012 0.138167 0.196365
4 0.529756 0.479930 0.916981 0.849504
1 0.035593 0.488446 0.071186 0.874590
7 0.640812 0.337436 0.047828 0.038115
7 0.420808 0.477702 0.045700 0.034816
7 0.202931 0.207072 0.045704 0.038121
11 0.018597 0.482668 0.022318 0.169963
9 0.049259 0.419220 0.036240 0.034816
9 0.048729 0.518231 0.035179 0.031518
9 0.048729 0.613112 0.035179 0.036469
9 0.046762 0.904284 0.034013 0.036304
7 0.861878 0.077534 0.049953 0.033170
9 0.046602 0.807007 0.033055 0.041420
9 0.048197 0.711300 0.034115 0.038121
9 0.048197 0.128791 0.034115 0.034816
10 0.529281 0.969468 0.119034 0.041248
0 0.530132 0.953133 0.915723 0.093733
8 0.203634 0.936961 0.058668 0.041585
8 0.420639 0.934287 0.058794 0.043764
8 0.639430 0.937255 0.085451 0.041781
9 0.048195 0.224501 0.031991 0.034816
2 0.528218 0.032176 0.299716 0.041255
9 0.047665 0.321034 0.035179 0.033170
