10 0.530343 0.970294 0.119038 0.046206
3 0.149854 0.795376 0.140292 0.193066
9 0.049259 0.075159 0.031991 0.029865
9 0.047132 0.243476 0.034115 0.033170
9 0.048727 0.409321 0.033055 0.031518
9 0.048727 0.575162 0.030926 0.036469
9 0.047132 0.740177 0.034115 0.043072
9 0.047294 0.905936 0.032948 0.032999
8 0.200637 0.935278 0.057521 0.041781
8 0.421340 0.936267 0.052290 0.035838
8 0.640006 0.934287 0.074099 0.039798
8 0.861730 0.934979 0.091825 0.037619
11 0.017534 0.481842 0.026571 0.399339
4 0.530769 0.480523 0.916996 0.847521
1 0.035550 0.490095 0.071100 0.874584
7 0.861250 0.076463 0.053126 0.036304
7 0.639750 0.136117 0.054202 0.034816
7 0.420808 0.190572 0.052077 0.034816
7 0.202400 0.094862 0.059519 0.038121
2 0.533000 0.033825 0.479330 0.037956
0 0.529493 0.951812 0.919547 0.091089
