9 0.027867 0.104434 0.018987 0.029412
9 0.028162 0.680232 0.018397 0.035011
9 0.027865 0.793843 0.020170 0.033603
9 0.028428 0.909768 0.018930 0.026493
7 0.927455 0.089847 0.029448 0.034604
7 0.882982 0.684160 0.028584 0.038671
7 0.798354 0.113252 0.026859 0.032568
7 0.753882 0.672967 0.027720 0.040707
7 0.670548 0.111213 0.026856 0.040696
3 0.937821 0.483029 0.099659 0.076284
9 0.028162 0.218057 0.018397 0.036386
7 0.107897 0.671541 0.024178 0.040707
7 0.151981 0.110201 0.027720 0.042743
7 0.236178 0.666858 0.028584 0.036635
7 0.281946 0.078654 0.026859 0.032568
7 0.364849 0.673985 0.026856 0.046816
7 0.411911 0.072545 0.029448 0.032568
7 0.493950 0.672967 0.025995 0.036635
7 0.540582 0.081705 0.027720 0.034598
8 0.129586 0.939423 0.046419 0.033982
8 0.258776 0.939423 0.044363 0.035916
8 0.388992 0.939423 0.066547 0.035916
8 0.517565 0.939423 0.050936 0.032048
1 0.020188 0.489652 0.040377 0.889361
7 0.624779 0.668894 0.026856 0.036635
8 0.647372 0.941844 0.033684 0.040758
8 0.775534 0.939907 0.048471 0.033015
8 0.905750 0.940390 0.042721 0.037851
11 0.010565 0.483631 0.015332 0.178676
4 0.517378 0.482229 0.953662 0.860045
0 0.516459 0.956844 0.954276 0.086312
10 0.518230 0.970469 0.073254 0.040147
2 0.517378 0.025902 0.318567 0.046171
9 0.028162 0.333758 0.018397 0.030786
9 0.027274 0.448792 0.018987 0.029417
9 0.029050 0.566598 0.016621 0.030809
