4 0.535445 0.478653 0.905554 0.823307
0 0.535017 0.942313 0.904699 0.104013
1 0.043795 0.490556 0.079446 0.849622
2 0.535870 0.036924 0.458756 0.047619
10 0.532881 0.966750 0.117891 0.040100
11 0.022864 0.479277 0.030753 0.358396
7 0.190306 0.093938 0.066638 0.033835
7 0.362442 0.154718 0.069189 0.035082
7 0.534164 0.087673 0.064072 0.031326
7 0.702459 0.135292 0.072614 0.033835
7 0.877590 0.122135 0.067493 0.032580
8 0.193724 0.923514 0.063222 0.036336
8 0.363302 0.923514 0.062366 0.038845
8 0.533734 0.922259 0.058090 0.041354
8 0.704594 0.922890 0.061511 0.035089
8 0.877162 0.923517 0.061506 0.033835
9 0.054900 0.133414 0.031608 0.042609
9 0.057466 0.259982 0.031608 0.037598
9 0.055328 0.384041 0.035884 0.030078
9 0.054475 0.511233 0.025627 0.036336
9 0.056611 0.639679 0.031608 0.035082
9 0.060454 0.761233 0.023921 0.030078
9 0.062162 0.888428 0.020505 0.033835
