11 0.015362 0.382818 0.018399 0.229032
7 0.139591 0.069281 0.030849 0.023350
7 0.226993 0.573950 0.028279 0.028546
7 0.313112 0.607035 0.028276 0.024652
7 0.396016 0.610277 0.025708 0.023350
7 0.483422 0.618710 0.023137 0.027244
7 0.571468 0.624547 0.024421 0.025948
7 0.655336 0.647250 0.025066 0.027244
7 0.742418 0.655034 0.026995 0.024646
7 0.828858 0.656981 0.026350 0.028540
7 0.914976 0.663469 0.027637 0.031138
0 0.506377 0.849669 0.973678 0.279949
10 0.526437 0.967787 0.051107 0.033016
8 0.084784 0.838653 0.115842 0.226972
8 0.187424 0.800826 0.072403 0.151319
8 0.292620 0.765577 0.039184 0.073939
8 0.379076 0.766437 0.033218 0.068778
8 0.466810 0.764717 0.029812 0.068778
8 0.546878 0.777612 0.043440 0.098008
8 0.635039 0.770736 0.042588 0.084256
8 0.712977 0.788789 0.060477 0.120362
8 0.801563 0.780192 0.053661 0.110051
8 0.898668 0.756978 0.029812 0.056740
2 0.527969 0.032043 0.246339 0.043328
4 0.527969 0.380747 0.931177 0.658200
1 0.032637 0.419341 0.057239 0.736633
9 0.039893 0.116641 0.034752 0.030951
9 0.039640 0.214652 0.031789 0.028885
9 0.040150 0.312666 0.034856 0.026825
9 0.041172 0.413761 0.032812 0.026842
9 0.039383 0.515905 0.031685 0.037142
9 0.043727 0.611853 0.025655 0.030951
9 0.050371 0.709864 0.010325 0.028885
