9 0.046573 0.905309 0.031001 0.032001
7 0.761360 0.077044 0.053244 0.034663
7 0.300207 0.080376 0.061833 0.033335
4 0.530434 0.478176 0.916114 0.849731
1 0.036269 0.491977 0.068786 0.874663
0 0.530097 0.950646 0.917150 0.090667
8 0.760674 0.934645 0.064407 0.037332
8 0.299521 0.932647 0.095321 0.030667
9 0.043997 0.785976 0.025849 0.027999
9 0.047432 0.666643 0.027564 0.023996
9 0.047432 0.549979 0.025845 0.027999
9 0.047002 0.430646 0.028423 0.026665
9 0.045327 0.308644 0.030055 0.033335
9 0.047905 0.191313 0.033492 0.030667
9 0.045757 0.073311 0.032633 0.031995
11 0.018707 0.487310 0.026622 0.262662
10 0.527521 0.965979 0.166598 0.038666
2 0.530095 0.031310 0.503232 0.044002
