4 0.521863 0.437387 0.939833 0.793328
7 0.248040 0.446057 0.043776 0.024003
7 0.356584 0.380723 0.042881 0.026664
7 0.466022 0.347389 0.040202 0.026668
7 0.575461 0.334057 0.042881 0.021330
7 0.685793 0.264057 0.043776 0.028003
7 0.795679 0.095390 0.040202 0.029333
7 0.904670 0.063390 0.040202 0.021330
7 0.139495 0.530058 0.046455 0.026668
0 0.524540 0.913392 0.938044 0.161334
1 0.028715 0.464057 0.050029 0.846668
10 0.519625 0.974724 0.052708 0.028003
11 0.013082 0.440723 0.018763 0.237331
9 0.035415 0.052725 0.024122 0.021334
9 0.035417 0.152058 0.025907 0.022669
9 0.034523 0.249389 0.022336 0.020000
9 0.034076 0.347391 0.019654 0.021334
9 0.034968 0.444722 0.023228 0.021334
9 0.034523 0.543390 0.020548 0.021330
9 0.034970 0.640723 0.025013 0.021334
9 0.034970 0.740725 0.025013 0.023999
9 0.034970 0.836057 0.026801 0.027998
8 0.136814 0.876657 0.039311 0.066797
8 0.248487 0.869991 0.037522 0.045467
8 0.355244 0.877325 0.054497 0.068132
8 0.465130 0.903991 0.077724 0.110796
8 0.577248 0.883325 0.050032 0.069466
8 0.686240 0.905990 0.076830 0.120133
8 0.794338 0.903325 0.075045 0.120133
8 0.904671 0.880656 0.041987 0.066797
2 0.521412 0.022667 0.258186 0.030783
