2 0.546457 0.030643 0.419015 0.042668
11 0.023205 0.482644 0.022705 0.085337
10 0.546971 0.967310 0.162032 0.036004
8 0.322501 0.935979 0.125912 0.037332
8 0.765767 0.933978 0.089792 0.033329
9 0.064486 0.104642 0.053671 0.030667
9 0.067065 0.218644 0.056765 0.032001
9 0.067582 0.333975 0.057797 0.030667
9 0.066033 0.447310 0.056765 0.033335
0 0.544391 0.951313 0.883439 0.092001
9 0.066549 0.561313 0.057797 0.026665
1 0.056180 0.508644 0.097115 0.902662
9 0.065000 0.674642 0.054699 0.029333
9 0.068614 0.788644 0.055732 0.027999
9 0.084612 0.903975 0.027868 0.029333
7 0.323532 0.080646 0.057797 0.030667
7 0.768347 0.251313 0.059858 0.033335
4 0.546457 0.479979 0.881374 0.845330
3 0.883420 0.109312 0.188868 0.085330
