4 0.519791 0.484270 0.945486 0.862002
8 0.476085 0.936233 0.073942 0.034808
8 0.124870 0.935820 0.073120 0.030667
7 0.474992 0.114884 0.025907 0.052268
7 0.562642 0.150597 0.028497 0.054010
7 0.649861 0.120981 0.026770 0.057494
9 0.035132 0.913425 0.014788 0.025062
2 0.519195 0.028416 0.339865 0.046403
9 0.035545 0.776604 0.015380 0.031148
8 0.212775 0.935820 0.070653 0.029005
10 0.519622 0.971024 0.040886 0.041244
8 0.564195 0.937893 0.072708 0.033150
0 0.519076 0.956193 0.945688 0.087613
1 0.023866 0.490701 0.047732 0.881606
8 0.913974 0.943278 0.072299 0.042268
8 0.826683 0.937893 0.070244 0.033150
8 0.740214 0.938719 0.074760 0.033150
8 0.651487 0.937477 0.073942 0.032319
8 0.389616 0.937062 0.072705 0.029836
8 0.301093 0.935820 0.072296 0.027353
9 0.032588 0.642342 0.018929 0.032342
9 0.032883 0.506892 0.018338 0.031148
9 0.032588 0.369050 0.017746 0.032342
9 0.032883 0.237777 0.020704 0.032342
9 0.033179 0.098747 0.018929 0.033535
7 0.123954 0.154081 0.026770 0.054010
11 0.013659 0.482964 0.018738 0.316210
7 0.211605 0.087005 0.025907 0.059236
7 0.298824 0.109658 0.027634 0.055752
7 0.386906 0.134918 0.027634 0.057494
7 0.738375 0.082650 0.027634 0.057494
7 0.825163 0.066100 0.025043 0.055752
7 0.912037 0.133527 0.026770 0.055752
