1 0.038479 0.488446 0.071289 0.863366
0 0.522603 0.949829 0.935261 0.091089
7 0.203502 0.081490 0.043768 0.031328
9 0.046886 0.114088 0.044689 0.031885
9 0.046353 0.272503 0.037238 0.035838
9 0.046352 0.432901 0.041496 0.035838
9 0.049013 0.590327 0.040434 0.033862
9 0.051674 0.747751 0.028727 0.039798
9 0.060184 0.908149 0.020217 0.035845
8 0.200829 0.933987 0.048767 0.033005
2 0.532231 0.030425 0.224614 0.039602
4 0.532710 0.479532 0.917172 0.849504
7 0.641172 0.097154 0.039727 0.030073
11 0.015603 0.480523 0.019152 0.241585
10 0.530584 0.967653 0.080865 0.047521
8 0.643190 0.933990 0.056744 0.034651
8 0.420635 0.933164 0.039013 0.032999
7 0.420991 0.089012 0.038379 0.028819
8 0.859094 0.932338 0.052315 0.034651
3 0.933948 0.147255 0.100016 0.158415
7 0.858997 0.124097 0.041749 0.028819
