9 0.044597 0.523405 0.044378 0.034057
9 0.044171 0.369254 0.043526 0.034057
9 0.044171 0.219584 0.048637 0.035849
9 0.044980 0.068663 0.046849 0.035849
0 0.532118 0.910932 0.920955 0.178135
7 0.831565 0.754329 0.059670 0.032708
1 0.036332 0.446856 0.072664 0.799406
7 0.916410 0.760871 0.059586 0.032708
4 0.532118 0.434678 0.920955 0.770033
11 0.013038 0.435214 0.017036 0.259906
7 0.746506 0.744334 0.058808 0.034528
8 0.915320 0.886698 0.049064 0.109911
8 0.829461 0.870566 0.032708 0.077647
8 0.744622 0.895302 0.059285 0.127120
8 0.658250 0.873790 0.037819 0.079800
8 0.575456 0.871640 0.035775 0.071193
8 0.490107 0.877017 0.047017 0.090549
8 0.402718 0.869489 0.031696 0.071199
8 0.316854 0.864112 0.029641 0.056138
8 0.233550 0.873790 0.040886 0.079800
8 0.147178 0.861959 0.025554 0.056138
7 0.660580 0.742517 0.057943 0.030893
7 0.575952 0.663466 0.056218 0.043613
7 0.488733 0.625305 0.061400 0.032708
7 0.405398 0.555344 0.058808 0.038158
7 0.319475 0.532628 0.059673 0.036343
7 0.233552 0.269134 0.062263 0.032708
7 0.148059 0.068332 0.063987 0.030893
2 0.531350 0.027436 0.281941 0.043019
10 0.533055 0.972053 0.051959 0.039434
9 0.061632 0.821848 0.013713 0.028679
9 0.047152 0.673074 0.039267 0.035849
