11 0.025484 0.405670 0.036365 0.144915
10 0.412722 0.964904 0.154302 0.046106
7 0.674635 0.369436 0.037333 0.040830
7 0.599944 0.480755 0.039317 0.047426
7 0.449579 0.249532 0.047190 0.046043
7 0.523278 0.078957 0.039317 0.039532
7 0.371437 0.112543 0.040302 0.051383
7 0.300675 0.177755 0.044238 0.042149
7 0.221556 0.496564 0.031460 0.047426
7 0.145881 0.512372 0.035381 0.044787
8 0.177087 0.827074 0.086714 0.133213
8 0.252976 0.833191 0.090143 0.130170
8 0.321437 0.843128 0.112968 0.146979
8 0.381333 0.850777 0.118667 0.159213
8 0.467484 0.841596 0.103825 0.146979
8 0.553063 0.832426 0.087873 0.128638
8 0.635794 0.824777 0.084444 0.104149
9 0.061841 0.169468 0.038794 0.047404
9 0.061841 0.303298 0.036508 0.036723
9 0.060135 0.454713 0.023952 0.042830
9 0.061278 0.597723 0.035381 0.032128
9 0.066976 0.746851 0.030810 0.027532
8 0.101214 0.827074 0.092429 0.130149
0 0.394532 0.866277 0.678143 0.235957
1 0.052587 0.410372 0.075683 0.690532
4 0.410833 0.404628 0.642810 0.679340
2 0.409278 0.036138 0.161190 0.059298
3 0.863825 0.286447 0.236857 0.414979
