4 0.431852 0.415106 0.652448 0.698213
7 0.508855 0.622904 0.042321 0.038191
9 0.068116 0.072979 0.054769 0.051915
9 0.068108 0.218043 0.043370 0.079404
9 0.071526 0.362362 0.050207 0.050383
9 0.074388 0.489106 0.037647 0.077872
9 0.070962 0.627298 0.049078 0.082468
9 0.084650 0.765500 0.053625 0.035128
8 0.635207 0.834979 0.098140 0.097745
8 0.474889 0.843372 0.076455 0.102319
8 0.308299 0.857128 0.117520 0.145064
8 0.137711 0.863989 0.130079 0.143553
7 0.194348 0.205957 0.043323 0.034255
0 0.418784 0.873053 0.675278 0.205809
1 0.055238 0.412383 0.093529 0.728596
7 0.351852 0.082766 0.033466 0.032936
2 0.434046 0.036670 0.113211 0.046106
3 0.877997 0.199362 0.215580 0.231872
11 0.024046 0.415415 0.041351 0.197596
10 0.432568 0.960819 0.080715 0.039511
7 0.665866 0.163138 0.049221 0.040830
