9 0.060135 0.622011 0.032417 0.043255
2 0.428196 0.036319 0.195024 0.063830
3 0.886065 0.283117 0.211971 0.415596
11 0.027552 0.417872 0.044515 0.219872
10 0.430318 0.970351 0.184420 0.053894
7 0.708529 0.094468 0.045580 0.055319
7 0.626391 0.241989 0.044515 0.058149
7 0.549014 0.379574 0.038156 0.049660
7 0.466876 0.266096 0.045580 0.058149
7 0.391097 0.670351 0.029666 0.052489
7 0.307369 0.297298 0.040270 0.046809
7 0.230525 0.112904 0.039205 0.043979
7 0.154213 0.403691 0.041335 0.052489
9 0.062981 0.157532 0.036232 0.038170
9 0.059658 0.312777 0.037186 0.050915
9 0.063458 0.466128 0.035278 0.052170
9 0.068219 0.772170 0.029571 0.038170
8 0.098688 0.861819 0.103641 0.133766
8 0.193728 0.860606 0.090413 0.141255
8 0.256486 0.864372 0.095930 0.128660
8 0.334507 0.859915 0.103641 0.135021
8 0.422933 0.858000 0.073211 0.121021
8 0.509420 0.852277 0.076932 0.107021
8 0.592186 0.843372 0.075119 0.086660
8 0.673967 0.862457 0.073211 0.112106
1 0.047401 0.427372 0.083736 0.721979
0 0.413967 0.883894 0.719507 0.209915
4 0.430676 0.421394 0.675151 0.710787
