9 0.064405 0.133287 0.030524 0.039511
4 0.425690 0.418255 0.670968 0.706596
7 0.152643 0.139862 0.040111 0.049638
0 0.425444 0.876926 0.673016 0.207085
1 0.048143 0.423777 0.083587 0.720319
11 0.024603 0.420000 0.040317 0.170213
10 0.427778 0.962553 0.154603 0.055319
7 0.697087 0.083830 0.051952 0.039702
9 0.061071 0.372287 0.029571 0.038234
8 0.656325 0.853426 0.086619 0.113447
8 0.567413 0.845787 0.076159 0.108340
8 0.480413 0.845777 0.079016 0.090489
8 0.399111 0.841957 0.057143 0.098128
8 0.298794 0.840691 0.067619 0.090489
8 0.191341 0.864904 0.113254 0.144021
8 0.122405 0.833670 0.068556 0.112149
9 0.062500 0.780149 0.030524 0.056085
9 0.060603 0.696021 0.043841 0.048426
9 0.065833 0.611904 0.031476 0.035681
9 0.061119 0.533511 0.033286 0.049702
9 0.063024 0.449394 0.035190 0.039511
9 0.065357 0.290074 0.034333 0.034404
9 0.062500 0.210415 0.036238 0.038234
7 0.605079 0.121415 0.047619 0.052489
7 0.515127 0.125681 0.047619 0.055319
7 0.423595 0.208649 0.061381 0.048234
7 0.338889 0.646957 0.054921 0.042553
7 0.243651 0.085255 0.046667 0.051064
3 0.879151 0.266096 0.210587 0.367383
2 0.425714 0.033479 0.146032 0.049638
