7 0.204976 0.595468 0.042333 0.059574
2 0.409183 0.032447 0.150206 0.064894
3 0.864762 0.171340 0.238095 0.187234
11 0.022595 0.405394 0.045190 0.198574
10 0.419262 0.967947 0.138619 0.064106
7 0.621905 0.492617 0.040222 0.063830
7 0.410794 0.086277 0.045492 0.036809
9 0.059563 0.594660 0.031952 0.050468
9 0.061270 0.456245 0.021683 0.061170
9 0.062984 0.304830 0.041079 0.045872
9 0.057278 0.154181 0.047921 0.041298
8 0.562770 0.848479 0.130079 0.163809
8 0.375063 0.832426 0.096984 0.116383
8 0.149698 0.852309 0.159746 0.174532
4 0.413183 0.403574 0.642810 0.677234
0 0.404167 0.868809 0.652905 0.241404
1 0.044770 0.414606 0.083286 0.696447
