9 0.073397 0.616883 0.034476 0.053468
8 0.191476 0.794564 0.051683 0.058702
8 0.111325 0.812383 0.094714 0.085957
9 0.080437 0.741628 0.029794 0.032489
8 0.351405 0.852734 0.144746 0.175043
8 0.434333 0.841202 0.104000 0.143596
8 0.492984 0.828617 0.100889 0.168766
8 0.580571 0.815000 0.097746 0.128936
8 0.625532 0.829149 0.114175 0.138383
7 0.550587 0.397160 0.041270 0.049638
7 0.613548 0.541128 0.040206 0.059574
7 0.677032 0.265255 0.038095 0.055319
10 0.418833 0.965957 0.160841 0.055319
11 0.027833 0.412766 0.043381 0.217021
3 0.863286 0.305670 0.241270 0.456745
2 0.413016 0.031564 0.183079 0.063128
7 0.482857 0.375883 0.037048 0.058149
4 0.418262 0.406202 0.627159 0.674106
7 0.160103 0.206383 0.045508 0.056723
7 0.225714 0.085106 0.039143 0.035447
7 0.286563 0.231915 0.046556 0.053915
8 0.225143 0.839638 0.123556 0.150936
8 0.330325 0.812894 0.068048 0.105872
7 0.418310 0.088660 0.043381 0.042553
7 0.353222 0.597872 0.031746 0.056723
1 0.059460 0.409213 0.091016 0.693064
0 0.415087 0.866809 0.642333 0.238298
9 0.068349 0.090160 0.049270 0.058702
9 0.071873 0.223277 0.031270 0.052426
9 0.071444 0.342255 0.035270 0.034596
9 0.077302 0.480617 0.032921 0.053447
