0 0.425873 0.892734 0.714921 0.214532
1 0.045794 0.432309 0.091587 0.738787
4 0.434286 0.423830 0.688254 0.724681
2 0.434738 0.034032 0.172302 0.068064
11 0.019683 0.431351 0.039365 0.177426
9 0.061048 0.141479 0.043365 0.061170
8 0.126651 0.874872 0.101556 0.136128
7 0.696611 0.578904 0.036524 0.042830
7 0.567103 0.081830 0.074175 0.048936
7 0.431317 0.112415 0.053619 0.058106
7 0.305802 0.269957 0.046778 0.052000
7 0.175722 0.619447 0.046778 0.059660
8 0.261865 0.869511 0.107254 0.104000
8 0.401079 0.864926 0.118667 0.125426
9 0.065611 0.465734 0.031952 0.064234
8 0.664087 0.868755 0.106111 0.120830
9 0.061619 0.565149 0.055905 0.073404
9 0.064468 0.672202 0.034238 0.067298
9 0.066183 0.783862 0.030810 0.033638
10 0.433032 0.966106 0.141492 0.067787
3 0.888881 0.217181 0.190556 0.276830
9 0.063905 0.247021 0.039937 0.055064
9 0.059905 0.359436 0.047937 0.044362
8 0.535722 0.857277 0.091286 0.110128
