2 0.422437 0.032479 0.172492 0.064957
9 0.059563 0.627553 0.034238 0.048936
9 0.058421 0.483011 0.027381 0.050489
7 0.389627 0.163543 0.045508 0.049638
7 0.309206 0.562830 0.043397 0.051064
7 0.233016 0.365670 0.041270 0.062404
7 0.152595 0.229500 0.037032 0.048234
9 0.064127 0.341543 0.036508 0.042830
9 0.056135 0.191649 0.029667 0.036702
8 0.660325 0.861489 0.087857 0.125574
8 0.598135 0.849245 0.073032 0.082745
8 0.506849 0.853830 0.093571 0.101106
8 0.415563 0.863011 0.111825 0.128617
8 0.348246 0.852309 0.093571 0.101085
7 0.470048 0.423830 0.041270 0.056723
8 0.273508 0.843894 0.067333 0.096511
7 0.547825 0.081277 0.044444 0.038298
7 0.627198 0.412489 0.052905 0.051064
7 0.706032 0.255745 0.043397 0.052468
10 0.427754 0.965819 0.136556 0.068362
11 0.026294 0.428798 0.052587 0.129085
4 0.431167 0.422968 0.677222 0.713936
8 0.182802 0.866830 0.089000 0.127106
1 0.044786 0.427777 0.086460 0.725766
0 0.418937 0.884819 0.703714 0.203128
8 0.104635 0.863011 0.092413 0.116404
9 0.061849 0.779734 0.034238 0.029043
3 0.883278 0.286234 0.201063 0.408511
