7 0.301794 0.079851 0.060317 0.038298
9 0.067548 0.765202 0.029667 0.042830
9 0.058421 0.687191 0.025095 0.027532
9 0.058421 0.597723 0.031952 0.041277
9 0.059563 0.519713 0.036524 0.041298
9 0.058421 0.435606 0.034238 0.038234
9 0.058421 0.349181 0.036524 0.039766
9 0.058992 0.272702 0.037667 0.048936
9 0.060698 0.187819 0.038794 0.059638
9 0.059563 0.105234 0.041063 0.050468
8 0.619246 0.863787 0.112968 0.151574
8 0.514270 0.840074 0.108413 0.110277
8 0.382484 0.857660 0.111825 0.133234
8 0.244984 0.856138 0.115238 0.133213
8 0.115476 0.868362 0.120952 0.145447
7 0.174286 0.663553 0.046571 0.059574
7 0.425079 0.577734 0.057143 0.052489
7 0.552595 0.708223 0.037032 0.052489
7 0.680635 0.305383 0.058190 0.063830
10 0.427722 0.967947 0.153444 0.064106
11 0.022595 0.418862 0.045190 0.219851
3 0.880635 0.219574 0.216921 0.278000
2 0.427722 0.033191 0.197889 0.066383
1 0.046865 0.424032 0.084333 0.719553
0 0.414500 0.880170 0.700524 0.206043
4 0.426865 0.419298 0.671730 0.710809
