2 0.417067 0.031351 0.202432 0.062404
7 0.150501 0.190926 0.040270 0.052489
4 0.424014 0.413532 0.669682 0.697149
1 0.046836 0.419043 0.081622 0.716298
7 0.307369 0.709362 0.036041 0.034043
7 0.230525 0.390926 0.047695 0.043979
11 0.025437 0.420000 0.046645 0.195745
10 0.418657 0.964681 0.161097 0.059574
7 0.695811 0.600851 0.043450 0.055319
3 0.877583 0.285245 0.218347 0.411340
7 0.615795 0.078862 0.055119 0.043979
7 0.541598 0.251202 0.040270 0.056745
7 0.462114 0.699436 0.044515 0.036872
7 0.385795 0.278862 0.042401 0.043979
0 0.408355 0.872532 0.700588 0.209404
