7 0.649444 0.085532 0.059459 0.052468
7 0.436455 0.607521 0.050874 0.052489
9 0.061471 0.495862 0.032671 0.048447
9 0.061916 0.410170 0.035342 0.042553
9 0.168307 0.857872 0.125072 0.124809
9 0.059086 0.228787 0.040175 0.055319
8 0.391359 0.846521 0.119666 0.121979
8 0.598092 0.864255 0.143084 0.168809
10 0.427138 0.960404 0.138665 0.074468
7 0.204340 0.142979 0.057234 0.068085
9 0.062321 0.316745 0.038156 0.038298
1 0.045692 0.430511 0.091383 0.742723
0 0.430048 0.888862 0.683307 0.222277
4 0.430445 0.420745 0.680286 0.710851
9 0.057496 0.135883 0.036995 0.048234
11 0.023450 0.426117 0.046900 0.166660
3 0.882925 0.172085 0.198410 0.180426
2 0.426963 0.031574 0.171701 0.063149
9 0.066328 0.773053 0.028267 0.044915
9 0.065008 0.686755 0.029157 0.061468
9 0.057059 0.596340 0.050334 0.043745
