11 0.021622 0.423851 0.043243 0.194979
3 0.882432 0.220968 0.211638 0.276660
8 0.635215 0.852543 0.100413 0.132872
8 0.496574 0.866287 0.108410 0.157298
9 0.068108 0.767798 0.038792 0.033596
8 0.379046 0.849489 0.090143 0.111489
8 0.245541 0.868574 0.117536 0.131319
8 0.130866 0.843383 0.089014 0.108426
9 0.058983 0.123372 0.041081 0.048872
9 0.058410 0.216521 0.051351 0.058021
9 0.057846 0.311957 0.034229 0.068723
9 0.064682 0.396713 0.036518 0.036660
7 0.300763 0.082638 0.042321 0.035574
7 0.169340 0.290128 0.039380 0.039532
2 0.423219 0.032574 0.173243 0.060596
9 0.061828 0.493681 0.039936 0.050383
1 0.047655 0.419266 0.081701 0.715340
0 0.419523 0.881011 0.669380 0.216064
4 0.425978 0.418255 0.672019 0.704511
9 0.058410 0.586830 0.039936 0.050383
9 0.060692 0.681521 0.037663 0.047340
7 0.428108 0.684457 0.041081 0.043000
7 0.555994 0.168500 0.040191 0.046106
7 0.679444 0.406723 0.041017 0.037319
10 0.424197 0.964628 0.098442 0.051383
