8 0.136587 0.856894 0.076444 0.113319
9 0.058992 0.621436 0.035381 0.045894
9 0.060706 0.475362 0.027381 0.050468
9 0.062992 0.323947 0.031952 0.056574
9 0.062413 0.167170 0.037651 0.048936
2 0.430159 0.036309 0.193651 0.058149
3 0.884127 0.220000 0.204222 0.275191
11 0.026984 0.429213 0.037048 0.225532
10 0.427516 0.959011 0.135444 0.045383
0 0.432024 0.875670 0.681476 0.192489
1 0.051500 0.427511 0.077254 0.722681
4 0.430389 0.420862 0.678778 0.713936
7 0.686238 0.076745 0.053968 0.042553
7 0.560317 0.629926 0.041270 0.048234
7 0.430690 0.529936 0.048683 0.055319
7 0.301587 0.602979 0.044444 0.042553
7 0.171952 0.342702 0.041270 0.055319
8 0.657468 0.846181 0.073032 0.085809
8 0.506857 0.866074 0.120952 0.140872
8 0.380770 0.865309 0.112968 0.145468
8 0.256397 0.858426 0.101556 0.125574
9 0.070405 0.778202 0.028524 0.050489
