4 0.425191 0.414064 0.665771 0.698213
1 0.046057 0.417245 0.085851 0.707638
0 0.412218 0.872574 0.691208 0.208511
9 0.060135 0.765809 0.032417 0.035617
9 0.058712 0.679915 0.029571 0.054723
2 0.418124 0.030638 0.168521 0.058170
3 0.877051 0.263968 0.221510 0.368787
10 0.426606 0.959723 0.160048 0.055319
11 0.027027 0.419287 0.043466 0.180149
7 0.693164 0.566809 0.036025 0.046809
7 0.601486 0.439862 0.039221 0.062404
7 0.513514 0.175319 0.041335 0.046809
7 0.423426 0.074617 0.045580 0.038298
7 0.334928 0.161138 0.038156 0.049638
7 0.245358 0.666096 0.034976 0.043979
7 0.157393 0.287372 0.047695 0.041128
8 0.644491 0.853543 0.096041 0.124830
8 0.549873 0.860543 0.098887 0.131213
8 0.473331 0.835096 0.092226 0.110830
9 0.061558 0.594649 0.025755 0.036915
9 0.059181 0.510021 0.032417 0.038170
9 0.063935 0.426032 0.030509 0.045809
9 0.061081 0.347138 0.026709 0.033085
9 0.064412 0.258053 0.025771 0.045809
9 0.063983 0.170883 0.024722 0.049638
9 0.061558 0.095170 0.027663 0.048340
8 0.106296 0.844000 0.107440 0.118468
8 0.198529 0.845915 0.088442 0.109574
8 0.281216 0.858702 0.124658 0.145064
8 0.401065 0.831915 0.080827 0.076468
