9 0.070270 0.348011 0.015714 0.050319
9 0.062056 0.232181 0.032143 0.047170
9 0.060143 0.124745 0.035968 0.037745
10 0.441587 0.961702 0.183079 0.049660
7 0.689206 0.079436 0.056095 0.043979
7 0.521476 0.466670 0.050794 0.052489
7 0.356397 0.236872 0.044444 0.046809
7 0.189738 0.095745 0.039159 0.036894
2 0.432063 0.033330 0.151333 0.062404
3 0.892381 0.197872 0.189429 0.232638
1 0.047405 0.439723 0.086778 0.753191
11 0.026246 0.436883 0.046556 0.211340
0 0.440230 0.885989 0.700524 0.179936
4 0.439770 0.429777 0.698333 0.727553
8 0.654460 0.877894 0.123556 0.143617
8 0.479683 0.878947 0.119651 0.101681
8 0.302167 0.862691 0.099317 0.117383
8 0.140690 0.887851 0.104778 0.176085
9 0.060889 0.798755 0.031365 0.035638
9 0.056976 0.689213 0.039190 0.042979
9 0.064405 0.567096 0.035254 0.056617
9 0.061667 0.455468 0.018857 0.042979
9 0.059714 0.339106 0.025873 0.032511
