9 0.060492 0.631032 0.043079 0.050319
9 0.059714 0.765734 0.041524 0.047170
2 0.420746 0.032128 0.196825 0.064255
10 0.431317 0.968298 0.171429 0.063404
11 0.025714 0.422415 0.051429 0.219851
1 0.047571 0.424372 0.081048 0.715979
0 0.423944 0.881585 0.671952 0.213766
3 0.878944 0.175606 0.213762 0.188660
7 0.209627 0.083404 0.049730 0.043957
7 0.428143 0.245819 0.050794 0.056745
4 0.427643 0.416681 0.670968 0.707660
8 0.371730 0.870553 0.116603 0.139404
8 0.188746 0.831766 0.071238 0.076511
9 0.058929 0.194979 0.033698 0.056596
9 0.064405 0.333862 0.033698 0.045085
9 0.061667 0.486904 0.036063 0.045085
8 0.596952 0.866883 0.107206 0.136277
7 0.644548 0.543691 0.045508 0.053894
