7 0.453127 0.628649 0.047619 0.045383
7 0.522960 0.098862 0.037032 0.052489
7 0.598627 0.586096 0.046556 0.048234
7 0.674817 0.313766 0.046556 0.059574
10 0.421373 0.968936 0.178841 0.062128
11 0.023119 0.402415 0.046238 0.194319
3 0.864762 0.284681 0.240222 0.409915
2 0.406032 0.032053 0.203175 0.064106
9 0.062421 0.193936 0.046778 0.044340
8 0.108056 0.822489 0.090143 0.120979
7 0.151532 0.308085 0.037032 0.045404
1 0.046103 0.408840 0.087508 0.691723
0 0.404421 0.864596 0.662429 0.235191
4 0.411619 0.405191 0.643587 0.680298
9 0.059563 0.334649 0.031952 0.059638
9 0.061278 0.476128 0.026238 0.048936
7 0.299683 0.655606 0.039143 0.048234
9 0.058421 0.604606 0.022810 0.052021
9 0.064127 0.743787 0.022825 0.055064
8 0.643206 0.810245 0.065048 0.099553
8 0.557627 0.823255 0.083286 0.122511
8 0.475476 0.836245 0.094698 0.136277
8 0.389325 0.842362 0.111825 0.148511
8 0.309452 0.856894 0.123222 0.171447
8 0.247270 0.841606 0.096984 0.137809
8 0.167389 0.843894 0.108397 0.151574
7 0.224016 0.074745 0.044444 0.038298
7 0.373754 0.204543 0.045508 0.045383
