9 0.059651 0.293255 0.032413 0.050979
9 0.062079 0.146681 0.037079 0.050979
7 0.560579 0.684532 0.032905 0.046809
7 0.628357 0.676734 0.032810 0.045383
7 0.694976 0.085245 0.036937 0.053894
10 0.418730 0.959723 0.111111 0.055319
11 0.025714 0.422128 0.038095 0.148936
8 0.634976 0.857255 0.114111 0.156766
7 0.421429 0.446947 0.042222 0.048234
7 0.351587 0.488798 0.040317 0.043979
7 0.281214 0.237021 0.049635 0.045404
7 0.215127 0.476032 0.044444 0.049638
7 0.145714 0.463266 0.041270 0.043979
4 0.421778 0.413011 0.664698 0.696106
1 0.052190 0.419000 0.075079 0.714170
0 0.417143 0.872596 0.673016 0.212766
8 0.505175 0.847702 0.097937 0.135106
8 0.227952 0.855340 0.100889 0.155489
8 0.162397 0.845777 0.100794 0.126191
9 0.062500 0.615085 0.034333 0.054809
9 0.060595 0.453213 0.028619 0.031872
8 0.568365 0.855979 0.114190 0.141489
8 0.455254 0.827936 0.062762 0.103234
3 0.874389 0.306521 0.220111 0.456745
2 0.418254 0.034894 0.211746 0.063830
8 0.385849 0.833681 0.072270 0.109617
8 0.301690 0.850234 0.107444 0.135106
8 0.114325 0.823479 0.075222 0.094319
9 0.071540 0.761660 0.021968 0.059915
7 0.489730 0.245532 0.041270 0.045404
