8 0.396264 0.869521 0.111351 0.110702
8 0.168052 0.882245 0.136073 0.097979
9 0.060652 0.108479 0.038983 0.046957
9 0.063458 0.223702 0.035278 0.053447
9 0.062512 0.343957 0.031479 0.057277
7 0.211979 0.078149 0.055119 0.034043
7 0.435087 0.264681 0.041335 0.052468
7 0.667727 0.249787 0.046645 0.056723
9 0.059658 0.568564 0.035278 0.061085
9 0.061129 0.674181 0.036121 0.048362
0 0.437456 0.887213 0.699523 0.180043
9 0.064412 0.788713 0.023863 0.033085
9 0.063935 0.450213 0.038140 0.045830
10 0.444094 0.961851 0.116582 0.059574
11 0.027027 0.430638 0.041335 0.165957
3 0.891367 0.171064 0.190779 0.194340
2 0.438792 0.034191 0.188649 0.059574
4 0.438895 0.428734 0.693180 0.727553
1 0.051868 0.433170 0.077377 0.732723
8 0.635413 0.845979 0.064754 0.089064
