1 0.058873 0.431351 0.090413 0.750915
7 0.199349 0.390245 0.042254 0.047426
8 0.495437 0.869904 0.089000 0.111809
9 0.082381 0.798851 0.043365 0.039787
9 0.070976 0.645904 0.050206 0.064234
9 0.073254 0.510543 0.034222 0.059638
9 0.075540 0.364479 0.038794 0.039766
9 0.074397 0.215351 0.041079 0.022957
8 0.656333 0.872191 0.102698 0.122511
2 0.446524 0.030606 0.114000 0.060617
9 0.069262 0.070819 0.060460 0.042830
8 0.155413 0.877543 0.093556 0.136277
8 0.334548 0.853064 0.070746 0.093447
4 0.445627 0.432926 0.685032 0.729681
0 0.447508 0.887479 0.686000 0.179170
3 0.893214 0.199234 0.183794 0.234511
11 0.025881 0.436362 0.035381 0.137021
10 0.445048 0.963319 0.095333 0.042170
7 0.692222 0.135989 0.047175 0.044787
7 0.528095 0.275638 0.043238 0.042170
7 0.366429 0.083957 0.046190 0.035574
