7 0.150000 0.102947 0.039269 0.043894
7 0.285636 0.577447 0.039221 0.045404
7 0.354531 0.129926 0.041335 0.041128
7 0.424483 0.359713 0.041335 0.052489
7 0.493911 0.497298 0.044515 0.055319
7 0.561741 0.623553 0.036041 0.046809
7 0.631685 0.140574 0.050874 0.042553
7 0.700056 0.245532 0.037091 0.051064
10 0.424483 0.960426 0.098569 0.051064
11 0.024905 0.413649 0.037091 0.202915
3 0.879706 0.308660 0.218331 0.455319
2 0.422369 0.032053 0.162162 0.061000
9 0.061558 0.767074 0.040986 0.043255
9 0.060604 0.679904 0.040986 0.044532
9 0.063458 0.588926 0.035278 0.033085
9 0.061129 0.504936 0.038029 0.040723
9 0.056375 0.416426 0.047536 0.044426
9 0.058275 0.333777 0.038045 0.057255
9 0.062560 0.242149 0.029475 0.031830
9 0.059229 0.144798 0.034229 0.043255
8 0.100111 0.852277 0.100795 0.119745
8 0.169531 0.849723 0.083672 0.109574
8 0.248458 0.833819 0.079873 0.098106
8 0.301224 0.858638 0.103657 0.137574
8 0.371121 0.850362 0.104595 0.121021
8 0.456693 0.840191 0.089380 0.095574
8 0.511844 0.854181 0.102703 0.131213
8 0.572695 0.863096 0.104595 0.141383
8 0.671590 0.823638 0.051351 0.065021
0 0.407790 0.872489 0.701113 0.207362
1 0.049515 0.420936 0.081606 0.712511
4 0.424014 0.415628 0.669682 0.699255
7 0.216216 0.081000 0.048744 0.034043
