8 0.489062 0.833340 0.098696 0.100638
8 0.626916 0.853255 0.125310 0.127872
7 0.197560 0.221979 0.051940 0.046809
7 0.352838 0.159574 0.048760 0.043957
7 0.509698 0.081596 0.053005 0.049574
9 0.071518 0.486383 0.042305 0.056596
2 0.423847 0.031915 0.142035 0.063830
3 0.875890 0.196457 0.221510 0.231213
11 0.025334 0.419862 0.042401 0.099298
10 0.429682 0.957447 0.143084 0.056723
7 0.664968 0.377298 0.045580 0.051064
1 0.057838 0.413851 0.096916 0.725574
0 0.423045 0.875989 0.668792 0.218447
9 0.075866 0.206511 0.041590 0.039830
9 0.075509 0.352734 0.031335 0.051383
9 0.065326 0.077574 0.045437 0.056596
4 0.433021 0.416160 0.649316 0.700319
9 0.068458 0.627362 0.051701 0.057660
9 0.077035 0.767830 0.040811 0.042979
8 0.141304 0.871074 0.119046 0.155128
8 0.313188 0.852213 0.151240 0.159319
