7 0.344253 0.082404 0.056169 0.051064
7 0.184738 0.294468 0.053005 0.058170
4 0.423235 0.415638 0.668124 0.701362
1 0.046471 0.418947 0.085119 0.707255
0 0.425859 0.881755 0.668792 0.219723
8 0.149126 0.822755 0.086709 0.073298
8 0.292893 0.857883 0.120954 0.143553
8 0.460628 0.847957 0.111812 0.117574
8 0.602687 0.868574 0.126645 0.174085
9 0.062409 0.334096 0.043355 0.033596
9 0.057838 0.187500 0.041081 0.073298
9 0.066971 0.765500 0.027393 0.044277
9 0.061264 0.626532 0.036518 0.029021
9 0.057838 0.476883 0.031955 0.047340
3 0.877901 0.193755 0.218347 0.239723
2 0.423211 0.030564 0.146264 0.061128
11 0.022949 0.412202 0.045898 0.219851
10 0.425334 0.968160 0.142019 0.063681
7 0.663808 0.607936 0.042401 0.046809
7 0.504293 0.198723 0.045564 0.059574
