7 0.477925 0.646574 0.033561 0.037830
4 0.426367 0.415106 0.668124 0.700298
8 0.646041 0.850255 0.090143 0.119106
8 0.539364 0.847202 0.098124 0.116064
8 0.425262 0.853298 0.100413 0.122170
8 0.316852 0.860947 0.111828 0.140489
8 0.214738 0.851777 0.108394 0.122149
8 0.109762 0.846426 0.110684 0.132851
9 0.067544 0.766255 0.026248 0.039702
9 0.060692 0.637989 0.037663 0.045809
9 0.064118 0.515064 0.030811 0.044298
9 0.060127 0.379160 0.038792 0.035128
9 0.062973 0.260043 0.033100 0.056511
9 0.061836 0.131000 0.037663 0.051915
2 0.419610 0.033043 0.140970 0.055319
3 0.876415 0.240851 0.215151 0.317745
11 0.021622 0.420287 0.036025 0.194319
10 0.423164 0.957447 0.114817 0.052000
7 0.685922 0.567968 0.045040 0.039000
7 0.582138 0.642436 0.030032 0.039000
7 0.373259 0.373521 0.039746 0.033085
7 0.267273 0.127660 0.037981 0.037830
7 0.163490 0.077426 0.040620 0.036638
1 0.049889 0.419596 0.079491 0.711532
0 0.414006 0.873234 0.691033 0.212766
