7 0.289627 0.378436 0.042333 0.053894
2 0.411325 0.033191 0.143921 0.066383
3 0.864762 0.217447 0.238095 0.276596
11 0.023651 0.403266 0.047302 0.219851
10 0.416611 0.968649 0.150270 0.062702
7 0.656825 0.680564 0.046571 0.048234
7 0.531960 0.250787 0.048683 0.059574
7 0.413968 0.191213 0.047619 0.051064
7 0.168460 0.084819 0.060317 0.048234
4 0.412008 0.403574 0.642016 0.681447
1 0.048706 0.410543 0.086460 0.688319
0 0.410294 0.862968 0.647032 0.234064
9 0.062984 0.743021 0.025111 0.047404
8 0.468635 0.850787 0.140349 0.177574
9 0.064698 0.098351 0.035365 0.039766
9 0.059000 0.178638 0.039937 0.026000
8 0.642627 0.812553 0.102683 0.091915
9 0.063556 0.264298 0.037651 0.032128
9 0.058421 0.346894 0.029667 0.053532
9 0.058992 0.420298 0.035381 0.047404
9 0.059563 0.494489 0.031952 0.048936
9 0.061849 0.583957 0.031952 0.044340
9 0.061849 0.665021 0.031952 0.050468
8 0.124032 0.817128 0.087873 0.085787
8 0.243270 0.819426 0.086730 0.087319
8 0.369929 0.817894 0.084429 0.093447
