7 0.284921 0.180138 0.052921 0.046106
7 0.149563 0.259936 0.044968 0.042553
1 0.050476 0.425819 0.080254 0.721043
0 0.412683 0.873511 0.705460 0.197404
8 0.476619 0.836245 0.058190 0.081213
8 0.515413 0.867606 0.101556 0.137809
8 0.594143 0.856128 0.090127 0.117915
8 0.671159 0.850777 0.063905 0.101085
8 0.105206 0.854681 0.098127 0.114723
8 0.185079 0.841596 0.063905 0.091915
8 0.231857 0.869894 0.116381 0.148511
8 0.308881 0.855372 0.101540 0.131681
8 0.394460 0.840840 0.083302 0.102617
9 0.061849 0.147287 0.050206 0.048957
9 0.061841 0.304819 0.043365 0.039766
9 0.062984 0.460840 0.025111 0.036702
9 0.062413 0.620660 0.035365 0.056596
9 0.064698 0.773606 0.026254 0.041298
4 0.428429 0.416681 0.674857 0.707660
2 0.430952 0.037021 0.167302 0.059574
3 0.881746 0.308649 0.211746 0.458149
11 0.026548 0.418904 0.042333 0.161936
10 0.432190 0.960287 0.119937 0.055553
7 0.704230 0.712649 0.041444 0.052021
7 0.638976 0.623404 0.044968 0.046085
7 0.567548 0.664777 0.041444 0.048447
7 0.500524 0.620447 0.043206 0.059106
7 0.427341 0.084989 0.050270 0.040191
7 0.359873 0.685468 0.035270 0.042553
7 0.217024 0.496926 0.037032 0.048447
