8 0.260333 0.864266 0.119810 0.119809
8 0.518016 0.849606 0.112190 0.115979
8 0.635452 0.863617 0.111254 0.133830
2 0.425714 0.031989 0.184127 0.063979
3 0.883381 0.217872 0.200000 0.276596
11 0.023063 0.420000 0.041270 0.209915
10 0.429944 0.959000 0.156619 0.059574
7 0.686508 0.109362 0.045397 0.056723
7 0.559048 0.155468 0.044444 0.046809
7 0.432008 0.082404 0.048778 0.051064
7 0.301270 0.212202 0.047619 0.058149
7 0.170159 0.076745 0.053968 0.042553
1 0.048571 0.423915 0.078190 0.722000
0 0.423794 0.883213 0.699365 0.201404
4 0.432333 0.421926 0.678000 0.713936
9 0.057270 0.636117 0.042889 0.045894
9 0.063929 0.491447 0.035286 0.057362
9 0.062024 0.334681 0.031476 0.062468
9 0.060603 0.190649 0.034317 0.062447
9 0.062976 0.776319 0.025762 0.056085
8 0.127683 0.866809 0.101746 0.127447
8 0.399635 0.851511 0.094127 0.104511
