11 0.020350 0.422277 0.040700 0.174468
4 0.427933 0.418777 0.672019 0.707638
9 0.056129 0.233319 0.042210 0.045830
9 0.060692 0.319596 0.026248 0.044298
9 0.058975 0.408170 0.034229 0.050383
9 0.060119 0.494447 0.025103 0.064128
8 0.097782 0.871628 0.114102 0.149638
8 0.211884 0.851777 0.082146 0.100787
8 0.281486 0.870862 0.107266 0.129809
9 0.060119 0.590649 0.031940 0.051936
9 0.063545 0.679979 0.038792 0.056511
9 0.064118 0.763968 0.028521 0.062617
8 0.370485 0.867053 0.107266 0.137426
8 0.492011 0.834223 0.055914 0.074830
8 0.557615 0.855596 0.086709 0.123702
8 0.648331 0.853309 0.108394 0.113000
9 0.056693 0.140170 0.041081 0.027489
7 0.155167 0.203830 0.038156 0.052468
7 0.247909 0.702415 0.045580 0.039723
7 0.330580 0.085426 0.051940 0.036809
7 0.423315 0.613766 0.048760 0.063830
7 0.513402 0.115894 0.038156 0.046809
7 0.606677 0.144968 0.044515 0.045383
7 0.695175 0.159862 0.045580 0.052489
10 0.431264 0.965394 0.183355 0.069213
3 0.880127 0.263404 0.209857 0.364553
2 0.426494 0.031351 0.211971 0.062702
0 0.408156 0.874617 0.710111 0.202553
1 0.052091 0.430787 0.077472 0.736170
