7 0.340952 0.668798 0.052921 0.052489
10 0.431960 0.961702 0.148143 0.062426
4 0.429206 0.422957 0.680349 0.709745
11 0.026135 0.419851 0.043381 0.195745
1 0.048825 0.427553 0.079365 0.723191
0 0.418175 0.877564 0.699587 0.194319
9 0.060921 0.088585 0.035968 0.032489
9 0.061278 0.174543 0.029000 0.024106
9 0.061310 0.261543 0.028937 0.055553
9 0.061667 0.343298 0.032921 0.036681
9 0.060492 0.517298 0.039968 0.036681
9 0.058976 0.439213 0.028937 0.041915
9 0.064444 0.612170 0.021111 0.054511
9 0.056976 0.689213 0.034492 0.040894
9 0.066357 0.766777 0.031349 0.053468
8 0.106675 0.876319 0.118079 0.136255
8 0.221627 0.856926 0.096175 0.103766
8 0.304127 0.850106 0.078190 0.102723
8 0.394056 0.860596 0.084460 0.115319
8 0.477738 0.855872 0.084460 0.105872
8 0.562579 0.875266 0.107127 0.129979
8 0.669325 0.864266 0.098524 0.128915
3 0.883278 0.263830 0.202111 0.363106
2 0.429310 0.032628 0.153444 0.065255
7 0.429841 0.224830 0.057143 0.055319
7 0.521373 0.278723 0.037032 0.052468
7 0.610262 0.515596 0.049730 0.046809
7 0.701802 0.082979 0.059254 0.043957
7 0.157357 0.100713 0.045508 0.048234
7 0.246246 0.665957 0.037032 0.049660
