8 0.110159 0.863213 0.097048 0.122638
8 0.195786 0.863745 0.108778 0.132085
8 0.302913 0.842255 0.079063 0.107957
9 0.058976 0.145713 0.035190 0.044021
9 0.060881 0.301362 0.034492 0.042979
9 0.061278 0.465426 0.029000 0.054511
9 0.064016 0.612691 0.042317 0.045085
9 0.062841 0.768351 0.027460 0.041936
8 0.657206 0.849596 0.072730 0.105872
8 0.553984 0.859021 0.102444 0.126851
8 0.469095 0.856926 0.092349 0.116362
8 0.372516 0.866362 0.113476 0.139404
10 0.438730 0.966170 0.192603 0.067660
7 0.696929 0.370638 0.052905 0.053915
7 0.605397 0.406809 0.041270 0.052468
7 0.517032 0.313191 0.050794 0.052468
7 0.424976 0.255032 0.052905 0.049638
7 0.334492 0.555745 0.047619 0.046809
7 0.248254 0.081277 0.046571 0.048213
7 0.156722 0.135883 0.045508 0.052489
2 0.423921 0.034968 0.126984 0.069936
0 0.413381 0.878819 0.700540 0.210915
1 0.046302 0.423181 0.086349 0.720574
3 0.878413 0.263543 0.212698 0.364532
11 0.023595 0.418862 0.047190 0.224106
4 0.425690 0.417202 0.670175 0.708702
