8 0.169849 0.868457 0.121320 0.131043
4 0.440469 0.421394 0.662623 0.710787
8 0.380588 0.871074 0.126105 0.144660
9 0.082520 0.782500 0.025135 0.040872
7 0.657448 0.098298 0.065707 0.051064
8 0.635533 0.844872 0.062671 0.067106
7 0.222361 0.080574 0.051940 0.038298
7 0.442822 0.456447 0.049809 0.046809
9 0.071208 0.078106 0.038378 0.034596
9 0.074690 0.217511 0.031415 0.045064
9 0.073084 0.361117 0.039173 0.049255
9 0.073514 0.490043 0.033768 0.051362
9 0.071987 0.639426 0.032114 0.046128
11 0.020827 0.422415 0.041653 0.219851
3 0.886383 0.174894 0.201383 0.187234
2 0.429046 0.033543 0.155803 0.067085
10 0.436987 0.961202 0.173816 0.077596
0 0.438816 0.885819 0.667679 0.209511
1 0.052075 0.424574 0.101002 0.727021
