9 0.060692 0.165362 0.030795 0.080936
0 0.419618 0.881798 0.683625 0.236404
11 0.027027 0.417255 0.036216 0.165489
10 0.419626 0.959223 0.136010 0.043723
7 0.695199 0.477543 0.031797 0.035468
7 0.615707 0.219862 0.035326 0.040191
7 0.538418 0.286053 0.034452 0.033085
7 0.460254 0.277181 0.038855 0.039000
7 0.384738 0.167851 0.039746 0.033106
7 0.307456 0.252947 0.037107 0.044915
7 0.227957 0.080372 0.030032 0.028362
7 0.151121 0.562064 0.035342 0.031915
3 0.877583 0.285468 0.219936 0.410170
2 0.421399 0.030734 0.604134 0.052021
9 0.061836 0.670819 0.033084 0.056489
9 0.067536 0.750989 0.037647 0.045809
8 0.116033 0.830404 0.063895 0.082468
8 0.170835 0.874713 0.093625 0.177085
8 0.252377 0.872426 0.078712 0.172511
8 0.326582 0.860947 0.078792 0.146574
8 0.412130 0.858649 0.090143 0.135894
8 0.507409 0.835745 0.050207 0.126766
8 0.569595 0.844149 0.094706 0.149660
8 0.656320 0.841851 0.074165 0.120638
9 0.061264 0.078330 0.043355 0.047340
9 0.061264 0.247830 0.045644 0.062596
9 0.061264 0.328766 0.036518 0.068723
9 0.060700 0.414277 0.039936 0.062596
9 0.065254 0.508957 0.037663 0.056511
4 0.422337 0.414787 0.664070 0.701489
1 0.045533 0.413043 0.091065 0.729489
9 0.060127 0.592181 0.041081 0.064149
