1 0.050898 0.426394 0.082687 0.726404
9 0.061264 0.091309 0.043355 0.048872
9 0.063545 0.176809 0.038792 0.039702
9 0.064690 0.260043 0.038792 0.047319
9 0.058410 0.352436 0.035358 0.048872
9 0.061828 0.435649 0.039936 0.062617
9 0.064682 0.526521 0.022814 0.058021
9 0.062973 0.602862 0.030811 0.061085
9 0.060692 0.693734 0.028537 0.047340
9 0.068680 0.780766 0.026232 0.050383
8 0.161669 0.869340 0.118665 0.135915
8 0.375620 0.870106 0.122083 0.137447
8 0.612957 0.854064 0.108394 0.117574
7 0.430302 0.078298 0.039364 0.038213
7 0.209308 0.421479 0.050191 0.042149
4 0.431065 0.422968 0.679078 0.716021
7 0.650803 0.456394 0.051176 0.048745
10 0.431288 0.961606 0.098442 0.050064
0 0.430795 0.880936 0.682162 0.198979
11 0.023760 0.428064 0.035437 0.160723
3 0.884102 0.172489 0.204738 0.187064
2 0.431288 0.032181 0.167345 0.048745
