0 0.417599 0.872638 0.693005 0.209447
2 0.429913 0.034426 0.125008 0.054000
3 0.881733 0.240596 0.217552 0.316170
11 0.020405 0.410543 0.036423 0.194957
10 0.426955 0.965160 0.113211 0.050064
9 0.315715 0.860936 0.102687 0.146596
9 0.420119 0.867043 0.106121 0.149660
1 0.049404 0.420574 0.078744 0.711362
7 0.685843 0.321617 0.040366 0.048723
7 0.580024 0.324904 0.053148 0.047426
7 0.477647 0.272213 0.051192 0.034255
7 0.372814 0.082511 0.038378 0.042170
7 0.267981 0.565989 0.049221 0.042149
7 0.163148 0.486287 0.050207 0.051383
9 0.539364 0.841096 0.088998 0.113000
9 0.646049 0.870096 0.138076 0.155766
8 0.051558 0.195904 0.049062 0.044277
8 0.059547 0.343266 0.035374 0.061085
8 0.059547 0.478415 0.026248 0.050404
4 0.425191 0.414585 0.665771 0.699255
8 0.060119 0.625777 0.036518 0.036660
8 0.062973 0.762447 0.030811 0.035106
9 0.112043 0.846436 0.106121 0.142021
9 0.226145 0.847957 0.074165 0.132851
