7 0.586079 0.080957 0.047175 0.035532
4 0.412000 0.405670 0.643587 0.681426
0 0.400619 0.861702 0.681079 0.232766
1 0.053175 0.410319 0.076667 0.692128
7 0.150206 0.513032 0.042254 0.038191
7 0.237675 0.119787 0.036365 0.036894
7 0.326135 0.245606 0.038333 0.038191
7 0.411635 0.488000 0.030476 0.040851
7 0.499595 0.423447 0.039317 0.040851
7 0.669619 0.669809 0.027524 0.032936
10 0.413111 0.960947 0.125810 0.046106
11 0.024897 0.405011 0.033413 0.212106
3 0.864714 0.264053 0.238825 0.364915
2 0.410659 0.032840 0.107127 0.050064
9 0.066984 0.737670 0.023968 0.042830
9 0.060706 0.604606 0.036524 0.052021
9 0.061278 0.466957 0.033095 0.048936
9 0.061849 0.329298 0.031952 0.048936
9 0.057286 0.193170 0.038794 0.055064
8 0.624952 0.828596 0.106127 0.124043
8 0.543365 0.811011 0.082159 0.091936
8 0.443524 0.845426 0.106127 0.166851
8 0.349389 0.855372 0.127794 0.168404
8 0.279786 0.824777 0.084429 0.116404
8 0.198770 0.826309 0.089000 0.113340
8 0.101786 0.828596 0.093571 0.130170
