7 0.243960 0.691670 0.038333 0.044787
9 0.076254 0.215521 0.041048 0.031638
8 0.689944 0.860872 0.072841 0.096255
8 0.603563 0.875521 0.088238 0.111511
8 0.526627 0.866585 0.073857 0.107383
2 0.444460 0.032979 0.095333 0.055319
8 0.450198 0.865894 0.076937 0.097787
8 0.370690 0.864521 0.073857 0.097766
8 0.287587 0.867277 0.084127 0.111532
8 0.212183 0.863830 0.066683 0.099149
8 0.121944 0.870681 0.095476 0.129447
9 0.081389 0.793777 0.030778 0.033000
9 0.075230 0.651447 0.032841 0.034383
4 0.447143 0.429362 0.684127 0.733191
9 0.069071 0.071819 0.047190 0.035766
7 0.325532 0.697596 0.034397 0.040851
7 0.406135 0.666638 0.040302 0.034255
7 0.487214 0.175915 0.045222 0.025021
7 0.563381 0.081723 0.042254 0.036894
7 0.643484 0.331362 0.039317 0.035574
0 0.427619 0.897702 0.719048 0.204596
7 0.165833 0.131787 0.041286 0.036894
7 0.724071 0.125191 0.043254 0.034255
10 0.447405 0.965691 0.105159 0.047426
11 0.023944 0.431489 0.047889 0.156766
3 0.890167 0.284596 0.186746 0.408383
1 0.053437 0.434468 0.106873 0.762128
9 0.075738 0.506362 0.033857 0.035745
9 0.076770 0.361979 0.037952 0.038511
