11 0.026770 0.406457 0.033413 0.163340
7 0.487706 0.083702 0.051095 0.034255
7 0.335857 0.260223 0.046190 0.039511
7 0.180079 0.089617 0.053079 0.032936
8 0.434968 0.847787 0.146063 0.159064
8 0.612397 0.810319 0.106127 0.099404
9 0.059563 0.184000 0.057063 0.082596
1 0.045794 0.414223 0.091587 0.712702
4 0.413571 0.403936 0.641111 0.681064
0 0.399452 0.871830 0.674778 0.256340
9 0.062413 0.304064 0.042222 0.074936
9 0.060135 0.401957 0.035381 0.056596
9 0.067548 0.521245 0.034238 0.071894
9 0.059563 0.627553 0.038810 0.058128
9 0.068119 0.741500 0.037667 0.062702
2 0.403675 0.035479 0.159222 0.050064
8 0.126881 0.836330 0.109540 0.142234
8 0.306024 0.823330 0.109540 0.119298
3 0.864619 0.192904 0.235873 0.230532
10 0.404651 0.957128 0.193619 0.052681
7 0.640532 0.552032 0.042270 0.038191
