9 0.074571 0.349585 0.036825 0.049255
9 0.073008 0.206511 0.046206 0.060809
9 0.068317 0.070766 0.052476 0.040894
2 0.423492 0.035457 0.152381 0.053894
3 0.873754 0.286521 0.221159 0.411340
11 0.026143 0.421979 0.041270 0.208511
10 0.427722 0.958862 0.112175 0.053894
7 0.616611 0.305681 0.045508 0.063830
7 0.692810 0.682979 0.041270 0.043957
7 0.544127 0.140426 0.038095 0.051064
7 0.461063 0.080138 0.047619 0.032617
7 0.389103 0.321277 0.049730 0.058170
7 0.315556 0.456734 0.038095 0.053894
7 0.242540 0.409926 0.033873 0.048234
7 0.164230 0.417021 0.040206 0.039702
8 0.484770 0.855362 0.106365 0.140468
8 0.571183 0.851170 0.107127 0.148851
8 0.631794 0.861638 0.106349 0.159319
8 0.417516 0.851681 0.096968 0.120553
4 0.429992 0.414064 0.645921 0.698213
0 0.427198 0.868340 0.652905 0.209915
1 0.058071 0.413862 0.094175 0.722191
8 0.348310 0.837532 0.086810 0.109021
8 0.269722 0.853255 0.095413 0.123702
8 0.192690 0.852213 0.086810 0.142553
8 0.123873 0.827574 0.068032 0.084894
9 0.077349 0.764160 0.054730 0.041936
9 0.071444 0.632606 0.052476 0.057638
9 0.075349 0.481660 0.039968 0.049277
