7 0.294190 0.601564 0.043238 0.042149
4 0.419825 0.414574 0.664698 0.701362
1 0.052365 0.418872 0.074254 0.712213
0 0.413595 0.875872 0.679127 0.218681
2 0.420968 0.034426 0.139556 0.061915
3 0.875032 0.214245 0.218190 0.271383
11 0.023421 0.417787 0.030460 0.220000
10 0.418516 0.965160 0.103190 0.050064
7 0.674048 0.286713 0.048159 0.042149
7 0.546770 0.479053 0.045222 0.044787
7 0.422937 0.633840 0.051111 0.035553
7 0.172810 0.081851 0.044222 0.035574
9 0.061278 0.164032 0.033095 0.033809
9 0.060698 0.315532 0.038794 0.055064
9 0.064127 0.468489 0.031937 0.055064
9 0.062413 0.625255 0.035365 0.062723
9 0.069833 0.767426 0.029667 0.038383
8 0.611833 0.866830 0.125508 0.151574
8 0.515413 0.830138 0.078730 0.084277
8 0.375063 0.846957 0.092413 0.124043
8 0.255825 0.840840 0.077587 0.108745
8 0.122889 0.852309 0.103841 0.125553
