8 0.199476 0.857894 0.095079 0.124894
7 0.152167 0.516457 0.039159 0.056745
7 0.246825 0.295894 0.035873 0.038298
7 0.333595 0.217160 0.046460 0.048234
7 0.419841 0.326383 0.039048 0.059574
7 0.513492 0.090926 0.040317 0.062404
7 0.607722 0.085245 0.048683 0.048234
7 0.697619 0.637021 0.046667 0.053915
10 0.424603 0.961138 0.160952 0.052489
8 0.099635 0.860436 0.106508 0.140191
8 0.658222 0.832404 0.096127 0.076468
8 0.570746 0.843234 0.099937 0.103234
8 0.475651 0.856617 0.099937 0.122340
9 0.063929 0.680723 0.033381 0.043319
9 0.059651 0.604883 0.043841 0.039511
9 0.065357 0.518862 0.030524 0.043340
9 0.063452 0.433457 0.026714 0.051000
9 0.060643 0.346149 0.032333 0.036979
1 0.050944 0.420809 0.077349 0.715234
4 0.426087 0.418255 0.674873 0.704511
2 0.426770 0.037734 0.194714 0.052489
9 0.060127 0.270309 0.044794 0.033128
9 0.062976 0.184277 0.029571 0.034426
9 0.059651 0.091245 0.032413 0.039511
9 0.067262 0.768670 0.032429 0.045894
11 0.026238 0.418574 0.041270 0.170213
0 0.407754 0.874383 0.714556 0.201021
8 0.374857 0.860447 0.098032 0.135106
3 0.878571 0.262553 0.207302 0.365957
8 0.301222 0.840691 0.077968 0.093043
