2 0.441129 0.033479 0.168521 0.048234
0 0.441932 0.886915 0.676200 0.188638
1 0.057607 0.427723 0.093275 0.732468
7 0.201057 0.486660 0.036041 0.046809
3 0.889452 0.198723 0.198203 0.234043
11 0.024587 0.426383 0.043450 0.224128
10 0.436351 0.964681 0.161097 0.060979
7 0.684364 0.363968 0.042401 0.053894
4 0.442424 0.425064 0.675151 0.722340
7 0.522202 0.085957 0.048760 0.048213
9 0.072671 0.791457 0.031955 0.038191
9 0.072099 0.641809 0.030811 0.062596
9 0.075525 0.506660 0.035374 0.054979
9 0.069817 0.362351 0.033084 0.062617
7 0.363219 0.107947 0.065707 0.052489
9 0.070962 0.225681 0.046789 0.042766
9 0.063545 0.082904 0.061622 0.050404
8 0.649475 0.873160 0.090143 0.125213
8 0.472035 0.872394 0.118665 0.145085
8 0.307727 0.867043 0.102703 0.131319
8 0.170238 0.863223 0.081017 0.099255
