7 0.211447 0.083255 0.060413 0.063830
9 0.059547 0.113447 0.033084 0.053447
0 0.429269 0.879840 0.683625 0.196489
1 0.047854 0.425585 0.081622 0.720532
4 0.431455 0.422447 0.678299 0.712894
8 0.615238 0.864755 0.122083 0.114532
9 0.065827 0.189798 0.038808 0.062617
9 0.060127 0.274553 0.041081 0.051915
8 0.372774 0.873915 0.146057 0.148128
8 0.160533 0.851777 0.111812 0.109936
9 0.065254 0.781532 0.028537 0.064128
9 0.054984 0.692202 0.037663 0.059553
9 0.058983 0.609745 0.038792 0.053447
9 0.060692 0.529574 0.033084 0.051915
9 0.056701 0.440234 0.027393 0.050383
9 0.058983 0.359309 0.038792 0.044277
2 0.426073 0.032053 0.175930 0.064106
3 0.886057 0.175457 0.203498 0.188660
11 0.023847 0.420149 0.047695 0.229787
10 0.439324 0.967521 0.166407 0.064957
7 0.652361 0.608085 0.043450 0.046809
7 0.432957 0.389649 0.047695 0.052489
