9 0.059643 0.643128 0.030524 0.059915
4 0.431556 0.425064 0.688159 0.722340
8 0.518016 0.868723 0.112190 0.126170
8 0.386270 0.872553 0.137968 0.113447
7 0.172802 0.434894 0.042333 0.060979
7 0.306135 0.127809 0.055032 0.042553
7 0.434127 0.090213 0.046667 0.046809
7 0.564865 0.615745 0.051857 0.053915
7 0.692381 0.531351 0.044444 0.052489
10 0.435714 0.956883 0.146984 0.052489
11 0.024651 0.429213 0.044444 0.148936
3 0.886556 0.218574 0.193651 0.280851
2 0.437302 0.037021 0.199048 0.065234
8 0.644960 0.850883 0.113159 0.126191
1 0.049373 0.432277 0.081381 0.730936
0 0.430421 0.883606 0.690905 0.186404
8 0.249865 0.863628 0.110302 0.136362
8 0.131492 0.866181 0.099841 0.126191
9 0.068683 0.780138 0.021968 0.043340
9 0.059175 0.485085 0.039079 0.052255
9 0.061071 0.334670 0.033381 0.042064
9 0.056841 0.190649 0.036127 0.049723
