9 0.062881 0.096447 0.033635 0.046128
9 0.059325 0.291415 0.040746 0.052404
9 0.058190 0.386798 0.038317 0.041936
9 0.062056 0.480617 0.033698 0.051362
9 0.067532 0.752638 0.021190 0.039830
9 0.068706 0.665628 0.031349 0.039851
9 0.056238 0.567096 0.034413 0.046106
7 0.172063 0.573479 0.046571 0.053894
7 0.296405 0.290500 0.058206 0.061000
7 0.419683 0.436596 0.046571 0.055319
7 0.546135 0.088372 0.051857 0.048234
7 0.674706 0.634468 0.046556 0.051064
10 0.428143 0.968298 0.177778 0.063404
11 0.023071 0.414617 0.046143 0.187234
3 0.873675 0.218862 0.224397 0.283681
2 0.417563 0.030713 0.110048 0.061426
4 0.422563 0.415096 0.663921 0.694021
0 0.415849 0.876287 0.675921 0.222277
1 0.049381 0.419415 0.080000 0.703936
8 0.609889 0.867936 0.134508 0.157234
8 0.512921 0.840681 0.106349 0.117404
8 0.367079 0.862691 0.100889 0.155128
8 0.239222 0.850638 0.115746 0.131021
8 0.115667 0.850117 0.111048 0.138362
9 0.065230 0.197596 0.035190 0.053447
