8 0.264952 0.849245 0.141492 0.189809
3 0.865302 0.198043 0.239810 0.227915
11 0.025484 0.405532 0.036365 0.137021
10 0.414683 0.963447 0.077651 0.038213
7 0.643190 0.310021 0.047175 0.038213
9 0.068690 0.214585 0.050206 0.045894
9 0.065270 0.657372 0.043365 0.029043
1 0.052762 0.408702 0.071746 0.695574
0 0.406817 0.861255 0.657508 0.227915
4 0.412786 0.404628 0.644365 0.679340
7 0.488397 0.257330 0.044222 0.040830
7 0.335563 0.080798 0.037349 0.030319
7 0.177825 0.269840 0.030476 0.042149
9 0.072683 0.746840 0.035365 0.039766
8 0.128024 0.841596 0.109540 0.156170
8 0.591857 0.832426 0.117524 0.140851
9 0.071548 0.126638 0.065032 0.022936
9 0.064698 0.563319 0.046794 0.055064
9 0.067548 0.479947 0.052492 0.044362
9 0.073254 0.389713 0.059333 0.041298
9 0.075540 0.298713 0.054762 0.045894
8 0.445810 0.821713 0.078730 0.110277
2 0.408786 0.033372 0.138587 0.046106
