2 0.428127 0.039596 0.179016 0.057915
8 0.106341 0.856979 0.052492 0.131532
8 0.183365 0.876862 0.094698 0.143766
8 0.271230 0.842436 0.074175 0.099426
8 0.360230 0.836330 0.097000 0.096362
8 0.436683 0.825617 0.062762 0.053532
8 0.503429 0.857734 0.104984 0.157553
8 0.596421 0.833266 0.071889 0.056574
8 0.664881 0.863851 0.090143 0.136128
9 0.058992 0.156468 0.042206 0.058128
9 0.064127 0.315532 0.036508 0.061191
11 0.026460 0.423170 0.035270 0.177319
10 0.426810 0.962181 0.148159 0.035468
7 0.154762 0.380617 0.036159 0.030723
7 0.231040 0.643617 0.040556 0.041362
7 0.309968 0.559691 0.039683 0.036660
1 0.044095 0.425479 0.088190 0.721170
0 0.426262 0.885936 0.681444 0.228128
4 0.428254 0.419468 0.678095 0.712979
9 0.058421 0.462372 0.031952 0.094830
9 0.055571 0.614543 0.037651 0.065766
9 0.064698 0.762149 0.033079 0.048936
7 0.388397 0.661936 0.030952 0.028383
7 0.465167 0.177309 0.030873 0.030745
7 0.545857 0.473404 0.037048 0.034298
7 0.624333 0.355787 0.035270 0.033106
7 0.703706 0.081564 0.037032 0.030745
3 0.884921 0.287819 0.214286 0.412532
