9 0.062544 0.671394 0.035326 0.055553
7 0.661471 0.084404 0.043450 0.042553
7 0.506200 0.119149 0.055103 0.052468
7 0.342448 0.290777 0.037107 0.049638
7 0.183998 0.109213 0.042401 0.046809
9 0.059062 0.288787 0.039173 0.028298
9 0.062194 0.387851 0.031320 0.039830
9 0.058633 0.479053 0.029062 0.035638
9 0.061017 0.573383 0.036820 0.044043
9 0.064110 0.194447 0.032194 0.028298
9 0.064118 0.770979 0.035326 0.042979
8 0.132687 0.859021 0.108076 0.137319
8 0.284642 0.861638 0.130016 0.159319
8 0.455382 0.853777 0.101828 0.156191
8 0.611216 0.873702 0.147170 0.175064
3 0.877154 0.199298 0.216216 0.238298
1 0.046359 0.419181 0.083307 0.713468
0 0.419595 0.883011 0.677186 0.225596
11 0.019396 0.421277 0.038792 0.165957
2 0.415048 0.030851 0.188665 0.061702
10 0.425119 0.966309 0.168521 0.067383
4 0.425191 0.415628 0.666534 0.699255
9 0.060636 0.093309 0.029762 0.035638
