7 0.188935 0.416734 0.042321 0.036872
4 0.437337 0.426628 0.693180 0.725468
9 0.064110 0.783064 0.023959 0.048851
9 0.054984 0.689149 0.037663 0.044298
9 0.060692 0.593702 0.033084 0.039702
9 0.062973 0.499021 0.042226 0.051915
9 0.061264 0.405117 0.041065 0.047340
9 0.062409 0.295170 0.043355 0.050383
9 0.059555 0.210415 0.039936 0.042745
9 0.054992 0.116500 0.049062 0.062617
8 0.638060 0.874681 0.103847 0.131319
8 0.488585 0.864000 0.099269 0.106894
8 0.315143 0.873926 0.108410 0.126745
8 0.142273 0.872394 0.120954 0.123681
1 0.046288 0.429404 0.084658 0.738255
0 0.434467 0.888106 0.695962 0.183787
7 0.351852 0.464819 0.035437 0.046106
7 0.517711 0.082766 0.046264 0.030298
7 0.685056 0.680872 0.044293 0.035574
10 0.435525 0.958840 0.080715 0.043468
11 0.024046 0.427926 0.041351 0.172574
3 0.890302 0.194096 0.192941 0.229213
2 0.434531 0.036011 0.188998 0.047426
