3 0.880024 0.240138 0.218331 0.320574
9 0.060199 0.172436 0.032194 0.045085
9 0.065334 0.333872 0.039157 0.042979
9 0.059022 0.477479 0.034547 0.030404
9 0.056312 0.620553 0.044769 0.039830
9 0.066852 0.766255 0.026709 0.031447
8 0.106836 0.851170 0.128458 0.117404
8 0.216884 0.867926 0.113577 0.153043
8 0.302226 0.874213 0.123052 0.165617
8 0.434587 0.840149 0.104245 0.114255
8 0.526264 0.851691 0.115135 0.141511
8 0.657075 0.831777 0.116693 0.133128
7 0.161415 0.375606 0.044515 0.052489
7 0.267941 0.084819 0.051940 0.041128
7 0.374459 0.258585 0.042401 0.053894
7 0.474618 0.439436 0.043450 0.043979
7 0.582727 0.538723 0.043450 0.049660
7 0.682878 0.364255 0.057234 0.055319
10 0.426924 0.970426 0.140970 0.059149
11 0.023474 0.419574 0.046948 0.214170
2 0.420564 0.030000 0.113402 0.060000
1 0.050644 0.422064 0.084054 0.712213
0 0.415771 0.880787 0.683625 0.227957
4 0.425588 0.414585 0.662623 0.699255
