9 0.074444 0.761351 0.043736 0.049638
8 0.133871 0.849096 0.103641 0.136277
3 0.878116 0.220702 0.221510 0.276596
11 0.026494 0.406521 0.042401 0.177298
10 0.430843 0.963979 0.136725 0.055319
7 0.679913 0.350489 0.045580 0.051064
7 0.551669 0.529926 0.051924 0.069511
7 0.431375 0.587372 0.042401 0.053894
7 0.303657 0.122840 0.049825 0.052489
7 0.185477 0.080287 0.055119 0.032617
9 0.073490 0.352223 0.036137 0.055979
9 0.072067 0.633457 0.050397 0.063638
9 0.076820 0.489660 0.031383 0.050894
9 0.071113 0.081809 0.048490 0.036894
4 0.432242 0.416160 0.648521 0.700319
9 0.070636 0.216064 0.039936 0.040723
1 0.055016 0.420085 0.097504 0.716340
8 0.249404 0.859277 0.121701 0.138851
8 0.397258 0.840191 0.084626 0.105745
8 0.526105 0.829372 0.077965 0.089213
8 0.648768 0.826255 0.069428 0.080170
0 0.423378 0.871245 0.673021 0.207085
2 0.431908 0.033479 0.143084 0.066660
