0 0.411516 0.860957 0.644270 0.229787
9 0.067254 0.740000 0.019111 0.052255
9 0.059643 0.593426 0.028619 0.054809
9 0.061556 0.444936 0.036222 0.050979
9 0.061071 0.302181 0.029571 0.045894
9 0.060651 0.160064 0.043746 0.047149
8 0.140944 0.809457 0.069508 0.079043
1 0.048349 0.410691 0.084762 0.693298
3 0.865873 0.217872 0.243492 0.282255
11 0.023016 0.408660 0.043492 0.178723
10 0.411905 0.959723 0.180000 0.055319
7 0.651587 0.187372 0.062540 0.070915
8 0.492341 0.812000 0.104587 0.107064
8 0.602643 0.839404 0.127413 0.138936
7 0.533595 0.376734 0.061476 0.052489
7 0.407143 0.190213 0.045397 0.056723
7 0.292905 0.607947 0.041270 0.043979
7 0.165873 0.080989 0.049841 0.053894
8 0.230333 0.841957 0.145587 0.177149
8 0.361603 0.822202 0.099841 0.122362
2 0.405024 0.032660 0.170270 0.056809
4 0.413183 0.405149 0.642810 0.676213
