4 0.432242 0.421394 0.685342 0.710787
2 0.429221 0.034691 0.171288 0.056660
3 0.884491 0.194096 0.203768 0.227894
11 0.022679 0.417383 0.035437 0.160723
10 0.428235 0.963457 0.114181 0.048745
7 0.674825 0.543840 0.044308 0.042106
7 0.513879 0.659787 0.041335 0.034255
7 0.348990 0.382479 0.038394 0.040830
7 0.185095 0.081457 0.037409 0.036872
8 0.477750 0.848734 0.075310 0.100787
8 0.313434 0.851777 0.088998 0.091638
8 0.134062 0.864298 0.109555 0.129787
9 0.060692 0.115734 0.042210 0.048872
9 0.061836 0.220340 0.035374 0.041234
9 0.060692 0.337160 0.037663 0.064149
9 0.058410 0.441000 0.028521 0.051915
9 0.059547 0.560883 0.044499 0.059553
9 0.057838 0.668532 0.041081 0.042766
9 0.070962 0.775426 0.039952 0.036638
1 0.049976 0.428340 0.072862 0.730128
0 0.426558 0.879702 0.688092 0.196298
8 0.636916 0.851011 0.078728 0.099255
