8 0.397870 0.861702 0.109539 0.120638
11 0.024332 0.426117 0.028347 0.183213
10 0.430231 0.959223 0.136900 0.034277
7 0.653243 0.079787 0.040636 0.031915
7 0.430668 0.638298 0.022957 0.037830
7 0.212067 0.079191 0.052114 0.026000
3 0.885533 0.173170 0.210207 0.195021
2 0.435079 0.031330 0.220811 0.050830
1 0.044873 0.424287 0.089746 0.735340
0 0.427742 0.887096 0.690143 0.213894
4 0.429571 0.420106 0.682353 0.718511
9 0.061264 0.176819 0.041065 0.058021
9 0.059555 0.286766 0.049062 0.064128
9 0.061836 0.415043 0.044499 0.070255
9 0.061836 0.542553 0.042210 0.056511
9 0.065254 0.658606 0.033084 0.047340
9 0.068680 0.770085 0.017107 0.050383
8 0.627226 0.877734 0.143768 0.128277
8 0.171375 0.883085 0.131208 0.151191
