2 0.422258 0.032479 0.148394 0.064957
3 0.878537 0.239436 0.215167 0.326234
11 0.022472 0.413191 0.044944 0.140426
10 0.428617 0.964394 0.211987 0.071213
7 0.683514 0.339436 0.047695 0.052489
7 0.581240 0.080574 0.046645 0.042553
7 0.475246 0.389787 0.063593 0.062426
7 0.374563 0.169213 0.044515 0.046809
7 0.264865 0.324543 0.041335 0.048234
7 0.162591 0.548660 0.038156 0.051064
9 0.060127 0.273787 0.038792 0.053447
9 0.056693 0.364638 0.038792 0.067191
9 0.061836 0.467723 0.035374 0.059574
9 0.059547 0.569266 0.026248 0.058021
9 0.056693 0.663947 0.029666 0.045809
9 0.063545 0.770074 0.031955 0.035128
8 0.110898 0.857883 0.099285 0.128277
8 0.217583 0.857128 0.109539 0.120638
8 0.332838 0.841862 0.084436 0.114532
8 0.418410 0.855596 0.120954 0.142000
8 0.533084 0.854830 0.096979 0.131319
8 0.637488 0.857894 0.136916 0.134383
9 0.056701 0.073734 0.057059 0.047340
9 0.060692 0.171468 0.033084 0.041234
4 0.424412 0.416681 0.665771 0.701362
1 0.047035 0.417043 0.083100 0.724298
0 0.416733 0.880489 0.688919 0.220128
