8 0.639197 0.857894 0.094706 0.122170
9 0.060692 0.667766 0.030795 0.050383
4 0.424412 0.418245 0.665771 0.700319
9 0.067536 0.754053 0.033100 0.033596
8 0.105763 0.867053 0.116391 0.171043
8 0.230707 0.844904 0.078744 0.123681
8 0.317997 0.857883 0.107250 0.140489
8 0.417266 0.861702 0.127790 0.135915
1 0.048347 0.423713 0.078760 0.716660
0 0.410803 0.874862 0.704817 0.208149
8 0.549062 0.825819 0.087854 0.088574
7 0.163140 0.282117 0.042655 0.039511
7 0.265270 0.699298 0.035278 0.037319
7 0.373140 0.279372 0.039380 0.038404
7 0.476916 0.487957 0.040191 0.045021
7 0.581089 0.083415 0.041828 0.039511
7 0.685278 0.309564 0.040191 0.041723
10 0.426463 0.961862 0.125008 0.048745
11 0.023855 0.421734 0.038394 0.148872
3 0.877806 0.238617 0.216566 0.317489
2 0.424992 0.031787 0.190970 0.054000
9 0.058410 0.089011 0.037647 0.038191
9 0.057273 0.183691 0.033084 0.047340
9 0.056701 0.276840 0.031940 0.056489
9 0.061264 0.381447 0.038808 0.042766
9 0.064118 0.477649 0.030811 0.054957
9 0.061828 0.579202 0.030811 0.044277
