7 0.569054 0.284117 0.056169 0.049638
2 0.440278 0.031777 0.199253 0.063553
7 0.698362 0.084117 0.054054 0.035468
10 0.441860 0.969362 0.155803 0.061277
7 0.173720 0.123117 0.047695 0.048234
8 0.521105 0.864755 0.095851 0.117596
8 0.396733 0.863234 0.102687 0.090085
8 0.268935 0.867043 0.102703 0.106894
8 0.128585 0.878511 0.125501 0.132851
9 0.064682 0.789926 0.034229 0.059553
9 0.058983 0.639521 0.047917 0.033596
9 0.060127 0.484521 0.041081 0.050404
9 0.055556 0.321128 0.045644 0.053447
9 0.065827 0.165362 0.041065 0.056511
11 0.023529 0.416032 0.047059 0.256745
3 0.889134 0.219574 0.191844 0.278000
7 0.306733 0.288362 0.040270 0.038298
7 0.437099 0.292617 0.048760 0.046809
8 0.655183 0.876968 0.099269 0.126745
4 0.437337 0.427160 0.694738 0.722319
0 0.433386 0.892521 0.700572 0.200277
1 0.047560 0.432000 0.084149 0.739021
