1 0.045413 0.423702 0.090825 0.715234
2 0.427317 0.031915 0.180921 0.063830
7 0.422405 0.449755 0.033508 0.034277
3 0.877429 0.220394 0.218698 0.277894
7 0.170635 0.080968 0.030857 0.029553
11 0.022484 0.429074 0.034397 0.245851
10 0.420635 0.962181 0.112889 0.044915
7 0.671516 0.566787 0.030873 0.031915
7 0.548937 0.459809 0.036159 0.033106
9 0.064127 0.174064 0.031937 0.050468
9 0.063556 0.093766 0.037651 0.055064
8 0.615254 0.865383 0.116381 0.169787
8 0.501714 0.848564 0.099270 0.123894
8 0.364222 0.863851 0.111810 0.133064
8 0.259817 0.835553 0.083286 0.113191
8 0.128032 0.848553 0.098127 0.130000
7 0.295413 0.355787 0.031746 0.030723
4 0.421746 0.414894 0.663175 0.699149
0 0.416667 0.881915 0.678127 0.236170
9 0.065262 0.760606 0.031952 0.042830
9 0.061278 0.681851 0.044492 0.056596
9 0.060706 0.593128 0.043349 0.056596
9 0.063556 0.508245 0.044508 0.045894
9 0.063556 0.423362 0.033079 0.068809
9 0.064127 0.340777 0.036508 0.071894
9 0.063556 0.257404 0.039937 0.055064
