7 0.704516 0.320691 0.052079 0.040830
9 0.066976 0.097574 0.051349 0.029064
9 0.063556 0.225287 0.035365 0.039766
9 0.070968 0.369830 0.043365 0.053532
9 0.072683 0.502138 0.046794 0.039766
9 0.072683 0.650489 0.042222 0.061191
9 0.077817 0.779734 0.036524 0.035170
8 0.674579 0.854606 0.089000 0.114872
8 0.566762 0.859957 0.096984 0.122511
8 0.492024 0.845426 0.070746 0.090383
8 0.381913 0.869894 0.112968 0.145447
2 0.437183 0.027617 0.134651 0.055234
3 0.882897 0.266681 0.202460 0.362298
11 0.024897 0.422128 0.041286 0.227915
10 0.441611 0.964904 0.090429 0.054021
7 0.615079 0.353628 0.046190 0.048745
7 0.529079 0.246266 0.045206 0.047426
4 0.437810 0.424021 0.665492 0.716043
7 0.438167 0.081585 0.057984 0.042149
7 0.348238 0.454415 0.047175 0.050064
7 0.260278 0.581543 0.054048 0.046106
7 0.173302 0.595372 0.045206 0.039511
1 0.058579 0.425957 0.095317 0.729362
0 0.436206 0.882745 0.673238 0.201574
8 0.308310 0.847713 0.070746 0.110277
8 0.228437 0.844660 0.052492 0.079702
8 0.136008 0.845426 0.089000 0.081234
