8 0.409143 0.860447 0.063714 0.079021
2 0.439944 0.034894 0.159889 0.060979
3 0.890738 0.173894 0.189317 0.182979
11 0.025714 0.427798 0.044444 0.151766
10 0.436294 0.963255 0.143921 0.051064
0 0.440952 0.891011 0.695238 0.185809
1 0.047159 0.434489 0.082540 0.742170
9 0.060643 0.086819 0.033286 0.044617
9 0.062190 0.223840 0.030190 0.044617
9 0.062587 0.370415 0.024635 0.036106
9 0.063381 0.514330 0.035746 0.045681
9 0.063817 0.652936 0.026937 0.044596
9 0.064960 0.794734 0.021476 0.039298
8 0.165722 0.872160 0.108397 0.122362
8 0.625944 0.878287 0.109349 0.114702
7 0.218254 0.134894 0.054921 0.034043
7 0.444127 0.085957 0.066667 0.041149
7 0.666349 0.658298 0.060317 0.068085
4 0.440159 0.429255 0.696762 0.728596
