9 0.061828 0.554766 0.039936 0.068723
9 0.061264 0.147798 0.041065 0.088574
8 0.141701 0.852543 0.119809 0.114532
8 0.317997 0.841851 0.107250 0.102298
9 0.065262 0.669287 0.030811 0.059553
3 0.881940 0.196989 0.211638 0.235809
10 0.422226 0.962394 0.144706 0.043468
7 0.669308 0.582979 0.034452 0.030298
7 0.503442 0.124532 0.039380 0.038213
7 0.346924 0.291160 0.037409 0.036830
7 0.184014 0.080404 0.042337 0.039532
1 0.045707 0.424926 0.091415 0.749723
0 0.405000 0.886064 0.728442 0.227872
10 0.023839 0.423947 0.037822 0.153426
9 0.067536 0.765500 0.037647 0.065681
4 0.427504 0.418723 0.670588 0.706809
9 0.058983 0.251649 0.050207 0.070234
2 0.425183 0.033638 0.158474 0.061915
8 0.619809 0.868574 0.140350 0.174085
8 0.456065 0.853309 0.123227 0.131340
9 0.064682 0.349372 0.036518 0.073298
9 0.064690 0.460085 0.029666 0.077872
