9 0.074381 0.355713 0.039079 0.043340
11 0.030421 0.436309 0.049635 0.146106
3 0.892325 0.174617 0.186143 0.195745
7 0.665873 0.115745 0.042222 0.038298
9 0.071056 0.216777 0.034333 0.040787
2 0.444183 0.033404 0.195667 0.066809
7 0.223016 0.085245 0.043492 0.039723
8 0.633548 0.868723 0.092238 0.100681
8 0.406762 0.869989 0.096984 0.093043
8 0.181413 0.877649 0.100794 0.110872
9 0.075810 0.500372 0.041937 0.052277
9 0.073484 0.649500 0.040873 0.049723
9 0.084421 0.793521 0.036143 0.042064
9 0.068730 0.074021 0.044698 0.030596
7 0.448413 0.645532 0.045397 0.048213
10 0.447302 0.959713 0.136508 0.061000
1 0.057111 0.431021 0.092063 0.749702
0 0.445770 0.889255 0.687730 0.178723
4 0.447198 0.429745 0.682683 0.731830
