8 0.295984 0.856617 0.103651 0.130000
4 0.433119 0.417202 0.658460 0.708702
7 0.167937 0.111489 0.041270 0.041149
7 0.260056 0.673904 0.049635 0.056745
7 0.345286 0.081702 0.050794 0.046809
7 0.431000 0.600851 0.044444 0.049660
7 0.520897 0.625670 0.046460 0.053894
7 0.605556 0.227798 0.046667 0.058149
7 0.698675 0.642691 0.042429 0.056745
10 0.429897 0.958298 0.141698 0.058170
11 0.027246 0.420000 0.043286 0.229787
3 0.879627 0.261840 0.213857 0.364532
2 0.430421 0.031989 0.214714 0.063979
1 0.059595 0.423787 0.092238 0.721617
0 0.412960 0.876160 0.700429 0.205681
9 0.069198 0.082947 0.049444 0.043340
9 0.070635 0.224426 0.058000 0.053532
9 0.078238 0.364628 0.044698 0.040787
9 0.081563 0.501011 0.049444 0.048447
9 0.075333 0.633564 0.040984 0.066277
9 0.085794 0.773128 0.016254 0.047149
8 0.116746 0.861085 0.096984 0.133830
8 0.208976 0.850883 0.089381 0.128745
8 0.396778 0.850872 0.101746 0.131277
8 0.480929 0.852787 0.091286 0.130000
8 0.578397 0.845149 0.084635 0.114723
8 0.660175 0.861074 0.116952 0.126191
