9 0.060692 0.280660 0.023959 0.067191
10 0.423315 0.967521 0.167456 0.064957
9 0.066399 0.172234 0.055914 0.036638
9 0.058983 0.078319 0.043370 0.041234
7 0.689348 0.477596 0.048744 0.055319
1 0.044730 0.413755 0.089459 0.716319
4 0.420890 0.415096 0.665755 0.694021
7 0.595548 0.077596 0.049825 0.046809
7 0.511820 0.683266 0.030731 0.052489
0 0.400254 0.874532 0.711192 0.215319
11 0.020882 0.411628 0.041765 0.218447
2 0.427027 0.032766 0.225755 0.065532
7 0.154110 0.184681 0.052989 0.039702
7 0.246320 0.196734 0.040270 0.041128
7 0.334817 0.552766 0.037107 0.060979
7 0.416431 0.301702 0.058299 0.046809
3 0.877480 0.261989 0.221510 0.364532
8 0.656884 0.835745 0.070747 0.096213
8 0.541645 0.855596 0.114102 0.145064
8 0.460056 0.849489 0.106121 0.129787
8 0.366494 0.851787 0.101542 0.134383
8 0.282051 0.857883 0.099269 0.137426
8 0.183927 0.863234 0.128935 0.145064
8 0.097210 0.860947 0.112957 0.152702
9 0.068108 0.763968 0.034245 0.050404
9 0.056129 0.666234 0.037663 0.038170
9 0.060692 0.566989 0.046789 0.032064
9 0.061828 0.476883 0.019396 0.044277
9 0.066399 0.369989 0.026248 0.050404
