9 0.059175 0.618915 0.035270 0.052255
9 0.062508 0.699851 0.040032 0.028043
9 0.074857 0.797351 0.021016 0.039511
1 0.046143 0.434894 0.086032 0.747532
7 0.210794 0.487372 0.050794 0.049638
7 0.443119 0.672489 0.051952 0.059574
7 0.663278 0.083117 0.039159 0.043979
10 0.440524 0.956170 0.133333 0.051064
11 0.021429 0.427798 0.040317 0.143255
3 0.893913 0.173191 0.182968 0.181574
2 0.438889 0.034181 0.151429 0.062404
0 0.437881 0.891351 0.699476 0.181553
4 0.440159 0.432926 0.698317 0.733851
8 0.630175 0.877011 0.116095 0.117255
8 0.402913 0.866170 0.097095 0.100681
8 0.175175 0.870000 0.099937 0.105787
9 0.057317 0.071489 0.040889 0.053532
9 0.060175 0.161330 0.035175 0.036957
9 0.062548 0.255649 0.034238 0.039511
9 0.060643 0.351894 0.030429 0.050979
9 0.061548 0.431543 0.034333 0.042064
9 0.061071 0.527777 0.027667 0.045894
