7 0.667937 0.142128 0.052921 0.056723
7 0.507619 0.457021 0.039143 0.051064
7 0.347825 0.080426 0.041270 0.043957
7 0.183810 0.215883 0.030698 0.045383
9 0.058929 0.129468 0.043095 0.036681
9 0.061667 0.203883 0.039175 0.038787
9 0.060103 0.292989 0.040746 0.047170
9 0.059714 0.367936 0.030571 0.041915
9 0.061706 0.455457 0.031286 0.038787
9 0.064016 0.526223 0.039175 0.035638
9 0.060881 0.615319 0.034492 0.039830
11 0.021802 0.415181 0.043603 0.245383
3 0.881159 0.200277 0.206349 0.229787
2 0.429841 0.032053 0.141810 0.064106
4 0.428429 0.417202 0.675651 0.708702
0 0.426968 0.881553 0.674635 0.209660
1 0.048937 0.424628 0.083810 0.719468
9 0.067532 0.775170 0.027444 0.045064
9 0.060103 0.696021 0.040746 0.048213
10 0.435659 0.965394 0.176714 0.069213
