9 0.073905 0.352521 0.040032 0.049723
9 0.071063 0.492096 0.043841 0.038234
9 0.070587 0.622723 0.037175 0.054809
9 0.079611 0.770585 0.011508 0.036957
8 0.113421 0.860436 0.113159 0.140191
8 0.226103 0.832404 0.051349 0.058638
8 0.290754 0.869362 0.106492 0.130000
8 0.393929 0.852787 0.069413 0.107064
8 0.477603 0.858532 0.096032 0.131277
8 0.578397 0.850883 0.075111 0.095596
8 0.664452 0.847691 0.062746 0.112149
10 0.433595 0.961851 0.121794 0.051064
7 0.609262 0.476734 0.036937 0.056745
7 0.698175 0.253330 0.043333 0.052489
7 0.170103 0.652628 0.045603 0.053894
2 0.436190 0.032064 0.146032 0.055319
7 0.520373 0.083830 0.049635 0.048213
4 0.435071 0.419298 0.655317 0.708681
0 0.417167 0.876447 0.699000 0.198596
1 0.055270 0.417330 0.096286 0.729979
7 0.258992 0.200138 0.045603 0.045383
7 0.341587 0.147660 0.053968 0.039702
7 0.432063 0.541277 0.038095 0.055319
9 0.068730 0.070840 0.042794 0.047170
9 0.074905 0.214872 0.041841 0.054809
11 0.028357 0.415745 0.045508 0.181574
3 0.881746 0.261138 0.207302 0.363128
