11 0.021476 0.427809 0.038095 0.182979
2 0.437833 0.034894 0.176619 0.063830
3 0.888143 0.173894 0.196825 0.191489
1 0.043651 0.432053 0.086667 0.739000
10 0.429365 0.959011 0.202222 0.053894
7 0.658413 0.724968 0.044444 0.048234
7 0.436302 0.087372 0.038095 0.058149
7 0.209786 0.129213 0.042429 0.051064
0 0.434984 0.881851 0.688889 0.187234
4 0.434690 0.426638 0.687381 0.723362
9 0.060603 0.196394 0.038127 0.035681
9 0.060595 0.344872 0.032429 0.047149
9 0.057746 0.492096 0.026730 0.066277
9 0.059175 0.640574 0.042889 0.047149
9 0.059175 0.790340 0.033365 0.053532
8 0.179508 0.851521 0.100794 0.099426
8 0.390079 0.870000 0.145587 0.131277
8 0.626421 0.841957 0.125508 0.090511
