9 0.059317 0.661489 0.044571 0.033532
2 0.418254 0.031277 0.167302 0.062553
3 0.874921 0.220000 0.225397 0.278000
11 0.022484 0.413617 0.042429 0.211362
10 0.424071 0.963266 0.138524 0.048234
7 0.673810 0.596596 0.045397 0.046809
7 0.546825 0.449787 0.051746 0.048213
7 0.421429 0.305819 0.040317 0.041128
7 0.295556 0.226383 0.050794 0.041149
7 0.172754 0.080989 0.046460 0.039723
0 0.419063 0.871957 0.665714 0.211362
1 0.050683 0.411362 0.080317 0.723149
4 0.424127 0.414064 0.660000 0.698213
8 0.125008 0.840160 0.100873 0.124830
8 0.245048 0.839638 0.098540 0.121702
8 0.370952 0.850117 0.111048 0.125894
8 0.507802 0.844872 0.090714 0.121702
8 0.614937 0.862170 0.111048 0.143702
9 0.064794 0.758979 0.027365 0.031447
9 0.058929 0.561904 0.043794 0.025170
9 0.060881 0.467564 0.035190 0.044021
9 0.065183 0.365372 0.031286 0.047170
9 0.061278 0.269457 0.026587 0.033553
9 0.055016 0.170926 0.040667 0.037723
9 0.062452 0.071872 0.028937 0.034596
