7 0.448992 0.664543 0.056079 0.053894
7 0.316190 0.080851 0.048667 0.041149
7 0.187087 0.188649 0.033857 0.058149
9 0.072603 0.650426 0.034476 0.072340
8 0.532468 0.875266 0.107921 0.104830
9 0.085913 0.789840 0.031349 0.072319
4 0.447587 0.430309 0.681111 0.728617
1 0.058151 0.434479 0.096302 0.742574
8 0.272802 0.877362 0.100175 0.142553
9 0.065222 0.081777 0.050825 0.041936
9 0.076135 0.229043 0.039952 0.049277
9 0.070659 0.370021 0.044651 0.054511
9 0.076532 0.509436 0.029794 0.075468
8 0.155119 0.857447 0.063413 0.119489
8 0.404968 0.859021 0.092349 0.112170
8 0.665413 0.877894 0.100095 0.124723
0 0.445794 0.888989 0.685714 0.187553
2 0.446349 0.034755 0.167206 0.065255
3 0.892913 0.219862 0.186238 0.273766
11 0.026770 0.435457 0.045508 0.185809
10 0.446873 0.961702 0.111111 0.055319
7 0.705611 0.105670 0.048683 0.045383
7 0.573857 0.290074 0.041270 0.053894
