8 0.281486 0.855596 0.102687 0.142000
8 0.125159 0.824298 0.073021 0.067191
8 0.640914 0.850255 0.107266 0.143532
9 0.057846 0.078330 0.045644 0.047340
9 0.057838 0.160787 0.050207 0.044298
9 0.059555 0.260809 0.037647 0.051915
9 0.057846 0.337160 0.034229 0.054957
9 0.058450 0.417330 0.030731 0.068702
9 0.064682 0.508191 0.036518 0.027489
9 0.061836 0.592181 0.035374 0.042745
9 0.064690 0.675404 0.038792 0.041234
9 0.061836 0.762447 0.033084 0.056511
0 0.423291 0.874766 0.670429 0.207064
1 0.047480 0.421245 0.080556 0.715255
4 0.424412 0.415106 0.665771 0.700298
2 0.426709 0.034468 0.179110 0.063830
3 0.878219 0.262128 0.219396 0.368809
11 0.023951 0.413894 0.043450 0.170213
10 0.422464 0.960000 0.111288 0.048213
7 0.691685 0.110351 0.034976 0.039723
7 0.603712 0.142979 0.045580 0.048213
7 0.513625 0.674191 0.041335 0.046809
7 0.422472 0.106106 0.037091 0.051064
7 0.331844 0.078436 0.044515 0.041128
7 0.244936 0.361415 0.055119 0.048234
7 0.155382 0.365670 0.043450 0.039723
8 0.544499 0.870106 0.117520 0.143532
8 0.454928 0.857128 0.100413 0.135915
8 0.381328 0.847968 0.076455 0.114532
8 0.200469 0.856362 0.089014 0.134383
