7 0.337040 0.131351 0.039159 0.043979
7 0.415873 0.442702 0.048667 0.051064
7 0.502643 0.282415 0.042333 0.053894
7 0.588889 0.110064 0.039143 0.046809
7 0.671960 0.556170 0.040206 0.053915
10 0.425397 0.966032 0.175651 0.067936
11 0.022754 0.404394 0.045508 0.224106
3 0.864548 0.261840 0.237032 0.364532
2 0.411635 0.032691 0.152381 0.065383
8 0.540516 0.819415 0.094714 0.111809
0 0.414254 0.868660 0.641270 0.243830
4 0.419040 0.404096 0.630302 0.682489
1 0.052087 0.406585 0.099476 0.690787
9 0.071548 0.216883 0.030810 0.050489
9 0.069825 0.086106 0.041079 0.052000
8 0.639214 0.820191 0.093571 0.122511
8 0.477183 0.788064 0.054778 0.067447
9 0.071548 0.347660 0.030810 0.058128
9 0.072111 0.476894 0.043365 0.053532
9 0.071540 0.615309 0.037651 0.036702
9 0.078389 0.736904 0.028524 0.032106
8 0.119468 0.821723 0.101540 0.128638
8 0.195349 0.830894 0.107270 0.134766
8 0.274643 0.840840 0.110683 0.163809
8 0.352810 0.850787 0.123238 0.177574
7 0.166667 0.082404 0.043397 0.034043
7 0.250794 0.127096 0.040222 0.043979
