7 0.471542 0.365255 0.048744 0.055319
8 0.659420 0.854830 0.088506 0.137319
8 0.583839 0.856926 0.086153 0.124745
8 0.521574 0.841734 0.068140 0.090149
8 0.413871 0.878415 0.122178 0.163511
8 0.357870 0.842245 0.074404 0.093298
8 0.260358 0.875798 0.112798 0.156191
8 0.214539 0.827585 0.063450 0.070234
8 0.118983 0.860074 0.096343 0.124745
9 0.075079 0.765734 0.025930 0.022021
9 0.076256 0.362691 0.034547 0.065000
9 0.075866 0.226426 0.043148 0.054511
9 0.068458 0.081766 0.053259 0.073362
9 0.077822 0.500011 0.032973 0.025170
9 0.074690 0.628415 0.032973 0.034574
4 0.433808 0.417202 0.658712 0.706617
7 0.162059 0.188649 0.046630 0.036872
7 0.238370 0.408511 0.046630 0.045404
7 0.316804 0.223404 0.038156 0.049660
7 0.396820 0.080851 0.047695 0.042553
7 0.545731 0.324819 0.042401 0.053894
0 0.418776 0.878574 0.688935 0.207106
1 0.057313 0.421500 0.094277 0.720872
7 0.625223 0.276596 0.036041 0.056723
7 0.702599 0.190777 0.052989 0.041128
10 0.436033 0.963117 0.132480 0.065255
11 0.027003 0.424117 0.045421 0.175894
3 0.880660 0.285809 0.207742 0.412766
2 0.425437 0.033330 0.193959 0.066660
