8 0.660175 0.861181 0.121717 0.117213
2 0.440914 0.036319 0.144149 0.055319
3 0.889777 0.215745 0.193959 0.272340
11 0.028092 0.430638 0.041335 0.219872
7 0.175938 0.555468 0.033911 0.046809
7 0.304714 0.358298 0.043450 0.052468
7 0.434547 0.565394 0.038156 0.043979
10 0.435079 0.955468 0.179126 0.063830
4 0.435382 0.426628 0.690827 0.725468
7 0.695286 0.079574 0.046630 0.042553
7 0.565445 0.208649 0.043450 0.048234
1 0.049746 0.430532 0.077361 0.732553
0 0.432949 0.885309 0.698013 0.188957
9 0.068211 0.785532 0.014356 0.052170
8 0.124356 0.872000 0.090334 0.113404
9 0.063037 0.161351 0.030429 0.035638
9 0.061081 0.320415 0.022925 0.038191
9 0.063935 0.471851 0.032417 0.040723
9 0.063935 0.627734 0.032417 0.049638
8 0.259388 0.865638 0.111240 0.121021
8 0.392504 0.864362 0.105548 0.123574
8 0.524157 0.861883 0.098998 0.108149
