8 0.485731 0.857117 0.057059 0.102319
7 0.155064 0.098298 0.052989 0.035447
7 0.252043 0.077734 0.045580 0.039723
7 0.336828 0.676319 0.037091 0.042553
9 0.060127 0.174521 0.029666 0.062617
9 0.062409 0.321128 0.043355 0.053447
9 0.057266 0.474596 0.039936 0.036638
7 0.704610 0.260000 0.047695 0.032638
7 0.429571 0.687660 0.033927 0.051064
9 0.059555 0.621957 0.028521 0.041234
9 0.066971 0.776947 0.036518 0.045809
8 0.124014 0.847957 0.084436 0.093149
8 0.208458 0.855596 0.073037 0.111489
8 0.293466 0.857883 0.110684 0.152702
8 0.390453 0.853298 0.076455 0.106894
8 0.568458 0.864000 0.087854 0.131319
8 0.659173 0.860181 0.098124 0.126745
2 0.430095 0.033043 0.187599 0.063830
1 0.050064 0.425574 0.075262 0.724340
0 0.429571 0.882149 0.684674 0.197149
4 0.433029 0.421915 0.679857 0.716043
7 0.518068 0.219574 0.039221 0.048213
7 0.611343 0.202553 0.045580 0.042553
10 0.434873 0.964255 0.137790 0.059574
11 0.025231 0.421000 0.041335 0.221277
3 0.887440 0.264968 0.207727 0.360277
