8 0.106349 0.864543 0.095841 0.134745
9 0.068119 0.776670 0.035381 0.047426
9 0.062413 0.624489 0.037651 0.064255
9 0.059563 0.470011 0.041063 0.052021
9 0.060135 0.310936 0.023952 0.055064
9 0.060706 0.164883 0.029667 0.059638
7 0.152071 0.078691 0.042270 0.036872
7 0.229683 0.124798 0.032381 0.034234
7 0.306865 0.635287 0.035381 0.048745
10 0.430698 0.965947 0.165111 0.043468
7 0.703437 0.354032 0.040302 0.050064
7 0.625786 0.644511 0.040302 0.051362
7 0.544706 0.363245 0.037349 0.042149
7 0.465103 0.492351 0.035381 0.042149
7 0.385984 0.660968 0.032444 0.047426
1 0.050016 0.425309 0.075683 0.721681
4 0.429595 0.421915 0.678778 0.711830
0 0.414302 0.881670 0.714508 0.198915
2 0.426278 0.037851 0.197540 0.055319
3 0.883286 0.285511 0.205397 0.413660
11 0.025294 0.415287 0.036365 0.172574
8 0.655190 0.871426 0.093556 0.148511
8 0.570746 0.868372 0.100413 0.136277
8 0.491452 0.866074 0.108397 0.134745
8 0.432683 0.845426 0.073016 0.096511
8 0.333984 0.877543 0.106127 0.145468
8 0.270087 0.856128 0.085571 0.124043
8 0.196492 0.847713 0.077587 0.107213
