8 0.414389 0.870032 0.078206 0.090149
8 0.537167 0.878936 0.109476 0.112170
8 0.679881 0.867415 0.088365 0.078617
11 0.025183 0.439723 0.046556 0.208511
10 0.442643 0.965245 0.189413 0.053894
3 0.899254 0.219149 0.177778 0.280851
2 0.447413 0.032979 0.196825 0.065957
4 0.445635 0.437649 0.705365 0.737000
7 0.171222 0.475883 0.038095 0.045383
7 0.310897 0.085819 0.042333 0.045383
7 0.443706 0.278021 0.037032 0.038298
7 0.572270 0.221989 0.038095 0.045383
7 0.709841 0.743968 0.038095 0.036872
1 0.049937 0.442596 0.080413 0.749021
0 0.442571 0.899415 0.713587 0.185426
9 0.058190 0.157245 0.038317 0.052404
9 0.060103 0.317617 0.037603 0.037745
9 0.059714 0.481149 0.025873 0.054511
9 0.062063 0.639947 0.041524 0.053468
9 0.065183 0.804511 0.021190 0.036681
8 0.142254 0.873702 0.071937 0.097489
8 0.265810 0.894138 0.096984 0.125766
