11 0.025238 0.424106 0.036423 0.152809
9 0.069817 0.777713 0.033084 0.062617
9 0.061828 0.632649 0.039936 0.047340
9 0.059555 0.476894 0.037647 0.065660
9 0.060127 0.330287 0.038792 0.071766
9 0.061264 0.182160 0.038808 0.056489
8 0.591844 0.880021 0.120954 0.160340
8 0.393307 0.860170 0.098124 0.132851
8 0.167957 0.855596 0.115246 0.151191
0 0.430787 0.882777 0.682178 0.202106
1 0.049237 0.426021 0.077774 0.726085
7 0.649825 0.530819 0.049221 0.047426
4 0.431463 0.421926 0.675167 0.713936
7 0.208323 0.538064 0.042337 0.046128
7 0.425874 0.076979 0.042337 0.040851
10 0.427838 0.960947 0.097456 0.051383
3 0.883609 0.173809 0.205723 0.184426
2 0.429316 0.031532 0.187027 0.057957
