11 0.026667 0.422840 0.044444 0.209936
7 0.170683 0.122840 0.044444 0.049638
7 0.301849 0.393053 0.040111 0.048234
7 0.430421 0.494468 0.045603 0.058170
7 0.557405 0.538436 0.045603 0.049638
7 0.684968 0.079574 0.050794 0.048213
10 0.427246 0.959000 0.132175 0.051064
0 0.429548 0.882989 0.682810 0.200830
3 0.881794 0.219287 0.209524 0.279426
2 0.427825 0.029149 0.215873 0.058298
9 0.057794 0.135223 0.042222 0.041936
9 0.055056 0.229043 0.053952 0.036681
9 0.061667 0.321287 0.037619 0.063936
9 0.056587 0.416681 0.041524 0.059745
9 0.062841 0.500532 0.035270 0.036681
9 0.061667 0.598011 0.036063 0.038787
9 0.061667 0.691840 0.042317 0.044021
9 0.068310 0.780936 0.027444 0.062894
8 0.134437 0.852213 0.073508 0.077574
8 0.250952 0.872649 0.126698 0.118447
8 0.403833 0.842777 0.088365 0.102745
8 0.507841 0.866362 0.110254 0.139404
8 0.643127 0.864266 0.130603 0.133128
4 0.431944 0.421394 0.679571 0.710787
1 0.049405 0.425436 0.080524 0.722787
