8 0.278362 0.859968 0.120859 0.142532
8 0.200795 0.846968 0.097202 0.121596
8 0.118553 0.833862 0.073704 0.095383
9 0.063720 0.186585 0.031415 0.052404
0 0.421749 0.876085 0.668776 0.217021
7 0.420668 0.124106 0.046645 0.046809
9 0.064507 0.323915 0.036105 0.048213
1 0.046781 0.419777 0.083736 0.710617
7 0.334817 0.265245 0.044515 0.053894
4 0.424022 0.414585 0.657933 0.699255
9 0.059420 0.469617 0.032194 0.048213
9 0.059412 0.621606 0.046296 0.050319
9 0.067242 0.759447 0.038458 0.045064
7 0.511820 0.106383 0.059348 0.051064
8 0.470906 0.852979 0.093291 0.133617
8 0.568847 0.831351 0.081860 0.113255
8 0.655859 0.821798 0.075215 0.073809
7 0.599261 0.532628 0.045580 0.058149
7 0.685103 0.083681 0.047695 0.042553
10 0.421200 0.966660 0.147329 0.055319
11 0.023211 0.416319 0.042385 0.157447
3 0.877480 0.261702 0.220461 0.373064
2 0.424905 0.034043 0.182305 0.065234
7 0.158879 0.172340 0.040270 0.058170
7 0.244722 0.137585 0.044515 0.048234
8 0.391510 0.842798 0.071415 0.128532
8 0.291669 0.791894 0.090429 0.021617
