7 0.353466 0.080287 0.054054 0.041128
9 0.062512 0.647457 0.031479 0.048362
9 0.057750 0.499840 0.037186 0.033085
9 0.063935 0.355404 0.024817 0.054723
9 0.060135 0.204606 0.036232 0.061085
8 0.133347 0.867606 0.114197 0.111979
8 0.315922 0.866340 0.085676 0.137447
8 0.488029 0.869511 0.079968 0.120894
8 0.653474 0.865064 0.087583 0.104340
4 0.437329 0.427691 0.691606 0.725468
7 0.188132 0.445532 0.051940 0.056723
1 0.048227 0.432234 0.087965 0.736809
0 0.435747 0.889255 0.697663 0.192894
9 0.066789 0.781074 0.021017 0.048362
2 0.439324 0.031989 0.179126 0.063979
3 0.888712 0.195181 0.196089 0.228362
11 0.022790 0.432766 0.039221 0.167362
10 0.437727 0.965394 0.158983 0.058149
7 0.688394 0.701564 0.039205 0.052489
7 0.518283 0.437021 0.040286 0.045404
