7 0.675929 0.307234 0.049635 0.043957
7 0.611373 0.344830 0.043286 0.051064
1 0.050984 0.409021 0.081365 0.689362
0 0.390794 0.863351 0.685714 0.232617
7 0.475397 0.133479 0.040317 0.045383
7 0.410365 0.505819 0.041270 0.049638
7 0.545238 0.354043 0.029524 0.049660
8 0.345437 0.852787 0.128365 0.155489
7 0.343698 0.184532 0.034921 0.051064
7 0.277563 0.083830 0.042333 0.036894
7 0.213016 0.420713 0.044444 0.043979
7 0.144127 0.625670 0.038095 0.053894
8 0.424833 0.835585 0.106492 0.138915
4 0.413571 0.404096 0.642032 0.676191
8 0.298841 0.835585 0.094127 0.121085
8 0.233230 0.830479 0.094143 0.121085
8 0.157635 0.840053 0.104603 0.150404
8 0.101063 0.822202 0.099841 0.124915
9 0.067730 0.739351 0.035270 0.035681
9 0.062500 0.669894 0.036238 0.047149
9 0.057746 0.587681 0.041937 0.030596
9 0.058698 0.511840 0.038127 0.036957
9 0.062500 0.439830 0.030524 0.048426
8 0.641627 0.816457 0.068460 0.093043
8 0.568889 0.812638 0.071302 0.108340
2 0.410897 0.034181 0.137571 0.065255
3 0.863810 0.304394 0.241270 0.458149
11 0.025079 0.412872 0.047619 0.147447
10 0.410317 0.960426 0.134286 0.059574
9 0.061079 0.281138 0.042889 0.042064
9 0.058746 0.211043 0.034222 0.034426
9 0.058746 0.123734 0.032317 0.058617
9 0.061556 0.357617 0.036222 0.047149
8 0.489492 0.834947 0.095079 0.140191
