9 0.073816 0.356255 0.031955 0.053447
4 0.431852 0.415628 0.654006 0.699255
8 0.122878 0.857883 0.102703 0.137426
9 0.079515 0.763968 0.036518 0.047340
9 0.066399 0.083670 0.044499 0.036660
9 0.071534 0.497500 0.038808 0.045809
7 0.174762 0.083564 0.042337 0.038191
7 0.280580 0.340457 0.051176 0.040830
7 0.378521 0.517649 0.044293 0.044787
7 0.482377 0.105298 0.045294 0.042170
7 0.590159 0.091468 0.048235 0.046128
7 0.686630 0.371415 0.048235 0.044787
10 0.431677 0.964904 0.136836 0.051383
11 0.022178 0.423447 0.040350 0.167319
3 0.880064 0.242968 0.214595 0.325383
2 0.432663 0.032191 0.186057 0.056638
9 0.073816 0.630362 0.034245 0.051915
8 0.648331 0.842617 0.115231 0.116043
8 0.540501 0.845670 0.095851 0.116064
8 0.421256 0.864000 0.119809 0.146596
8 0.328839 0.862468 0.099269 0.149660
8 0.221582 0.858649 0.122083 0.138957
1 0.057981 0.418777 0.095485 0.711596
0 0.424253 0.879809 0.669809 0.214723
9 0.073243 0.223394 0.033100 0.056489
