4 0.412786 0.405670 0.641254 0.675170
8 0.627492 0.819191 0.119651 0.131021
8 0.517222 0.830723 0.116508 0.135234
8 0.425690 0.814479 0.085317 0.123681
8 0.336151 0.817617 0.103317 0.125787
8 0.203603 0.855883 0.140063 0.181340
8 0.114063 0.838053 0.112698 0.133128
9 0.066754 0.741628 0.044651 0.045085
9 0.060143 0.608511 0.023460 0.051362
9 0.059754 0.479043 0.028937 0.048213
9 0.059714 0.324957 0.029016 0.052426
9 0.060532 0.201266 0.033635 0.054489
1 0.048230 0.411787 0.085508 0.688681
0 0.394643 0.859798 0.678651 0.224106
2 0.414071 0.032979 0.195762 0.065957
3 0.865397 0.243968 0.237048 0.333340
11 0.023706 0.409223 0.047413 0.181553
10 0.415135 0.962415 0.166143 0.048234
7 0.664865 0.301415 0.043381 0.062404
7 0.564341 0.204255 0.043381 0.066681
7 0.460635 0.185106 0.053968 0.048213
7 0.363810 0.662404 0.042317 0.055319
7 0.262754 0.081564 0.049730 0.048234
7 0.162746 0.595745 0.050794 0.046809
