7 0.666661 0.701564 0.038156 0.041128
9 0.061558 0.214160 0.040986 0.047085
9 0.060127 0.299415 0.040032 0.054702
9 0.063935 0.372585 0.030509 0.055979
9 0.061089 0.454032 0.024817 0.055979
9 0.061558 0.538021 0.029571 0.053447
9 0.054897 0.605468 0.050493 0.038170
9 0.056804 0.692000 0.042893 0.040723
9 0.060652 0.769617 0.038983 0.038170
8 0.612639 0.864362 0.117901 0.138851
8 0.462393 0.858638 0.093180 0.135021
8 0.315016 0.833181 0.072258 0.099383
8 0.161916 0.817287 0.055151 0.059936
0 0.427917 0.876479 0.674531 0.206191
1 0.052655 0.422372 0.079491 0.714106
4 0.428323 0.417255 0.673593 0.708596
7 0.508744 0.249787 0.042385 0.039702
10 0.427663 0.958298 0.104928 0.046809
11 0.025437 0.417872 0.036025 0.208511
7 0.187599 0.405819 0.044515 0.045383
7 0.346582 0.084543 0.050874 0.041128
3 0.883943 0.195894 0.209857 0.229787
2 0.422893 0.032766 0.127186 0.062426
9 0.062035 0.133351 0.021017 0.061085
