10 0.433119 0.961840 0.169317 0.045383
7 0.672802 0.293766 0.045508 0.042553
7 0.514071 0.083128 0.058206 0.046809
7 0.352167 0.624255 0.045508 0.065234
7 0.187619 0.093755 0.050794 0.045383
11 0.022484 0.422840 0.036079 0.218447
2 0.432063 0.032766 0.196825 0.062426
0 0.426825 0.879915 0.690159 0.190383
1 0.049921 0.430628 0.077143 0.725085
8 0.129587 0.870000 0.116952 0.133830
9 0.071056 0.776319 0.030524 0.058638
9 0.060603 0.623372 0.041937 0.063723
8 0.311206 0.853436 0.082730 0.098149
9 0.061548 0.485713 0.045730 0.071383
9 0.065357 0.309830 0.034333 0.058638
9 0.060127 0.171532 0.046698 0.082851
3 0.880714 0.196596 0.205238 0.231191
8 0.477127 0.852149 0.102698 0.108340
8 0.634976 0.859170 0.095095 0.107064
4 0.432333 0.422968 0.678000 0.718149
