7 0.561294 0.082745 0.033508 0.030723
9 0.061278 0.182468 0.035381 0.094809
9 0.063556 0.333883 0.039937 0.070362
7 0.434310 0.679021 0.033508 0.034383
7 0.302468 0.667266 0.034397 0.034277
9 0.062421 0.484543 0.033095 0.065766
9 0.064698 0.629840 0.039937 0.071894
8 0.661468 0.860798 0.106111 0.130021
8 0.513698 0.864628 0.123238 0.149894
8 0.399024 0.849330 0.092429 0.116234
8 0.258103 0.878383 0.109540 0.152936
8 0.126317 0.876096 0.101556 0.142234
7 0.175048 0.439128 0.051143 0.041362
10 0.428571 0.958628 0.067905 0.037809
11 0.024690 0.424351 0.029095 0.172574
4 0.433254 0.424149 0.684286 0.720213
7 0.689595 0.535468 0.030873 0.037830
2 0.429016 0.034277 0.162254 0.047277
1 0.045643 0.440340 0.091286 0.753787
0 0.427373 0.882511 0.701444 0.193957
9 0.068119 0.779968 0.037667 0.056106
3 0.885357 0.216904 0.203698 0.275426
