0 0.417317 0.872979 0.670286 0.217362
2 0.419889 0.034074 0.200508 0.068149
8 0.125746 0.846181 0.102698 0.137809
8 0.240413 0.853074 0.119810 0.154617
8 0.365357 0.859947 0.109540 0.137809
8 0.504000 0.839309 0.094698 0.111809
8 0.619817 0.867596 0.141476 0.146979
9 0.061278 0.179404 0.051349 0.024468
9 0.060706 0.325479 0.036524 0.044362
9 0.059563 0.468489 0.031952 0.055064
9 0.063556 0.611489 0.033079 0.050468
9 0.061841 0.765968 0.025111 0.050489
1 0.051294 0.423074 0.080587 0.716660
4 0.422563 0.414064 0.666270 0.698213
7 0.171238 0.289479 0.043238 0.047426
7 0.297524 0.110309 0.048159 0.039511
7 0.421365 0.487745 0.040286 0.038213
7 0.548151 0.083957 0.042270 0.039532
7 0.675421 0.383011 0.053063 0.036872
10 0.421365 0.965298 0.087460 0.039532
11 0.024310 0.417915 0.034397 0.151489
3 0.874937 0.220968 0.214254 0.271383
