8 0.574078 0.851064 0.141765 0.147617
9 0.063935 0.327989 0.024817 0.035511
9 0.058704 0.441309 0.031463 0.058532
9 0.062981 0.540564 0.036232 0.045809
9 0.057273 0.653830 0.036232 0.040723
9 0.064889 0.756255 0.041924 0.029277
8 0.156693 0.847830 0.103657 0.133745
8 0.363935 0.861883 0.128474 0.143809
4 0.423235 0.414574 0.663418 0.695064
9 0.059698 0.110447 0.038983 0.056000
9 0.060604 0.223064 0.031479 0.054723
0 0.422790 0.870936 0.667615 0.212766
1 0.049674 0.418223 0.080556 0.710915
2 0.423418 0.031340 0.149444 0.059574
3 0.879698 0.176032 0.222576 0.190064
11 0.022258 0.409362 0.042385 0.208511
10 0.423951 0.961138 0.142019 0.061000
7 0.641232 0.088798 0.052989 0.043979
7 0.419714 0.653330 0.036025 0.049638
7 0.207734 0.566809 0.042401 0.055319
