3 0.875873 0.220713 0.225397 0.273766
11 0.025714 0.410777 0.038095 0.194319
10 0.417246 0.961851 0.175667 0.051064
7 0.545714 0.432766 0.053968 0.045404
8 0.613579 0.857255 0.120746 0.154213
8 0.507556 0.838128 0.074159 0.103234
8 0.371587 0.854702 0.102698 0.128723
8 0.242738 0.862351 0.115063 0.149128
8 0.130056 0.840681 0.089381 0.098128
9 0.064452 0.763564 0.038048 0.040787
9 0.059651 0.608713 0.026730 0.052277
9 0.062500 0.455128 0.034333 0.053532
9 0.062548 0.306000 0.028524 0.050979
9 0.058270 0.144128 0.031365 0.061191
7 0.172222 0.546245 0.058095 0.036872
7 0.297667 0.440574 0.038095 0.055319
0 0.419103 0.870660 0.667190 0.214426
4 0.421389 0.413000 0.663921 0.698213
2 0.421429 0.038436 0.182127 0.056745
1 0.048397 0.420713 0.082540 0.708660
7 0.672698 0.079574 0.053968 0.045404
7 0.424603 0.386660 0.042222 0.046809
