11 0.023810 0.421415 0.037048 0.198574
8 0.130302 0.853830 0.100413 0.122511
8 0.268944 0.852309 0.094714 0.110277
8 0.381905 0.865309 0.103841 0.121000
8 0.505714 0.873713 0.116381 0.134745
9 0.062992 0.782021 0.031952 0.030596
9 0.063556 0.691021 0.028540 0.035191
8 0.636937 0.865309 0.139206 0.130149
9 0.049857 0.104468 0.060476 0.048936
9 0.061849 0.190883 0.031952 0.041298
9 0.056135 0.274234 0.031952 0.021404
9 0.058421 0.526606 0.027381 0.042830
3 0.882016 0.215745 0.206349 0.275191
9 0.057849 0.615309 0.030810 0.036702
9 0.060706 0.359128 0.034238 0.053532
0 0.428270 0.880404 0.688889 0.200000
4 0.430381 0.422968 0.677206 0.713936
1 0.050706 0.426606 0.078302 0.725979
2 0.431214 0.033479 0.178841 0.058149
9 0.061278 0.444777 0.033095 0.050489
7 0.169841 0.219298 0.043397 0.038298
7 0.303175 0.460426 0.037048 0.043957
7 0.426984 0.082404 0.041270 0.034043
7 0.558198 0.237021 0.043381 0.042553
7 0.686770 0.546245 0.042333 0.036872
10 0.430690 0.961851 0.150270 0.051064
