9 0.055571 0.310181 0.042222 0.047426
9 0.057278 0.157234 0.029667 0.050468
4 0.428817 0.422957 0.677222 0.709745
1 0.049175 0.426649 0.081492 0.725213
0 0.415905 0.885011 0.706921 0.205681
9 0.060135 0.468479 0.030810 0.064234
7 0.150579 0.502064 0.047032 0.053191
7 0.232881 0.306043 0.041159 0.051234
7 0.311508 0.079989 0.045556 0.044319
7 0.392349 0.235617 0.039683 0.048255
7 0.471333 0.686755 0.030127 0.050234
7 0.547397 0.252362 0.044095 0.040383
7 0.627865 0.620755 0.043349 0.050234
7 0.705389 0.194245 0.038206 0.044319
10 0.431540 0.963255 0.139683 0.055319
11 0.025714 0.422128 0.045492 0.187234
3 0.883389 0.283830 0.207413 0.409915
2 0.428889 0.034191 0.155556 0.063830
8 0.670024 0.854596 0.073032 0.102638
8 0.586722 0.851543 0.089000 0.087340
8 0.513698 0.845426 0.054762 0.087319
8 0.426984 0.855362 0.077587 0.104170
8 0.352810 0.850011 0.066190 0.099553
8 0.252405 0.869894 0.091286 0.142383
8 0.193643 0.845426 0.069603 0.087319
8 0.105198 0.860723 0.091286 0.124043
9 0.061278 0.627543 0.035381 0.042830
