8 0.495723 0.867936 0.121399 0.132085
8 0.394253 0.851681 0.076836 0.128936
7 0.427766 0.152479 0.055119 0.056745
7 0.301113 0.087936 0.056184 0.046809
7 0.171280 0.180138 0.046630 0.069511
8 0.638355 0.848011 0.097917 0.124745
0 0.419293 0.882415 0.691049 0.216319
1 0.048180 0.423787 0.082242 0.719915
4 0.428720 0.419298 0.672035 0.708681
8 0.245835 0.867415 0.105819 0.166660
8 0.122075 0.856926 0.105803 0.143596
9 0.056669 0.176106 0.042369 0.052426
9 0.056280 0.324436 0.041590 0.045085
9 0.062544 0.473277 0.035326 0.034596
9 0.059420 0.620032 0.044722 0.045085
9 0.071558 0.762053 0.025151 0.035638
7 0.680024 0.390777 0.042401 0.039723
10 0.424062 0.964894 0.115533 0.070213
11 0.022576 0.424117 0.045151 0.168787
3 0.880866 0.217734 0.208792 0.278021
7 0.555485 0.195043 0.047695 0.042553
2 0.424595 0.032266 0.190779 0.064532
