8 0.486645 0.851011 0.103657 0.127383
8 0.643068 0.858000 0.100795 0.131191
8 0.560334 0.863085 0.108394 0.146468
8 0.422464 0.837649 0.079873 0.100660
8 0.333553 0.851000 0.101733 0.117191
8 0.264618 0.840819 0.087488 0.112106
8 0.203760 0.826830 0.053243 0.066298
8 0.116280 0.831277 0.076057 0.103191
9 0.071542 0.766447 0.017202 0.042000
7 0.538951 0.234894 0.041335 0.049660
1 0.050548 0.420043 0.078426 0.710638
0 0.417941 0.873681 0.679380 0.208511
7 0.148386 0.078160 0.061479 0.039723
7 0.231057 0.176032 0.048760 0.039723
11 0.023315 0.422128 0.042401 0.171617
10 0.418124 0.962553 0.136725 0.049660
7 0.695286 0.215043 0.040270 0.046809
7 0.307369 0.458298 0.042401 0.056723
7 0.383680 0.698011 0.036041 0.048234
7 0.616852 0.620000 0.042385 0.056723
4 0.423633 0.416160 0.667329 0.700319
7 0.463172 0.187372 0.046630 0.045383
2 0.422893 0.032766 0.114467 0.053915
3 0.875994 0.285245 0.215167 0.411340
9 0.058704 0.675447 0.027679 0.025447
9 0.062504 0.590830 0.033370 0.047064
9 0.060135 0.497298 0.036232 0.043277
9 0.061129 0.411394 0.030429 0.044532
9 0.060604 0.320415 0.029571 0.035638
9 0.062981 0.230702 0.032417 0.042000
9 0.062083 0.146074 0.039936 0.043255
