11 0.024008 0.405011 0.039317 0.206830
0 0.404278 0.863415 0.655540 0.231894
2 0.408778 0.035479 0.118921 0.060617
9 0.057849 0.593904 0.046778 0.045894
9 0.066405 0.746074 0.034238 0.041298
4 0.412008 0.403574 0.640460 0.683532
3 0.863825 0.284468 0.242762 0.408383
1 0.048357 0.408787 0.080587 0.689915
9 0.059563 0.447830 0.031952 0.050468
9 0.062413 0.299468 0.035365 0.056596
9 0.061849 0.138117 0.034238 0.042830
8 0.640921 0.815606 0.076444 0.110277
8 0.551929 0.827830 0.106111 0.125574
8 0.484595 0.820191 0.090143 0.104170
8 0.393889 0.837011 0.100413 0.131681
8 0.309452 0.850011 0.130079 0.169936
8 0.247841 0.846191 0.100413 0.146979
8 0.172524 0.838543 0.100413 0.147000
8 0.116048 0.812532 0.081016 0.094979
7 0.149325 0.542011 0.040302 0.040830
7 0.223524 0.129021 0.039302 0.036894
7 0.300183 0.370096 0.037349 0.047426
7 0.372913 0.154713 0.043254 0.048745
7 0.447603 0.554532 0.039302 0.050043
7 0.523278 0.076309 0.039317 0.047426
7 0.598468 0.250872 0.036365 0.043489
7 0.675127 0.607223 0.040286 0.044787
10 0.411238 0.962926 0.139556 0.050064
