8 0.362035 0.852968 0.117043 0.153979
9 0.062035 0.503660 0.021017 0.050894
9 0.067742 0.590191 0.028617 0.048340
8 0.589332 0.846543 0.109348 0.151553
9 0.065835 0.416489 0.030525 0.039447
9 0.058275 0.330596 0.024722 0.028000
9 0.056852 0.233245 0.027568 0.044532
9 0.060652 0.147351 0.033291 0.043255
9 0.067782 0.674181 0.017122 0.040702
0 0.420747 0.878404 0.669157 0.229149
1 0.047114 0.417628 0.083736 0.707170
7 0.205087 0.147660 0.049825 0.051064
7 0.418124 0.084574 0.043466 0.032553
7 0.636987 0.185957 0.042401 0.042553
10 0.421304 0.954043 0.134595 0.060979
11 0.025970 0.422840 0.045580 0.158872
8 0.162353 0.855521 0.139873 0.151426
9 0.062504 0.763904 0.023863 0.034362
4 0.423625 0.413011 0.662639 0.694021
3 0.878108 0.175319 0.219396 0.185830
2 0.420246 0.034181 0.153688 0.065255
