4 0.421389 0.412479 0.662365 0.699255
7 0.570159 0.179574 0.041270 0.063830
2 0.423595 0.035606 0.112175 0.053894
7 0.474286 0.421415 0.050794 0.045383
7 0.368571 0.307234 0.038095 0.052468
3 0.874944 0.241245 0.221222 0.320489
7 0.160056 0.619298 0.046460 0.038298
8 0.620706 0.859160 0.110302 0.150404
8 0.521349 0.852160 0.103651 0.149128
8 0.431016 0.834947 0.075111 0.124915
8 0.339730 0.828574 0.059905 0.096851
8 0.221349 0.840681 0.083683 0.110894
8 0.124833 0.839415 0.077032 0.118532
9 0.069635 0.759117 0.020063 0.042064
9 0.063452 0.669894 0.034333 0.029319
9 0.062024 0.573021 0.025762 0.047149
9 0.062500 0.486989 0.017222 0.040787
9 0.060595 0.395223 0.032429 0.043340
9 0.060595 0.301543 0.030524 0.039511
9 0.058746 0.205947 0.032317 0.049723
7 0.266929 0.078862 0.042429 0.049638
9 0.059698 0.116734 0.032317 0.036957
7 0.685976 0.159000 0.059159 0.059574
1 0.051524 0.418947 0.078413 0.712064
0 0.422389 0.875011 0.665413 0.218447
11 0.028833 0.412202 0.042429 0.185809
10 0.426722 0.961840 0.160746 0.053894
