9 0.072727 0.358489 0.032194 0.062894
9 0.069205 0.091734 0.040795 0.032489
7 0.198307 0.078723 0.056169 0.039702
3 0.879809 0.196457 0.210906 0.226957
2 0.431479 0.035457 0.117647 0.061000
4 0.433808 0.417723 0.657154 0.707660
8 0.628482 0.852734 0.108092 0.112149
0 0.433601 0.875394 0.662432 0.201426
1 0.059642 0.423043 0.090095 0.721404
7 0.355700 0.600000 0.033911 0.046809
7 0.510437 0.260287 0.046630 0.053894
7 0.668362 0.694330 0.025437 0.045383
10 0.434658 0.957447 0.155803 0.066681
11 0.027663 0.417021 0.041335 0.154596
8 0.458911 0.856926 0.118267 0.143596
8 0.308482 0.859021 0.115215 0.126851
8 0.166328 0.851160 0.081526 0.113213
9 0.081741 0.764160 0.034547 0.048234
9 0.069984 0.632085 0.037679 0.064979
9 0.073903 0.502106 0.042369 0.056596
9 0.069205 0.218032 0.039237 0.058702
