8 0.210167 0.843383 0.083291 0.108426
8 0.657456 0.831926 0.081017 0.082447
2 0.421518 0.035181 0.173816 0.061000
3 0.882035 0.264957 0.221526 0.361702
11 0.028299 0.416745 0.042385 0.182979
11 0.427345 0.964968 0.151574 0.062404
7 0.690731 0.258585 0.050874 0.048234
7 0.600636 0.450777 0.048744 0.049638
7 0.513196 0.084117 0.041335 0.045383
7 0.428935 0.673468 0.038156 0.046809
7 0.335135 0.283404 0.060413 0.046809
7 0.247162 0.652202 0.045580 0.043979
7 0.159197 0.248649 0.049809 0.045383
8 0.566749 0.841085 0.082146 0.097745
8 0.472043 0.832691 0.084436 0.090106
8 0.367067 0.864755 0.114102 0.145085
8 0.279769 0.864000 0.115246 0.131319
8 0.107472 0.854064 0.101558 0.132851
9 0.064690 0.760915 0.018251 0.050383
9 0.059555 0.621947 0.030811 0.059553
9 0.057838 0.471543 0.027377 0.042745
9 0.059555 0.328755 0.030811 0.044277
9 0.057266 0.181394 0.030811 0.045809
0 0.411971 0.872979 0.693164 0.208511
1 0.047607 0.418904 0.080556 0.721979
4 0.424022 0.414064 0.666550 0.698213
