9 0.060199 0.185021 0.029046 0.040894
7 0.142981 0.083691 0.040270 0.036872
7 0.218760 0.290787 0.045564 0.051064
7 0.285533 0.680851 0.034976 0.042553
7 0.353895 0.446096 0.042385 0.041128
7 0.419610 0.242553 0.042401 0.053915
7 0.489563 0.371628 0.036041 0.056745
7 0.560572 0.498574 0.040286 0.046809
7 0.628402 0.425532 0.040270 0.051064
7 0.696765 0.085106 0.043450 0.034043
10 0.418553 0.961702 0.146264 0.059574
11 0.025382 0.409213 0.050763 0.234043
3 0.876415 0.309936 0.220461 0.455319
9 0.060588 0.329149 0.026709 0.056596
9 0.058243 0.473809 0.028283 0.077574
9 0.059412 0.616883 0.030620 0.036702
9 0.068418 0.762585 0.023577 0.045085
8 0.094706 0.849585 0.096343 0.126830
8 0.162059 0.859021 0.105739 0.139404
8 0.234897 0.850117 0.097901 0.123681
8 0.297170 0.859543 0.111224 0.163511
8 0.389197 0.826000 0.065008 0.088043
8 0.442075 0.853255 0.109650 0.134170
8 0.507472 0.857447 0.112019 0.142553
8 0.577576 0.855362 0.098680 0.148851
8 0.653545 0.865840 0.119046 0.146745
1 0.048052 0.419521 0.084785 0.714362
0 0.405763 0.876681 0.706948 0.217021
4 0.424404 0.415628 0.668108 0.699255
2 0.423315 0.031202 0.128251 0.056745
