7 0.560532 0.356032 0.043381 0.045383
8 0.626317 0.817096 0.075079 0.128915
8 0.519960 0.830202 0.107921 0.132064
8 0.413611 0.837543 0.101667 0.121596
8 0.305690 0.844872 0.118873 0.144638
8 0.193079 0.859021 0.140762 0.175064
8 0.129349 0.810809 0.071175 0.080723
9 0.066008 0.742149 0.028937 0.046128
9 0.063238 0.602734 0.032921 0.050319
9 0.064437 0.470138 0.035190 0.055553
9 0.062063 0.317617 0.030571 0.048213
9 0.064444 0.181872 0.033619 0.045064
4 0.412397 0.402521 0.645143 0.679340
7 0.161056 0.199298 0.046556 0.046809
7 0.262643 0.504926 0.046556 0.051000
7 0.360000 0.259574 0.048667 0.053915
7 0.462119 0.087234 0.049730 0.041149
7 0.663175 0.287947 0.051841 0.045383
10 0.411857 0.958872 0.139683 0.068085
11 0.025603 0.414191 0.044444 0.204255
3 0.865294 0.242553 0.242333 0.323404
2 0.415024 0.034043 0.137571 0.062426
1 0.045310 0.412085 0.085921 0.695021
0 0.409992 0.862255 0.648683 0.234043
