9 0.064008 0.789840 0.031349 0.045085
9 0.058968 0.156191 0.036762 0.044043
9 0.060889 0.319191 0.037619 0.061830
9 0.060889 0.479043 0.021968 0.044043
9 0.064405 0.636809 0.024333 0.042979
8 0.179397 0.856926 0.069587 0.078617
8 0.403833 0.864787 0.091508 0.092255
8 0.613802 0.879979 0.101667 0.122638
7 0.216714 0.682979 0.044444 0.062426
1 0.046921 0.434617 0.084444 0.747787
0 0.437381 0.895138 0.699524 0.195043
4 0.440944 0.429787 0.695984 0.729660
7 0.438944 0.719862 0.046556 0.039723
7 0.670159 0.087936 0.051841 0.046809
10 0.438944 0.966309 0.124873 0.067383
11 0.022119 0.427660 0.044238 0.173064
3 0.892913 0.174468 0.188365 0.188638
2 0.436825 0.033691 0.120635 0.067383
