7 0.153331 0.430266 0.036200 0.035468
9 0.060119 0.191319 0.031940 0.068723
9 0.062973 0.339447 0.033100 0.062596
9 0.058410 0.479936 0.037647 0.068723
9 0.061264 0.612787 0.034229 0.065660
9 0.064118 0.754809 0.039936 0.053447
8 0.655175 0.844915 0.083291 0.120638
8 0.574738 0.860936 0.082162 0.134383
8 0.494293 0.860170 0.081017 0.145064
8 0.417266 0.842628 0.082162 0.109936
8 0.332830 0.857128 0.077583 0.135915
8 0.251828 0.869351 0.089030 0.163383
8 0.179356 0.867053 0.076455 0.143553
8 0.098911 0.849489 0.084436 0.135915
7 0.697401 0.504128 0.037981 0.031915
7 0.619674 0.080383 0.034452 0.033106
7 0.542401 0.452128 0.044165 0.029532
7 0.462901 0.501181 0.045930 0.030745
7 0.386065 0.157809 0.037091 0.031915
7 0.310103 0.660170 0.040620 0.036638
7 0.228847 0.587468 0.038871 0.035447
2 0.423156 0.033681 0.173116 0.048468
3 0.875819 0.282511 0.218156 0.420809
10 0.428895 0.963362 0.101574 0.042553
11 0.026582 0.421989 0.028267 0.139468
1 0.046264 0.424574 0.092528 0.724468
0 0.405048 0.883511 0.702178 0.232979
4 0.424165 0.412872 0.666455 0.698936
