7 0.294706 0.555457 0.037032 0.052489
8 0.464635 0.831660 0.061619 0.093447
4 0.429603 0.412479 0.650635 0.699255
8 0.114905 0.846957 0.094698 0.117915
7 0.495238 0.108649 0.042317 0.041128
0 0.411111 0.876011 0.688889 0.219468
1 0.054476 0.421106 0.095238 0.706383
8 0.507992 0.858426 0.114111 0.143915
8 0.597563 0.824011 0.065032 0.087340
8 0.643206 0.861489 0.122095 0.153106
9 0.064127 0.087638 0.052476 0.042809
9 0.073254 0.226053 0.041079 0.044362
7 0.428571 0.083830 0.040222 0.039702
9 0.070397 0.352245 0.037651 0.048957
7 0.694175 0.519287 0.031746 0.048234
10 0.429627 0.963266 0.129095 0.053894
7 0.362437 0.398723 0.037032 0.045404
7 0.629627 0.186660 0.046556 0.038298
7 0.228571 0.486670 0.038095 0.048234
11 0.024873 0.409362 0.041270 0.148936
3 0.876190 0.310777 0.220095 0.453894
7 0.160841 0.086660 0.038095 0.051064
9 0.076111 0.490660 0.035365 0.059660
9 0.072683 0.625255 0.035365 0.050468
9 0.078389 0.762904 0.033095 0.035170
2 0.428040 0.027734 0.178841 0.055468
8 0.390468 0.837011 0.066175 0.091936
8 0.305460 0.859957 0.122095 0.150043
8 0.269516 0.827074 0.063889 0.078149
7 0.565079 0.242691 0.044444 0.053894
8 0.193635 0.836245 0.067333 0.114872
