8 0.526048 0.843234 0.096127 0.133830
0 0.409786 0.872957 0.683698 0.217021
4 0.422563 0.414053 0.661571 0.696106
7 0.580738 0.532766 0.039159 0.052468
7 0.681214 0.229926 0.045603 0.056745
10 0.418833 0.961851 0.147095 0.051064
11 0.026722 0.417872 0.046460 0.165957
3 0.874286 0.239149 0.222222 0.324809
2 0.420317 0.037734 0.114286 0.058149
7 0.472802 0.407234 0.039159 0.048213
7 0.368516 0.278862 0.046460 0.049638
7 0.266452 0.155457 0.039159 0.049638
8 0.624460 0.850883 0.119905 0.169511
1 0.049127 0.419287 0.078413 0.716319
8 0.420508 0.855979 0.099937 0.144043
8 0.336357 0.831128 0.066651 0.101957
8 0.211786 0.858521 0.123698 0.146574
8 0.114325 0.850883 0.094238 0.146574
9 0.069159 0.755287 0.034317 0.039511
9 0.060119 0.676266 0.031476 0.042064
9 0.056317 0.587681 0.039079 0.048426
9 0.057754 0.507383 0.051444 0.058638
9 0.065833 0.411787 0.035286 0.050979
9 0.059651 0.330851 0.032413 0.059915
9 0.061556 0.240362 0.036222 0.054809
9 0.059643 0.160702 0.030524 0.053532
9 0.065833 0.070840 0.035286 0.047170
7 0.160579 0.078872 0.049635 0.046809
