10 0.423389 0.967585 0.138619 0.064830
9 0.069484 0.763638 0.042302 0.040894
8 0.082429 0.865319 0.121206 0.145702
8 0.181738 0.838064 0.075857 0.097489
7 0.285294 0.218862 0.042333 0.045383
7 0.216508 0.079862 0.040222 0.053894
7 0.142429 0.572053 0.050794 0.036872
4 0.421000 0.411957 0.660794 0.696128
2 0.422857 0.033543 0.173556 0.067085
3 0.874175 0.308936 0.219048 0.449660
11 0.018833 0.408234 0.037667 0.208511
7 0.694286 0.393330 0.032794 0.062404
7 0.622857 0.311064 0.048667 0.053915
7 0.557778 0.338011 0.034921 0.045383
7 0.490048 0.306096 0.041270 0.041128
0 0.406437 0.877670 0.696302 0.223681
1 0.048071 0.422170 0.078937 0.713106
7 0.421270 0.421702 0.039143 0.048213
7 0.354603 0.474181 0.039143 0.053894
9 0.063667 0.146766 0.038317 0.039830
9 0.058540 0.242149 0.037619 0.044043
9 0.062095 0.332819 0.043016 0.059766
9 0.059714 0.420862 0.035270 0.061851
9 0.058968 0.506830 0.047714 0.051362
9 0.058540 0.592245 0.040730 0.052404
8 0.230222 0.862691 0.108698 0.138362
8 0.310381 0.842777 0.093841 0.109000
8 0.388587 0.840681 0.100095 0.119489
8 0.429254 0.860596 0.082889 0.138383
8 0.525040 0.842245 0.088365 0.110064
8 0.572746 0.853787 0.104000 0.099574
8 0.640778 0.871085 0.113397 0.157234
9 0.060929 0.675585 0.026587 0.057638
