11 0.023847 0.416596 0.047695 0.211362
8 0.295175 0.863223 0.075310 0.126745
8 0.203323 0.868574 0.096979 0.146596
8 0.123450 0.850245 0.081017 0.100787
4 0.430286 0.420351 0.679078 0.710787
7 0.156868 0.531489 0.038156 0.058170
0 0.429507 0.886415 0.683625 0.212489
1 0.044746 0.426862 0.084785 0.729085
2 0.425541 0.031351 0.198203 0.062702
3 0.886065 0.262702 0.205612 0.365957
10 0.430310 0.967521 0.118712 0.064957
7 0.702170 0.215894 0.032862 0.051064
7 0.609968 0.081840 0.041335 0.041128
7 0.519873 0.702404 0.041335 0.051064
7 0.426598 0.089681 0.047695 0.036809
7 0.340223 0.369787 0.038156 0.046809
7 0.251192 0.210213 0.033927 0.039702
8 0.388744 0.851777 0.102703 0.103851
8 0.468617 0.867809 0.100413 0.135915
8 0.563323 0.862468 0.093577 0.116043
8 0.648331 0.870862 0.122099 0.151170
9 0.061264 0.202777 0.045644 0.061085
9 0.060119 0.347085 0.036518 0.062596
9 0.054420 0.485287 0.041081 0.045809
9 0.064690 0.635691 0.041081 0.059553
9 0.061264 0.776947 0.036518 0.058021
