8 0.393879 0.837266 0.078728 0.083979
8 0.443514 0.860170 0.118665 0.145064
7 0.565231 0.081989 0.038156 0.036872
7 0.494754 0.552904 0.041335 0.053894
0 0.410517 0.882660 0.708060 0.214255
1 0.047687 0.423245 0.086916 0.713723
7 0.425859 0.108936 0.037091 0.051064
7 0.357496 0.585532 0.040270 0.053915
7 0.286486 0.338723 0.040286 0.051064
7 0.219157 0.292585 0.037043 0.046745
7 0.148696 0.567798 0.044515 0.049638
4 0.427544 0.418766 0.672035 0.709745
11 0.027345 0.420287 0.047695 0.160277
10 0.427448 0.963543 0.103863 0.049638
9 0.062401 0.772372 0.029666 0.033596
9 0.055556 0.628819 0.036518 0.061085
8 0.535374 0.824287 0.060477 0.085511
8 0.594706 0.846426 0.101558 0.120638
8 0.656892 0.870106 0.127806 0.146596
9 0.052703 0.484521 0.039936 0.056489
9 0.060692 0.339447 0.049078 0.050383
9 0.058410 0.194383 0.035358 0.053447
8 0.099483 0.865521 0.115246 0.140489
2 0.425334 0.032340 0.086916 0.053915
3 0.883728 0.306809 0.210922 0.460979
7 0.637305 0.265681 0.046630 0.046809
7 0.703553 0.266383 0.039221 0.036894
8 0.171948 0.851787 0.107266 0.094681
8 0.234698 0.870096 0.114102 0.155766
8 0.329404 0.841085 0.066184 0.082468
