7 0.512790 0.178936 0.038394 0.035574
7 0.422727 0.148638 0.037409 0.035574
7 0.334618 0.081426 0.054134 0.032894
7 0.244563 0.665766 0.037424 0.036979
7 0.155461 0.574160 0.036423 0.035553
8 0.279777 0.857883 0.110684 0.140489
8 0.368203 0.860936 0.102703 0.149660
9 0.059555 0.188266 0.037647 0.044277
9 0.060692 0.335628 0.035374 0.045809
4 0.424014 0.418255 0.664976 0.698213
11 0.024046 0.418713 0.039380 0.146234
3 0.878983 0.263266 0.213609 0.364915
1 0.047067 0.421213 0.082687 0.715191
0 0.419277 0.873660 0.682178 0.207574
2 0.424690 0.034691 0.126010 0.050064
8 0.214157 0.823532 0.066184 0.080936
9 0.061836 0.476117 0.035374 0.036660
9 0.058410 0.626543 0.037647 0.044277
9 0.065827 0.760149 0.027393 0.051915
8 0.112043 0.844904 0.085580 0.105383
8 0.642623 0.853298 0.099269 0.119106
8 0.541073 0.864766 0.110668 0.148128
8 0.456630 0.860936 0.110684 0.146596
10 0.427154 0.966085 0.168331 0.042170
7 0.690970 0.604457 0.044293 0.046106
7 0.603355 0.601160 0.032496 0.047426
