9 0.061119 0.206585 0.029476 0.043340
9 0.062548 0.346787 0.036143 0.040766
9 0.062024 0.504202 0.023857 0.044617
9 0.060595 0.644404 0.030524 0.052255
9 0.062976 0.790340 0.033381 0.043319
2 0.436770 0.034181 0.153540 0.062404
3 0.891270 0.220000 0.186349 0.272340
11 0.027778 0.429213 0.040317 0.191489
10 0.440476 0.963255 0.116508 0.042553
8 0.256008 0.870000 0.094238 0.123617
8 0.125302 0.871915 0.096984 0.112170
7 0.570635 0.186670 0.046667 0.049638
7 0.439365 0.703691 0.044444 0.053894
7 0.308730 0.111489 0.049841 0.046809
7 0.174286 0.729223 0.041270 0.039723
4 0.440548 0.428734 0.695984 0.731766
7 0.703437 0.088085 0.058302 0.042553
8 0.663500 0.871277 0.129317 0.128723
0 0.436508 0.889606 0.699048 0.185809
8 0.528476 0.865532 0.095079 0.109617
8 0.401484 0.866809 0.094238 0.107064
1 0.048841 0.433872 0.082540 0.743277
