8 0.250952 0.862691 0.134508 0.138362
8 0.401873 0.840670 0.087587 0.098532
8 0.527000 0.857447 0.103238 0.119489
8 0.650159 0.857979 0.102444 0.116340
9 0.075746 0.363734 0.028222 0.041936
1 0.053690 0.426649 0.096302 0.724830
9 0.071444 0.089628 0.043079 0.040872
7 0.188151 0.565957 0.042333 0.038298
2 0.434175 0.032617 0.200000 0.063830
3 0.885500 0.217021 0.205286 0.282255
7 0.312484 0.684404 0.045508 0.051064
11 0.023706 0.426234 0.047413 0.178723
10 0.437881 0.960989 0.124873 0.056745
7 0.690262 0.079436 0.056079 0.041128
7 0.566452 0.590777 0.051857 0.045383
7 0.438944 0.157447 0.061381 0.060979
9 0.073008 0.222223 0.038397 0.044021
4 0.438198 0.420862 0.663921 0.713936
0 0.425714 0.880479 0.691016 0.193936
9 0.074968 0.505245 0.032921 0.065000
9 0.074571 0.645181 0.033714 0.061851
9 0.067921 0.773585 0.051683 0.035638
8 0.133222 0.864798 0.124413 0.129979
