4 0.428429 0.419287 0.677206 0.717085
8 0.517119 0.858426 0.084429 0.128638
8 0.381913 0.863011 0.106111 0.137809
8 0.274651 0.854606 0.103841 0.111809
7 0.689421 0.576745 0.049730 0.046809
1 0.044698 0.425766 0.087841 0.733319
9 0.071548 0.487606 0.049063 0.038234
9 0.057849 0.639021 0.044492 0.078000
9 0.068119 0.783553 0.026238 0.027532
2 0.437563 0.033404 0.233857 0.066809
3 0.882540 0.220702 0.205302 0.276596
10 0.432278 0.967447 0.183063 0.065106
7 0.560849 0.133468 0.065603 0.059574
7 0.429627 0.210074 0.061381 0.048234
7 0.305817 0.085245 0.052905 0.048234
7 0.169841 0.692340 0.034921 0.053915
8 0.134873 0.857660 0.095841 0.111787
11 0.022222 0.413617 0.044444 0.239702
0 0.424968 0.884660 0.682540 0.205532
9 0.058421 0.337713 0.036524 0.050489
9 0.058421 0.210766 0.045635 0.044340
8 0.655754 0.841596 0.087857 0.116383
