7 0.305771 0.535606 0.034976 0.049638
7 0.149444 0.078862 0.048744 0.049638
7 0.224165 0.365383 0.037107 0.046809
7 0.383672 0.124957 0.038156 0.042553
7 0.463172 0.428511 0.040270 0.039702
7 0.536828 0.304394 0.049809 0.052489
7 0.614205 0.613617 0.045580 0.063830
7 0.692631 0.467521 0.045580 0.052489
10 0.423426 0.959000 0.119762 0.051064
11 0.025437 0.416457 0.044515 0.163128
3 0.873871 0.283830 0.217281 0.414170
2 0.421828 0.032766 0.209857 0.065234
0 0.403259 0.870330 0.705882 0.208702
1 0.050000 0.421085 0.074181 0.709404
4 0.423625 0.413000 0.665755 0.698213
8 0.099595 0.858074 0.107552 0.141255
8 0.640159 0.857426 0.110397 0.134894
8 0.575024 0.840255 0.080922 0.136170
8 0.501335 0.840255 0.072369 0.120894
8 0.429070 0.828798 0.068569 0.128532
8 0.345866 0.835160 0.067599 0.115809
8 0.269324 0.836436 0.072353 0.115809
8 0.171852 0.859968 0.115151 0.142532
9 0.065366 0.763894 0.035278 0.042000
9 0.064412 0.622011 0.037186 0.043255
9 0.059181 0.470564 0.034324 0.033085
9 0.064412 0.324862 0.027679 0.031809
9 0.054475 0.175351 0.053243 0.045809
