0 0.418013 0.871426 0.663466 0.210766
1 0.049054 0.424777 0.088601 0.719298
11 0.020994 0.419500 0.038394 0.163340
8 0.062409 0.768553 0.034229 0.047319
7 0.210493 0.184351 0.045278 0.048745
10 0.424102 0.963585 0.175231 0.042149
4 0.421272 0.415628 0.664197 0.699255
2 0.422623 0.038117 0.170302 0.056660
7 0.423609 0.478787 0.048235 0.028979
3 0.876916 0.169851 0.218537 0.191021
8 0.061264 0.621191 0.031940 0.054979
8 0.066391 0.463138 0.030811 0.056489
8 0.061836 0.316543 0.044499 0.047340
8 0.056129 0.157734 0.046789 0.035128
9 0.601550 0.864755 0.117536 0.145085
9 0.356789 0.869340 0.139205 0.187830
9 0.171948 0.836500 0.082146 0.128277
7 0.637218 0.083564 0.044293 0.036872
