11 0.020103 0.420000 0.040206 0.170213
3 0.879897 0.265394 0.210587 0.368787
8 0.100643 0.866840 0.116397 0.160745
9 0.060706 0.758319 0.036524 0.062723
9 0.064127 0.687202 0.038794 0.045894
9 0.058421 0.600777 0.043349 0.038234
9 0.064127 0.513606 0.036508 0.044362
9 0.061849 0.164117 0.031952 0.048957
7 0.155556 0.570351 0.035968 0.036872
7 0.243913 0.704394 0.039159 0.049638
7 0.338095 0.389500 0.043397 0.078021
7 0.429627 0.639149 0.035984 0.049660
7 0.514817 0.218585 0.051857 0.045383
8 0.652905 0.863011 0.093556 0.119468
8 0.549643 0.865309 0.108397 0.142404
8 0.460063 0.869138 0.100413 0.137809
8 0.378484 0.860713 0.101540 0.133213
8 0.295190 0.853840 0.083302 0.134745
0 0.407937 0.885638 0.718508 0.214043
1 0.047278 0.424255 0.083603 0.717745
4 0.429214 0.419830 0.677222 0.709745
2 0.424873 0.032691 0.193651 0.065383
9 0.060706 0.085340 0.031952 0.050468
9 0.061278 0.255883 0.028524 0.027511
9 0.060135 0.336947 0.026238 0.061170
9 0.058992 0.429479 0.028524 0.059638
8 0.196492 0.856904 0.098127 0.134745
7 0.606881 0.420000 0.051857 0.059574
7 0.695238 0.079574 0.044444 0.045404
10 0.430159 0.970287 0.172476 0.059426
