7 0.356349 0.522128 0.039048 0.042553
7 0.496508 0.605106 0.031746 0.043957
7 0.565341 0.284543 0.040111 0.052489
7 0.636246 0.400138 0.040111 0.065255
9 0.055849 0.519500 0.030524 0.039511
9 0.061071 0.390128 0.027667 0.053532
9 0.060119 0.260755 0.029571 0.036957
9 0.058270 0.132021 0.033270 0.049702
8 0.094825 0.863617 0.118000 0.133830
8 0.171373 0.858532 0.088524 0.126170
8 0.236992 0.851521 0.088524 0.127468
8 0.314476 0.851521 0.060952 0.112149
8 0.408151 0.822202 0.050492 0.079043
8 0.451413 0.856617 0.083778 0.117277
8 0.524151 0.852798 0.086619 0.122362
8 0.593087 0.850245 0.091381 0.122362
8 0.674865 0.837489 0.066651 0.107064
9 0.065357 0.769947 0.026714 0.040787
9 0.062024 0.650777 0.025762 0.047170
4 0.429603 0.417723 0.674095 0.707660
1 0.049175 0.424532 0.078413 0.719277
0 0.404952 0.878926 0.719460 0.202830
2 0.425079 0.035606 0.111111 0.062404
3 0.881794 0.307947 0.209524 0.453894
11 0.026722 0.413617 0.033762 0.163106
10 0.423063 0.960426 0.123810 0.051064
7 0.707722 0.506521 0.045508 0.048234
7 0.147881 0.242691 0.039254 0.048234
7 0.216667 0.078160 0.037143 0.036872
7 0.285976 0.688085 0.033762 0.039702
7 0.424071 0.498021 0.049635 0.051064
