1 0.046375 0.426436 0.086486 0.720532
7 0.303235 0.135468 0.051940 0.042553
0 0.425882 0.882468 0.693164 0.207787
4 0.430676 0.420340 0.675946 0.712894
7 0.428831 0.092904 0.040270 0.048234
7 0.559730 0.304255 0.054054 0.059574
7 0.684793 0.083691 0.064658 0.041128
3 0.882989 0.218436 0.206677 0.282277
10 0.430421 0.967021 0.147329 0.065957
9 0.061804 0.137319 0.030541 0.039830
9 0.061375 0.225372 0.029841 0.035638
9 0.061017 0.315000 0.036820 0.036681
9 0.060588 0.408287 0.032973 0.038787
9 0.061804 0.501053 0.030541 0.041936
9 0.061765 0.598021 0.033768 0.036681
9 0.063760 0.682404 0.032893 0.037745
9 0.068037 0.776734 0.032194 0.037723
8 0.122114 0.865830 0.107313 0.125787
8 0.258394 0.856926 0.091638 0.110064
8 0.376280 0.868457 0.108076 0.141511
8 0.514515 0.853777 0.091638 0.133128
8 0.635533 0.875277 0.125310 0.140468
11 0.022576 0.422691 0.045151 0.163128
2 0.428299 0.033691 0.177011 0.067383
7 0.169690 0.107809 0.039221 0.046809
