0 0.430810 0.880436 0.682190 0.198574
8 0.143429 0.868372 0.115238 0.136277
8 0.302611 0.878309 0.130079 0.156149
8 0.468627 0.870660 0.124365 0.143915
8 0.644921 0.849245 0.120952 0.110277
9 0.057849 0.193947 0.035381 0.068830
9 0.061841 0.340011 0.041079 0.073426
9 0.060135 0.489894 0.033095 0.064255
9 0.063563 0.626787 0.030810 0.059660
9 0.067548 0.780500 0.027381 0.064234
7 0.184127 0.099426 0.046571 0.042553
7 0.349738 0.078862 0.058206 0.032617
7 0.511643 0.681702 0.045508 0.046809
7 0.675135 0.106521 0.046556 0.045383
10 0.428571 0.963266 0.124857 0.048234
11 0.026984 0.417872 0.041270 0.182979
3 0.884651 0.196596 0.203175 0.225532
2 0.432278 0.034181 0.172492 0.056745
1 0.048905 0.426691 0.080349 0.727426
4 0.427643 0.423489 0.676429 0.712894
