9 0.059555 0.324181 0.039936 0.068702
9 0.060127 0.473074 0.038792 0.058021
4 0.425994 0.417021 0.674563 0.707234
0 0.425811 0.887117 0.684499 0.225766
1 0.046192 0.423170 0.092385 0.713957
2 0.426280 0.034904 0.081304 0.043809
11 0.026145 0.419032 0.030032 0.145383
9 0.069253 0.628074 0.043370 0.087043
9 0.061264 0.760160 0.036518 0.045809
8 0.139992 0.857894 0.116391 0.122170
8 0.648331 0.833457 0.092432 0.103851
8 0.464626 0.874681 0.138060 0.149660
8 0.316852 0.844149 0.141494 0.094681
10 0.424921 0.960394 0.152798 0.034277
7 0.186892 0.445628 0.033561 0.035468
7 0.346320 0.079787 0.030922 0.034298
7 0.506176 0.502957 0.037981 0.036638
7 0.666932 0.370574 0.037965 0.036638
3 0.881558 0.197989 0.212846 0.230489
9 0.064682 0.195904 0.043355 0.062617
