7 0.161905 0.149362 0.033873 0.031191
0 0.400889 0.864266 0.669841 0.236872
1 0.057452 0.401160 0.091000 0.704021
4 0.420611 0.404096 0.627952 0.680404
9 0.070405 0.610723 0.049063 0.030596
9 0.076675 0.480723 0.029667 0.055064
9 0.072111 0.342298 0.041079 0.044340
9 0.071540 0.210000 0.037651 0.030596
9 0.068690 0.070053 0.047921 0.041298
2 0.420746 0.031489 0.133333 0.059574
8 0.620389 0.840064 0.108397 0.150043
8 0.555913 0.840074 0.093571 0.134745
8 0.472627 0.837777 0.111825 0.142404
8 0.411571 0.822479 0.076444 0.117936
8 0.306595 0.860713 0.154048 0.191340
8 0.274651 0.816362 0.055905 0.099574
8 0.180508 0.834723 0.100413 0.151574
8 0.115476 0.826298 0.095841 0.125574
9 0.079532 0.739968 0.028524 0.032106
3 0.866238 0.286106 0.241270 0.404255
11 0.026556 0.408798 0.041270 0.133340
10 0.419683 0.961277 0.141810 0.060979
7 0.674778 0.416543 0.042317 0.049638
7 0.601587 0.382266 0.038794 0.044915
7 0.529278 0.411819 0.044079 0.040191
7 0.452992 0.387596 0.041444 0.048468
7 0.380690 0.082628 0.041444 0.041383
7 0.308817 0.544809 0.049381 0.053191
7 0.234746 0.649415 0.040571 0.044915
