7 0.188975 0.733053 0.052989 0.052489
0 0.445127 0.893809 0.708792 0.172553
4 0.443990 0.434500 0.707281 0.739085
1 0.048569 0.439872 0.086169 0.748255
2 0.451828 0.031415 0.248013 0.062830
3 0.896979 0.198298 0.175930 0.234043
11 0.021359 0.430213 0.042719 0.224128
10 0.454483 0.966883 0.181240 0.066234
7 0.695072 0.208936 0.049825 0.076596
7 0.524960 0.264968 0.059364 0.058149
7 0.363331 0.080564 0.058299 0.041128
8 0.670350 0.862691 0.105660 0.090149
8 0.499245 0.881032 0.122178 0.101681
8 0.339070 0.858489 0.088506 0.094340
8 0.152623 0.890479 0.119905 0.118447
9 0.063370 0.095394 0.033672 0.044021
9 0.063331 0.199170 0.024372 0.029362
9 0.061017 0.303468 0.038378 0.040894
9 0.059030 0.395713 0.043943 0.049255
9 0.059809 0.505255 0.043943 0.046128
9 0.064944 0.603787 0.032114 0.031447
9 0.062941 0.704936 0.034531 0.059745
9 0.068068 0.805032 0.024277 0.067085
