2 0.427246 0.036319 0.182968 0.059574
3 0.879627 0.312202 0.211540 0.452489
0 0.412365 0.879691 0.717460 0.198489
1 0.048825 0.425149 0.085714 0.723915
11 0.025135 0.416457 0.049635 0.224106
10 0.426190 0.966106 0.127937 0.046809
7 0.707143 0.078149 0.046667 0.055319
7 0.635762 0.155457 0.047619 0.048234
7 0.574341 0.698723 0.049635 0.048213
7 0.500262 0.673904 0.039254 0.052489
7 0.426238 0.216457 0.034921 0.053894
7 0.148413 0.377447 0.042222 0.049660
7 0.216667 0.346957 0.037143 0.051064
7 0.286508 0.200149 0.037143 0.046809
7 0.361587 0.224968 0.034921 0.039723
4 0.431167 0.421394 0.678778 0.710787
