7 0.270159 0.314617 0.041335 0.059574
4 0.435771 0.427160 0.691606 0.722319
9 0.058983 0.502074 0.036502 0.045809
2 0.435509 0.032479 0.176995 0.064957
3 0.890199 0.241564 0.191844 0.321979
11 0.023529 0.427372 0.047059 0.151766
7 0.383569 0.679851 0.039221 0.046809
1 0.046781 0.431532 0.084149 0.731574
0 0.426375 0.893915 0.711002 0.201702
7 0.489563 0.087691 0.051940 0.039638
9 0.052703 0.198191 0.042226 0.051915
9 0.061256 0.357011 0.029666 0.058021
7 0.164706 0.703266 0.044515 0.048234
8 0.664308 0.880787 0.078728 0.134383
8 0.562758 0.859415 0.085580 0.100787
8 0.445223 0.886138 0.103831 0.142021
8 0.344245 0.854074 0.059332 0.099255
8 0.235270 0.870862 0.067329 0.099255
8 0.109189 0.877734 0.100413 0.155766
9 0.070390 0.784585 0.025103 0.061085
7 0.599785 0.713904 0.039221 0.049638
9 0.061264 0.637989 0.034229 0.064149
7 0.710016 0.262840 0.054054 0.066660
10 0.443990 0.965106 0.155803 0.069787
