7 0.429316 0.079617 0.043307 0.035574
9 0.068680 0.089011 0.046773 0.044277
9 0.069253 0.224160 0.052496 0.064149
9 0.073243 0.357011 0.037647 0.051936
9 0.076097 0.492160 0.034229 0.056489
9 0.071526 0.619670 0.041081 0.061085
9 0.076097 0.762447 0.027393 0.044298
8 0.163959 0.859415 0.130079 0.164915
8 0.396161 0.830394 0.085580 0.113000
8 0.605541 0.841085 0.127806 0.109957
2 0.430302 0.030213 0.143720 0.055319
3 0.878688 0.171830 0.219507 0.188383
11 0.021296 0.414234 0.036423 0.227915
10 0.431781 0.962266 0.142734 0.054021
7 0.642925 0.328596 0.043307 0.040851
7 0.220143 0.105968 0.048235 0.046106
4 0.432242 0.415106 0.654785 0.698213
1 0.055930 0.420851 0.097456 0.715319
0 0.427083 0.875500 0.652639 0.213426
