9 0.061264 0.615085 0.036518 0.058043
9 0.072099 0.765500 0.030811 0.065681
8 0.094356 0.851777 0.102703 0.140489
8 0.171375 0.852543 0.087870 0.129809
0 0.406359 0.882213 0.705882 0.222979
1 0.045962 0.418245 0.084102 0.713468
8 0.511399 0.855596 0.099269 0.145064
8 0.433816 0.856362 0.108394 0.158809
8 0.382464 0.834979 0.071892 0.106894
8 0.323704 0.828872 0.066169 0.091617
8 0.239833 0.842617 0.096995 0.134383
8 0.580437 0.853309 0.104976 0.149638
8 0.662027 0.851011 0.074165 0.142021
9 0.057273 0.463138 0.035374 0.056489
9 0.058983 0.313489 0.031955 0.053447
2 0.433386 0.033191 0.229984 0.066383
4 0.423235 0.417202 0.664976 0.702404
9 0.058410 0.158500 0.035358 0.058021
3 0.878537 0.306096 0.215262 0.456745
11 0.021940 0.413904 0.043879 0.139000
10 0.426502 0.966521 0.197138 0.066957
7 0.697822 0.082702 0.044515 0.046809
7 0.627345 0.196883 0.045564 0.048234
7 0.561630 0.401851 0.049809 0.046809
7 0.494332 0.630915 0.042401 0.051064
7 0.421200 0.360702 0.040270 0.038298
7 0.285008 0.450064 0.034976 0.055319
7 0.215048 0.172053 0.039221 0.052489
7 0.148808 0.678436 0.029666 0.041128
7 0.353895 0.489787 0.041335 0.038298
