9 0.063270 0.595394 0.032857 0.050319
9 0.062484 0.412489 0.031286 0.042979
9 0.060492 0.316574 0.035270 0.037745
9 0.060929 0.226426 0.031286 0.037745
9 0.061667 0.132085 0.042317 0.031447
11 0.022643 0.429074 0.045286 0.198574
10 0.428889 0.963479 0.138635 0.073043
7 0.648468 0.417021 0.048683 0.055319
7 0.430476 0.087979 0.057143 0.049574
4 0.431976 0.420872 0.679508 0.716043
1 0.048198 0.427660 0.082333 0.726383
0 0.429127 0.881851 0.683016 0.196468
7 0.207198 0.587947 0.055032 0.065255
2 0.431000 0.030106 0.168254 0.060213
3 0.882857 0.173755 0.204222 0.192915
8 0.624357 0.834915 0.082111 0.074426
8 0.402659 0.863213 0.107921 0.116340
8 0.166103 0.873170 0.143095 0.148851
9 0.070310 0.778309 0.031286 0.038787
9 0.064016 0.683968 0.039175 0.040872
9 0.062841 0.508394 0.033714 0.056617
