0 0.418913 0.865691 0.632968 0.237170
8 0.378484 0.798777 0.085571 0.079681
1 0.053230 0.410936 0.100206 0.691234
4 0.420603 0.404096 0.626381 0.680404
8 0.616968 0.827074 0.101556 0.136277
2 0.422429 0.033191 0.225397 0.066383
3 0.867405 0.220989 0.239159 0.275170
9 0.065841 0.086117 0.055905 0.039766
11 0.023651 0.407511 0.047302 0.208511
10 0.423492 0.964394 0.138635 0.071213
7 0.661587 0.364968 0.047619 0.052489
7 0.543071 0.536596 0.049730 0.049660
7 0.420841 0.364957 0.044444 0.063830
7 0.299683 0.081277 0.058190 0.041149
7 0.180635 0.386245 0.055016 0.032617
9 0.073825 0.220702 0.035365 0.055064
9 0.074397 0.351479 0.038794 0.050489
9 0.072111 0.480713 0.034222 0.061170
9 0.070405 0.615309 0.035381 0.061170
8 0.234143 0.846957 0.136921 0.176043
8 0.145714 0.817128 0.096984 0.107234
9 0.077817 0.744553 0.029667 0.056596
8 0.494873 0.818660 0.108413 0.125574
