1 0.047063 0.408809 0.083175 0.690383
2 0.406460 0.033543 0.244444 0.067085
3 0.864659 0.309649 0.240206 0.453894
11 0.021484 0.406809 0.042968 0.225532
10 0.413865 0.966170 0.170365 0.067660
7 0.677881 0.605383 0.040206 0.046809
7 0.609095 0.087660 0.050794 0.043957
7 0.543492 0.289787 0.046571 0.059574
7 0.478413 0.667798 0.043397 0.061000
7 0.410159 0.092628 0.040222 0.048234
7 0.343492 0.228787 0.038095 0.051064
7 0.277357 0.380564 0.045508 0.039723
7 0.213333 0.577723 0.031746 0.051064
7 0.146667 0.276309 0.040222 0.043979
8 0.297476 0.836489 0.096190 0.127872
9 0.060881 0.190787 0.040746 0.029362
9 0.060500 0.329670 0.025889 0.032489
9 0.059714 0.465936 0.027460 0.045064
9 0.062056 0.604309 0.032143 0.034574
9 0.066357 0.744245 0.023540 0.033553
8 0.575484 0.812904 0.068810 0.089085
8 0.511357 0.814468 0.067254 0.102723
8 0.422603 0.841734 0.102444 0.153043
8 0.643516 0.819191 0.065698 0.114255
8 0.108627 0.810809 0.071952 0.103787
8 0.176270 0.801894 0.072730 0.079660
0 0.406190 0.868447 0.658730 0.242128
8 0.374905 0.817617 0.078984 0.096426
8 0.212246 0.852213 0.133730 0.174000
4 0.413571 0.403574 0.644381 0.679362
