8 0.313537 0.856160 0.065707 0.096702
8 0.485167 0.854883 0.081876 0.091638
8 0.657798 0.857362 0.105548 0.104468
9 0.062035 0.152436 0.041940 0.038191
1 0.048434 0.431777 0.080556 0.737596
0 0.435087 0.882606 0.696343 0.187128
9 0.068688 0.791819 0.028633 0.046957
7 0.356121 0.715032 0.059364 0.045383
7 0.188665 0.536319 0.044515 0.059574
4 0.437337 0.423489 0.690827 0.727574
7 0.519348 0.086670 0.063593 0.045383
7 0.683092 0.337021 0.049809 0.055319
10 0.435079 0.961138 0.119762 0.052489
11 0.025437 0.430638 0.044515 0.146085
3 0.889245 0.196596 0.195024 0.234043
2 0.434022 0.033479 0.149444 0.061000
9 0.058704 0.315319 0.033370 0.040723
9 0.063935 0.475606 0.028633 0.060957
9 0.064889 0.628309 0.036232 0.063511
8 0.128593 0.867606 0.108506 0.124702
