8 0.149134 0.874755 0.126884 0.181340
9 0.068386 0.758394 0.015660 0.036702
9 0.066852 0.615319 0.043943 0.039830
9 0.062154 0.479564 0.028283 0.053468
9 0.062154 0.333340 0.034547 0.056596
9 0.063370 0.189213 0.030556 0.051362
10 0.427448 0.963330 0.144149 0.073340
7 0.641550 0.308223 0.052989 0.056745
7 0.422679 0.086947 0.045580 0.036872
7 0.213355 0.546532 0.063593 0.034043
8 0.601073 0.842255 0.090859 0.120553
1 0.046725 0.418202 0.084038 0.709170
2 0.422146 0.030745 0.178060 0.061489
3 0.879491 0.177021 0.217266 0.191489
8 0.365310 0.860596 0.142544 0.171915
0 0.424499 0.878787 0.667727 0.215191
4 0.425191 0.416149 0.663418 0.704511
11 0.021383 0.410351 0.042766 0.158872
