8 0.560484 0.810245 0.104968 0.117936
9 0.068698 0.727723 0.020540 0.056596
9 0.061278 0.616840 0.026238 0.061170
9 0.060135 0.470766 0.026238 0.053532
9 0.056706 0.335426 0.026238 0.055064
9 0.060706 0.199287 0.050206 0.045894
8 0.616397 0.846191 0.118667 0.159234
8 0.465770 0.840830 0.111825 0.151574
8 0.381333 0.863787 0.136921 0.176043
8 0.336270 0.817128 0.083302 0.119447
8 0.244976 0.850011 0.110683 0.169936
8 0.195921 0.804894 0.060476 0.091915
8 0.094929 0.840840 0.109540 0.157681
4 0.412397 0.405149 0.645143 0.678298
0 0.391230 0.867596 0.686778 0.243830
1 0.045452 0.408309 0.084651 0.690787
7 0.144444 0.471777 0.043397 0.049638
7 0.224865 0.579574 0.032810 0.041149
7 0.301587 0.084543 0.044444 0.041128
7 0.375135 0.327809 0.043381 0.051064
7 0.449730 0.377447 0.038095 0.045404
7 0.523278 0.266096 0.039159 0.061000
7 0.597881 0.186670 0.046556 0.041128
7 0.675135 0.092340 0.048683 0.045404
10 0.415873 0.966032 0.158730 0.067936
11 0.023278 0.399436 0.046556 0.211340
3 0.864556 0.283830 0.241270 0.405660
2 0.412698 0.032691 0.196825 0.065383
