8 0.394460 0.837011 0.076444 0.076617
8 0.513127 0.868362 0.085587 0.117915
9 0.060706 0.200064 0.027381 0.050468
7 0.170349 0.284202 0.047175 0.043468
7 0.302048 0.368521 0.043238 0.040830
7 0.431786 0.081979 0.055032 0.034255
7 0.559556 0.515404 0.047175 0.044809
2 0.430794 0.035872 0.167079 0.057957
3 0.883881 0.217021 0.200492 0.280596
11 0.024897 0.424511 0.035381 0.247660
10 0.430310 0.958053 0.113032 0.050064
7 0.689278 0.701160 0.029476 0.042149
9 0.060135 0.781266 0.037667 0.044362
9 0.060706 0.697138 0.036524 0.050489
9 0.061270 0.611489 0.037651 0.044340
9 0.064127 0.535777 0.034222 0.045894
9 0.060706 0.450128 0.031952 0.045872
9 0.062421 0.366000 0.033095 0.052000
9 0.059563 0.278053 0.031952 0.041298
8 0.642071 0.863862 0.106111 0.123894
9 0.064127 0.115936 0.036508 0.047404
8 0.130302 0.863787 0.098127 0.124043
8 0.244413 0.856894 0.127810 0.146979
1 0.052373 0.421383 0.072714 0.727191
0 0.428730 0.877468 0.690921 0.192340
4 0.432333 0.423489 0.680349 0.714979
