4 0.440159 0.428202 0.696762 0.730702
9 0.062992 0.138872 0.029667 0.050468
2 0.439151 0.031351 0.153444 0.062702
3 0.893651 0.175457 0.188349 0.185809
11 0.020373 0.434330 0.040746 0.158872
10 0.438095 0.968936 0.138635 0.062128
7 0.666667 0.090351 0.068794 0.049638
7 0.439151 0.230064 0.051857 0.042553
7 0.208468 0.082553 0.049730 0.051064
1 0.043905 0.433989 0.086254 0.741851
0 0.439683 0.897745 0.702635 0.194043
8 0.624952 0.882138 0.122095 0.166872
8 0.407579 0.873723 0.116397 0.116383
8 0.150841 0.869904 0.118667 0.139340
9 0.062421 0.794266 0.028524 0.042830
9 0.062421 0.707840 0.030810 0.044362
9 0.059563 0.632904 0.031952 0.050489
9 0.058992 0.547255 0.030810 0.056596
9 0.059563 0.466947 0.034238 0.045894
9 0.059563 0.383596 0.036524 0.041277
9 0.060135 0.306362 0.033095 0.058128
9 0.058992 0.216883 0.037667 0.032106
