7 0.165341 0.080989 0.036079 0.048234
2 0.438889 0.031989 0.185079 0.063979
3 0.878040 0.306521 0.208365 0.448234
11 0.025183 0.418574 0.039159 0.187234
10 0.432008 0.960426 0.135349 0.051064
7 0.705024 0.148372 0.048778 0.043979
7 0.635238 0.661138 0.038095 0.065255
7 0.568571 0.566096 0.044444 0.045383
7 0.502429 0.209362 0.041270 0.058170
7 0.433595 0.669649 0.036937 0.056745
7 0.367460 0.160426 0.042222 0.045404
7 0.296563 0.662553 0.040111 0.045404
7 0.229365 0.519298 0.039048 0.059574
1 0.056317 0.424096 0.096190 0.718404
0 0.409778 0.878000 0.707429 0.208255
4 0.435071 0.418245 0.653762 0.702404
