8 0.701703 0.933164 0.074900 0.036304
7 0.346673 0.612916 0.042590 0.026481
8 0.877672 0.933164 0.071288 0.032999
7 0.523420 0.481294 0.041740 0.028035
7 0.877338 0.707928 0.040887 0.026481
7 0.700592 0.081769 0.041740 0.029596
10 0.524290 0.965670 0.089880 0.031683
1 0.028874 0.490425 0.056309 0.867326
0 0.511297 0.951808 0.960512 0.095049
2 0.524289 0.029039 0.332446 0.043562
11 0.015880 0.482506 0.021660 0.431683
3 0.923874 0.167653 0.120197 0.198023
7 0.168651 0.333323 0.042590 0.028042
4 0.522667 0.482503 0.933440 0.847528
9 0.037754 0.776463 0.022738 0.037821
9 0.039920 0.646763 0.020576 0.039804
9 0.038297 0.516068 0.019491 0.035845
9 0.040460 0.388345 0.021657 0.033862
9 0.037212 0.257653 0.023822 0.033862
9 0.038837 0.127950 0.024903 0.035838
9 0.044034 0.906267 0.017326 0.035643
8 0.169198 0.936463 0.036998 0.034651
8 0.348415 0.931512 0.032487 0.036304
8 0.523931 0.932338 0.071288 0.028054
