8 0.450944 0.850777 0.114111 0.140872
4 0.421778 0.416160 0.662349 0.700319
0 0.419325 0.876798 0.700746 0.217383
9 0.069262 0.239064 0.060460 0.058128
9 0.068119 0.126638 0.062746 0.071872
9 0.067548 0.758319 0.031952 0.035191
9 0.066413 0.654319 0.036508 0.029064
9 0.067556 0.557191 0.041079 0.033660
9 0.069262 0.454723 0.046778 0.052000
9 0.066976 0.345362 0.046778 0.062723
2 0.418611 0.035351 0.134651 0.047426
3 0.874643 0.266553 0.223095 0.375447
11 0.024008 0.414096 0.031444 0.114617
10 0.421063 0.965426 0.145460 0.047447
7 0.689873 0.082766 0.050127 0.031617
7 0.599444 0.665064 0.026540 0.039532
7 0.508540 0.236255 0.045206 0.035574
7 0.419595 0.603138 0.036365 0.039511
7 0.333595 0.628840 0.041286 0.046106
7 0.247603 0.634096 0.044222 0.043468
7 0.157183 0.352181 0.040302 0.038191
8 0.383619 0.833957 0.077587 0.094979
8 0.294619 0.825543 0.063905 0.108745
8 0.218167 0.815606 0.057063 0.082745
8 0.105778 0.840830 0.106127 0.124043
8 0.558198 0.843904 0.084429 0.163809
8 0.629516 0.859191 0.124365 0.148511
1 0.048579 0.415926 0.078619 0.703766
