7 0.193959 0.692074 0.037965 0.055553
8 0.314396 0.884702 0.103386 0.125787
8 0.483975 0.889947 0.121399 0.113213
8 0.659420 0.897287 0.124531 0.163511
9 0.062981 0.432926 0.031335 0.044021
3 0.896765 0.198574 0.179126 0.234043
2 0.441542 0.032628 0.203498 0.061000
0 0.442607 0.896957 0.712242 0.174468
1 0.054324 0.436149 0.076312 0.756128
7 0.532242 0.437936 0.043275 0.048468
7 0.701383 0.085106 0.060064 0.037830
9 0.060986 0.533553 0.030620 0.048213
10 0.446264 0.964936 0.165978 0.059787
4 0.445167 0.435543 0.709634 0.743298
7 0.360445 0.381213 0.047695 0.048468
9 0.061375 0.711745 0.034547 0.033532
9 0.061804 0.623170 0.036804 0.051362
9 0.068426 0.066574 0.037679 0.040894
9 0.068076 0.163011 0.044642 0.038787
9 0.064547 0.261021 0.037583 0.071277
11 0.026073 0.444681 0.040286 0.150340
9 0.063331 0.342777 0.040016 0.039851
9 0.066113 0.809755 0.032893 0.032489
8 0.145612 0.882074 0.090079 0.110064
