4 0.425191 0.415628 0.666534 0.703468
1 0.046566 0.420840 0.080318 0.719298
7 0.540556 0.493564 0.038983 0.049000
7 0.697067 0.231138 0.040175 0.045851
9 0.069825 0.766266 0.030811 0.045809
9 0.059547 0.620436 0.046789 0.047340
9 0.059555 0.482234 0.039936 0.042766
9 0.061836 0.340213 0.033084 0.058043
9 0.057266 0.201255 0.039936 0.064128
8 0.117742 0.836511 0.083307 0.091617
8 0.175366 0.860947 0.114102 0.167979
8 0.271789 0.836511 0.065040 0.079404
8 0.344245 0.843383 0.070747 0.105362
8 0.407576 0.862468 0.115246 0.149660
8 0.496002 0.857117 0.091272 0.126745
8 0.570739 0.855596 0.083291 0.111489
8 0.642059 0.868574 0.102687 0.131319
7 0.152512 0.083330 0.033068 0.034787
7 0.229293 0.132340 0.037790 0.041106
7 0.306073 0.221660 0.037806 0.042681
7 0.382266 0.152096 0.041351 0.045851
7 0.463768 0.273819 0.036630 0.042702
7 0.617337 0.328362 0.036614 0.041106
2 0.421836 0.031947 0.155914 0.055340
3 0.877798 0.286468 0.214992 0.415787
11 0.023164 0.408202 0.041335 0.216574
10 0.424197 0.963085 0.127568 0.042681
0 0.422623 0.870936 0.682766 0.207106
