9 0.066413 0.631383 0.041079 0.053532
4 0.428429 0.419298 0.674095 0.708681
9 0.070405 0.489128 0.049063 0.047404
9 0.069262 0.340766 0.046778 0.035191
9 0.064698 0.192404 0.035365 0.056596
7 0.514929 0.236255 0.036365 0.035574
8 0.381333 0.864543 0.100413 0.131681
8 0.468627 0.856904 0.090143 0.134745
8 0.566762 0.837011 0.083302 0.082745
8 0.664889 0.841596 0.092413 0.125574
9 0.069833 0.770553 0.045635 0.047404
1 0.050325 0.423606 0.080587 0.719553
0 0.409921 0.880064 0.716667 0.203277
7 0.426960 0.678245 0.033413 0.047426
7 0.336056 0.499723 0.042270 0.038213
7 0.246619 0.593926 0.040286 0.047426
7 0.156198 0.122957 0.042270 0.038213
8 0.197063 0.864543 0.096984 0.143936
8 0.306032 0.847723 0.075302 0.116383
8 0.100071 0.870660 0.115254 0.146979
2 0.426968 0.032713 0.163143 0.052702
3 0.881032 0.265883 0.210317 0.368872
11 0.023024 0.417394 0.037349 0.168617
10 0.426960 0.962798 0.131698 0.047426
7 0.698222 0.549787 0.045206 0.040851
7 0.610754 0.082106 0.045222 0.030298
