7 0.269897 0.387021 0.033116 0.040383
7 0.369269 0.077713 0.034595 0.036447
7 0.473776 0.599787 0.047838 0.032511
7 0.583084 0.665287 0.039746 0.043340
7 0.684285 0.243702 0.041955 0.039404
10 0.424801 0.964255 0.100700 0.042553
11 0.027345 0.422415 0.034976 0.167383
3 0.876836 0.240851 0.222576 0.323404
2 0.418442 0.034468 0.162162 0.055319
1 0.051264 0.421723 0.074865 0.714894
4 0.423625 0.414053 0.665755 0.696106
8 0.114889 0.854074 0.095851 0.142021
8 0.321423 0.855596 0.091272 0.138979
8 0.233561 0.837266 0.063911 0.087043
0 0.411328 0.871511 0.688951 0.208468
8 0.412138 0.858649 0.124372 0.163383
8 0.548490 0.831160 0.077583 0.090106
8 0.634070 0.860947 0.111828 0.155766
9 0.053275 0.166128 0.057043 0.051915
9 0.061264 0.316553 0.031940 0.053447
9 0.058410 0.454745 0.030811 0.051915
9 0.060692 0.610511 0.037663 0.054979
9 0.068108 0.753287 0.027377 0.044277
7 0.159865 0.322798 0.044149 0.036447
