10 0.435509 0.963117 0.137790 0.056745
3 0.881192 0.195043 0.206677 0.234043
2 0.429149 0.035457 0.156868 0.062404
7 0.195970 0.354606 0.048760 0.045383
0 0.437631 0.882362 0.667727 0.205660
9 0.062941 0.076000 0.047059 0.049277
9 0.065684 0.220660 0.049428 0.053447
9 0.077432 0.356404 0.027488 0.052426
9 0.071558 0.493723 0.032973 0.039830
9 0.074300 0.638372 0.038458 0.044021
9 0.077822 0.769926 0.032973 0.032489
8 0.173808 0.857447 0.110445 0.123702
8 0.305390 0.877894 0.119841 0.145702
8 0.460087 0.861649 0.159793 0.155128
8 0.637099 0.855351 0.112798 0.153043
7 0.357075 0.300000 0.050874 0.043957
7 0.514467 0.082979 0.049825 0.038298
7 0.676097 0.080149 0.048760 0.046809
4 0.437329 0.420340 0.665755 0.712894
1 0.051828 0.423574 0.101749 0.718383
11 0.025914 0.421277 0.051828 0.173064
