3 0.883913 0.195032 0.204238 0.235468
2 0.434706 0.033691 0.186238 0.067383
10 0.433651 0.961351 0.175651 0.077298
11 0.021587 0.426234 0.043175 0.178723
7 0.511429 0.160287 0.043397 0.043979
7 0.348460 0.082979 0.053968 0.045404
9 0.064794 0.777787 0.015714 0.039830
8 0.139905 0.866883 0.098540 0.136277
8 0.622794 0.873691 0.125905 0.141511
8 0.468349 0.860064 0.106349 0.114255
1 0.046389 0.429202 0.083381 0.730319
7 0.185500 0.258872 0.049730 0.059574
8 0.308429 0.843830 0.074286 0.077574
9 0.062056 0.625266 0.027444 0.055553
9 0.061675 0.461745 0.029794 0.059745
0 0.429159 0.883957 0.680413 0.204851
9 0.064794 0.309755 0.037619 0.049255
4 0.429992 0.423500 0.680333 0.717085
9 0.060929 0.160383 0.032841 0.056596
7 0.674389 0.117723 0.056079 0.046809
