9 0.071548 0.494479 0.030810 0.039766
2 0.432484 0.032904 0.186238 0.056745
3 0.879048 0.197447 0.215873 0.232638
11 0.026135 0.421564 0.040206 0.215596
10 0.430897 0.961989 0.125921 0.048234
7 0.671111 0.269787 0.043397 0.045404
7 0.509230 0.076883 0.037095 0.036872
7 0.348889 0.530074 0.050794 0.049638
7 0.199683 0.174043 0.048667 0.041149
8 0.303183 0.869128 0.110683 0.153106
8 0.150849 0.856894 0.111825 0.131702
4 0.433119 0.419298 0.657667 0.708681
0 0.432413 0.876340 0.676190 0.204255
1 0.059103 0.417000 0.087825 0.731915
9 0.072111 0.359117 0.034222 0.044362
9 0.069825 0.209234 0.041079 0.041277
9 0.065833 0.071585 0.049063 0.044362
8 0.647770 0.839298 0.083286 0.096511
8 0.458929 0.863777 0.104968 0.145468
9 0.073262 0.772851 0.029667 0.024468
9 0.074397 0.639021 0.036508 0.032128
