7 0.288466 0.669617 0.032671 0.031915
11 0.019921 0.429670 0.039841 0.211596
9 0.061836 0.111149 0.035374 0.054979
9 0.057266 0.189032 0.042226 0.045809
9 0.062973 0.270723 0.037647 0.053447
9 0.064682 0.357011 0.036518 0.042745
9 0.068108 0.439479 0.036502 0.048872
9 0.041296 0.495968 0.005707 0.006106
9 0.062981 0.521170 0.044499 0.056511
9 0.062981 0.602862 0.044499 0.048872
9 0.060692 0.678457 0.033084 0.050404
9 0.065827 0.771617 0.038808 0.025957
8 0.098347 0.860170 0.092432 0.120638
8 0.177687 0.851777 0.066248 0.109936
8 0.239833 0.854064 0.074165 0.120638
8 0.303164 0.860936 0.082162 0.146596
8 0.387027 0.866287 0.087854 0.138957
8 0.464634 0.835734 0.062782 0.093170
8 0.524531 0.847202 0.079873 0.137426
8 0.598696 0.842606 0.059332 0.100787
8 0.679714 0.843383 0.068458 0.096213
3 0.882440 0.309106 0.215501 0.457447
0 0.401749 0.887117 0.724960 0.225766
1 0.045541 0.425734 0.091081 0.719851
4 0.428060 0.416383 0.672655 0.707234
10 0.428895 0.968085 0.089205 0.037830
7 0.702266 0.487000 0.037091 0.030723
7 0.635135 0.660755 0.031797 0.033085
7 0.564913 0.543734 0.039746 0.033085
7 0.493816 0.410755 0.031797 0.034277
7 0.426248 0.478723 0.032687 0.033106
2 0.424038 0.036638 0.187250 0.047277
7 0.355143 0.610511 0.033561 0.031915
7 0.216924 0.328606 0.032671 0.030745
7 0.150238 0.080979 0.037107 0.031915
