1 0.047353 0.420372 0.083736 0.708617
0 0.423339 0.876436 0.670652 0.209681
7 0.205620 0.080989 0.042401 0.039723
7 0.423426 0.532064 0.045580 0.051064
7 0.640700 0.644117 0.028617 0.045383
10 0.420771 0.957585 0.161097 0.053894
11 0.024905 0.412904 0.037091 0.215596
3 0.877583 0.171777 0.216216 0.184404
2 0.422369 0.031277 0.181240 0.062553
4 0.422432 0.416191 0.671192 0.700383
9 0.061606 0.202638 0.038983 0.049489
9 0.063935 0.345223 0.040016 0.036915
9 0.060135 0.484574 0.032417 0.040723
9 0.062989 0.624553 0.030525 0.040723
9 0.067313 0.770255 0.029475 0.049617
8 0.159499 0.854883 0.134165 0.142532
8 0.379197 0.854181 0.115056 0.118489
8 0.591669 0.857436 0.137011 0.155255
