0 0.418286 0.874106 0.670889 0.216894
7 0.143071 0.334606 0.033063 0.036447
7 0.221341 0.488181 0.033063 0.042362
7 0.287476 0.083819 0.034540 0.037426
7 0.354349 0.107957 0.038952 0.044340
7 0.421587 0.282798 0.045556 0.045298
7 0.488460 0.514766 0.038222 0.032511
9 0.062992 0.191649 0.029667 0.033638
9 0.061270 0.334660 0.037651 0.053532
9 0.060135 0.479191 0.030810 0.055064
9 0.061278 0.626787 0.033095 0.053532
9 0.057857 0.769021 0.042222 0.050468
8 0.110913 0.831660 0.063889 0.093447
8 0.165111 0.853074 0.092413 0.130149
8 0.234714 0.850011 0.094698 0.130149
8 0.299754 0.860723 0.103825 0.157702
8 0.361937 0.859191 0.118667 0.160766
8 0.430976 0.856894 0.115254 0.153106
8 0.529675 0.821713 0.066175 0.079681
8 0.591865 0.826298 0.069603 0.094979
8 0.640929 0.863011 0.112968 0.165340
11 0.024651 0.407383 0.041270 0.225532
10 0.422008 0.964819 0.122746 0.043979
3 0.876508 0.309500 0.225397 0.452489
2 0.418310 0.028660 0.183063 0.055319
7 0.696802 0.129138 0.041889 0.031511
7 0.624405 0.075947 0.036746 0.037426
7 0.558270 0.519702 0.024984 0.034468
4 0.421000 0.415106 0.660000 0.696128
1 0.049730 0.419766 0.081492 0.710638
