9 0.058222 0.641213 0.037175 0.038255
7 0.479103 0.248372 0.043286 0.045383
7 0.586508 0.396596 0.046667 0.049660
4 0.426865 0.417202 0.673317 0.708702
7 0.689730 0.116457 0.053968 0.036872
0 0.414944 0.874500 0.698048 0.204191
1 0.047794 0.423755 0.080540 0.716021
2 0.428833 0.034894 0.150365 0.060979
3 0.880738 0.241277 0.213762 0.323404
11 0.025714 0.422128 0.044444 0.146085
9 0.062976 0.763564 0.035286 0.038234
9 0.060119 0.529043 0.031476 0.050979
9 0.062500 0.404149 0.032429 0.030596
9 0.059643 0.284330 0.030524 0.048447
9 0.062548 0.157511 0.030429 0.044596
8 0.111992 0.855340 0.108397 0.130000
8 0.212310 0.859798 0.107444 0.144021
8 0.323563 0.861085 0.113159 0.131277
8 0.423405 0.855340 0.092238 0.132553
8 0.555095 0.838128 0.079873 0.105787
8 0.655897 0.846426 0.093190 0.109617
10 0.427246 0.961840 0.153540 0.062404
7 0.161111 0.076032 0.048571 0.035468
7 0.265397 0.270351 0.034921 0.052489
7 0.372270 0.495181 0.047619 0.070915
