7 0.426238 0.659713 0.041270 0.039723
7 0.512484 0.695894 0.042333 0.055319
7 0.605556 0.605106 0.046667 0.058170
7 0.693968 0.196596 0.060317 0.052468
10 0.429365 0.961138 0.170476 0.049638
11 0.025659 0.419287 0.036079 0.214191
8 0.219444 0.830489 0.058952 0.062468
8 0.131968 0.827936 0.062762 0.072638
9 0.062976 0.768670 0.037190 0.040787
9 0.058222 0.654606 0.046698 0.039511
9 0.064881 0.540521 0.035286 0.048447
9 0.062500 0.429638 0.030524 0.050979
8 0.647333 0.863628 0.116000 0.131298
4 0.428429 0.418766 0.670190 0.709745
8 0.564611 0.847064 0.074175 0.110894
9 0.062976 0.315564 0.025762 0.044617
9 0.062500 0.200202 0.034333 0.040787
9 0.063500 0.084862 0.030429 0.047170
7 0.153651 0.079574 0.044444 0.042553
8 0.498048 0.825383 0.045651 0.080298
8 0.393929 0.834309 0.086524 0.093043
0 0.424095 0.878851 0.671016 0.205277
1 0.049206 0.426096 0.079365 0.720702
2 0.427246 0.032766 0.166238 0.053915
3 0.878040 0.261840 0.210683 0.358872
7 0.246825 0.112202 0.042222 0.039723
7 0.337833 0.485245 0.046460 0.062404
8 0.282198 0.862989 0.112206 0.135085
