7 0.612960 0.547660 0.036079 0.042553
7 0.170635 0.642691 0.035873 0.045383
7 0.258516 0.529926 0.042333 0.052489
7 0.345238 0.228511 0.042222 0.042553
7 0.436770 0.086660 0.062333 0.042553
7 0.521429 0.115043 0.045397 0.051064
7 0.701270 0.286660 0.047619 0.059574
10 0.437881 0.965383 0.102651 0.055319
11 0.025659 0.417160 0.048778 0.201426
3 0.882857 0.264681 0.209524 0.367362
2 0.433119 0.029862 0.194714 0.059723
9 0.072540 0.089319 0.040889 0.053532
9 0.072492 0.226979 0.039079 0.033149
9 0.078667 0.366543 0.032413 0.059894
9 0.074381 0.502915 0.039079 0.054809
9 0.074865 0.626553 0.024810 0.031872
9 0.080563 0.769947 0.028619 0.045894
8 0.128159 0.847702 0.085587 0.107064
8 0.222294 0.840053 0.064651 0.089213
8 0.294087 0.861713 0.107444 0.142745
8 0.380611 0.857255 0.109349 0.126170
8 0.471897 0.861085 0.105540 0.133830
8 0.574595 0.834947 0.063698 0.091766
8 0.654468 0.855979 0.103635 0.116000
1 0.052365 0.425606 0.102540 0.718872
0 0.429794 0.879362 0.672159 0.208511
4 0.434294 0.419298 0.660016 0.708681
