7 0.642063 0.081702 0.051746 0.052468
11 0.023437 0.421426 0.046873 0.212766
3 0.879151 0.174606 0.216937 0.190064
2 0.427246 0.031989 0.147190 0.063979
8 0.593611 0.864904 0.126460 0.128745
4 0.428429 0.419819 0.670190 0.705553
9 0.057317 0.084234 0.042794 0.053532
9 0.058270 0.197670 0.046603 0.043340
8 0.386802 0.845149 0.093190 0.109617
8 0.160484 0.852160 0.106492 0.093043
0 0.427841 0.879883 0.670667 0.213000
1 0.049175 0.423245 0.082540 0.718404
9 0.060119 0.316202 0.031476 0.040787
9 0.060127 0.427723 0.035270 0.057362
9 0.062508 0.539245 0.038127 0.048447
9 0.064881 0.657787 0.031476 0.050979
9 0.066310 0.770585 0.028619 0.049723
7 0.207190 0.468936 0.053968 0.058170
7 0.423016 0.199436 0.043492 0.043979
10 0.426190 0.961840 0.157778 0.053894
