7 0.335715 0.084681 0.045676 0.041149
4 0.426367 0.416149 0.671240 0.704511
0 0.413927 0.880415 0.694213 0.222404
1 0.045914 0.420138 0.087122 0.712064
9 0.062401 0.763202 0.027377 0.048872
9 0.062973 0.678457 0.030811 0.053468
9 0.056701 0.583021 0.036518 0.039702
9 0.058410 0.499787 0.030811 0.053447
9 0.060692 0.404351 0.026248 0.036660
9 0.058410 0.318840 0.037647 0.033596
9 0.062401 0.227213 0.038792 0.048851
9 0.054420 0.134830 0.038792 0.025957
8 0.113180 0.850255 0.096979 0.134383
8 0.219293 0.830404 0.055914 0.082468
2 0.426391 0.032766 0.127186 0.065532
3 0.877901 0.261989 0.216216 0.364532
11 0.021304 0.409500 0.042607 0.194319
10 0.424269 0.966809 0.150509 0.066383
7 0.691836 0.340713 0.045676 0.045383
7 0.604396 0.090351 0.048855 0.041128
7 0.508529 0.084681 0.051940 0.046809
7 0.426868 0.600989 0.051828 0.049638
7 0.250874 0.181138 0.060413 0.043979
7 0.157178 0.689511 0.029682 0.042553
8 0.276916 0.867819 0.118665 0.142021
8 0.395588 0.827340 0.073021 0.091617
8 0.460628 0.861702 0.116391 0.142000
8 0.565032 0.834223 0.094706 0.114532
8 0.643196 0.856362 0.118665 0.143532
