8 0.620667 0.861085 0.125619 0.136383
0 0.426540 0.874362 0.673873 0.201362
9 0.061071 0.631011 0.025762 0.068830
2 0.425714 0.034894 0.114286 0.060979
3 0.879627 0.190213 0.213857 0.232638
11 0.027302 0.420000 0.041270 0.198596
10 0.425183 0.959713 0.166143 0.052489
7 0.669579 0.285245 0.055984 0.045383
7 0.505024 0.356883 0.042429 0.058149
7 0.343651 0.359011 0.051746 0.053894
7 0.186508 0.080277 0.048571 0.038298
1 0.047556 0.420809 0.086667 0.723404
9 0.065357 0.767394 0.036238 0.061170
8 0.149508 0.857894 0.099937 0.124894
8 0.288810 0.864266 0.125619 0.137638
8 0.467095 0.846415 0.098032 0.117255
9 0.062032 0.186830 0.037175 0.057362
9 0.060127 0.337223 0.037175 0.042064
9 0.058222 0.490819 0.042889 0.063723
4 0.428817 0.416117 0.672524 0.710745
