9 0.062035 0.612468 0.038124 0.067447
4 0.427544 0.416681 0.672035 0.709745
0 0.421606 0.877713 0.678315 0.204574
1 0.048943 0.423213 0.078426 0.714894
7 0.162695 0.146245 0.039221 0.053894
7 0.266033 0.563968 0.040270 0.043979
7 0.374674 0.322128 0.041335 0.045404
7 0.481717 0.671064 0.051924 0.048213
7 0.585056 0.368936 0.038156 0.042553
7 0.689459 0.078160 0.054054 0.048234
10 0.423418 0.961064 0.130366 0.058000
11 0.024372 0.424968 0.044515 0.171638
3 0.880763 0.241989 0.205628 0.321979
2 0.426598 0.033468 0.168521 0.055319
8 0.657329 0.845266 0.087472 0.100660
8 0.545604 0.847819 0.105548 0.128660
8 0.462822 0.817340 0.075215 0.062340
8 0.319714 0.863160 0.108490 0.141255
8 0.235095 0.837064 0.076169 0.096723
8 0.131924 0.838340 0.073323 0.109447
9 0.063935 0.144798 0.017218 0.048362
9 0.060127 0.301957 0.041940 0.044553
9 0.062981 0.457840 0.034324 0.045809
9 0.064412 0.772170 0.027679 0.053447
