9 0.065190 0.535649 0.029016 0.052404
8 0.600976 0.864266 0.128238 0.155128
8 0.447198 0.859021 0.118937 0.145702
8 0.301738 0.834394 0.082968 0.090149
8 0.144952 0.861649 0.086889 0.153043
9 0.060500 0.767830 0.055603 0.036681
9 0.065579 0.681872 0.034492 0.032511
9 0.062841 0.618979 0.036825 0.061830
9 0.063238 0.460702 0.026667 0.063957
9 0.061270 0.371074 0.035270 0.037723
9 0.061667 0.296649 0.042317 0.058702
9 0.064016 0.219606 0.028222 0.055553
9 0.064056 0.136798 0.031286 0.032489
0 0.421516 0.868819 0.664270 0.213000
1 0.044802 0.419691 0.088048 0.709170
7 0.188040 0.262415 0.051857 0.045383
7 0.346770 0.402128 0.056079 0.052468
7 0.505508 0.082309 0.060317 0.033979
7 0.657881 0.625532 0.039159 0.056723
10 0.422968 0.963117 0.092063 0.056745
11 0.023389 0.412766 0.046778 0.150340
3 0.874817 0.197904 0.221159 0.236957
2 0.422437 0.031915 0.186238 0.063830
4 0.421778 0.414585 0.659238 0.697170
