10 0.425811 0.960734 0.171367 0.055426
7 0.513386 0.120840 0.045278 0.043468
7 0.689094 0.552947 0.042321 0.040830
7 0.600008 0.512117 0.039380 0.046106
1 0.049340 0.417521 0.076773 0.715340
2 0.422329 0.031766 0.154547 0.063532
4 0.427154 0.413532 0.665755 0.701362
7 0.423315 0.686660 0.034452 0.036894
0 0.426161 0.874691 0.677250 0.209468
3 0.880556 0.259181 0.218537 0.364915
7 0.333728 0.107021 0.036423 0.034255
7 0.244157 0.263787 0.034452 0.036894
7 0.158021 0.082638 0.035437 0.030298
11 0.027591 0.423191 0.040366 0.213404
