3 0.875779 0.306809 0.218331 0.459574
11 0.022417 0.413191 0.044833 0.201404
0 0.420819 0.879809 0.676200 0.223617
1 0.053617 0.415691 0.097822 0.716319
8 0.671169 0.834915 0.065008 0.087021
8 0.589714 0.842777 0.077552 0.119511
8 0.516447 0.850117 0.094070 0.123681
8 0.439332 0.864255 0.104165 0.154085
8 0.393506 0.846968 0.068919 0.109000
8 0.312440 0.852202 0.105739 0.138362
8 0.239992 0.854830 0.097122 0.133106
8 0.172639 0.866362 0.106518 0.166681
8 0.117417 0.846436 0.082242 0.110064
9 0.084515 0.764681 0.025851 0.042979
9 0.074690 0.629979 0.026709 0.031447
9 0.078251 0.492670 0.025851 0.037723
9 0.071598 0.357447 0.031335 0.033532
7 0.291256 0.250787 0.043466 0.055319
7 0.229777 0.523117 0.034976 0.049638
7 0.159300 0.582702 0.031797 0.046809
9 0.064547 0.081245 0.048553 0.053468
9 0.068855 0.218043 0.044642 0.039830
10 0.443879 0.964755 0.206677 0.070489
7 0.699841 0.420287 0.038156 0.048234
7 0.631479 0.355032 0.030747 0.048234
7 0.562583 0.340149 0.045580 0.046809
7 0.497933 0.468511 0.039205 0.045404
7 0.434873 0.242979 0.040270 0.048213
7 0.362266 0.081979 0.032862 0.038298
2 0.426924 0.031415 0.147329 0.062830
4 0.432242 0.411957 0.652432 0.698213
