9 0.063506 0.624543 0.038998 0.086532
9 0.064412 0.763894 0.040970 0.036894
8 0.096320 0.854181 0.095087 0.136277
8 0.167631 0.849096 0.087472 0.128660
8 0.235087 0.859330 0.108490 0.141255
8 0.301176 0.861245 0.105628 0.142532
8 0.372536 0.854191 0.113148 0.159191
8 0.468100 0.814096 0.057059 0.071383
8 0.506566 0.855457 0.116852 0.159213
8 0.586486 0.847191 0.086518 0.122298
8 0.666789 0.838968 0.074277 0.113255
2 0.418124 0.034894 0.202448 0.063830
3 0.878116 0.308660 0.217281 0.455319
11 0.025970 0.410074 0.037091 0.215596
11 0.421304 0.967521 0.132496 0.048234
7 0.698466 0.080989 0.055119 0.053894
7 0.631685 0.685957 0.038156 0.058170
7 0.562273 0.304394 0.047695 0.049638
7 0.493911 0.407947 0.038156 0.052489
0 0.403736 0.875968 0.699682 0.214447
1 0.050572 0.419351 0.079491 0.716319
7 0.424483 0.154755 0.047695 0.045383
7 0.355064 0.122830 0.040270 0.046809
7 0.286169 0.619287 0.040286 0.058149
7 0.220986 0.695170 0.039205 0.042553
7 0.147854 0.397309 0.051924 0.045383
4 0.425199 0.414585 0.664197 0.699255
9 0.060604 0.168979 0.039078 0.043277
9 0.063458 0.324872 0.044785 0.054723
9 0.060127 0.473755 0.030525 0.054702
