9 0.078219 0.359553 0.029062 0.048213
2 0.425437 0.031202 0.185469 0.062404
3 0.875882 0.263830 0.219396 0.360298
11 0.024801 0.421277 0.047695 0.258170
10 0.430207 0.964532 0.165342 0.059574
7 0.688291 0.268085 0.039221 0.048213
7 0.604563 0.554617 0.066773 0.051064
7 0.515525 0.682277 0.043450 0.042553
7 0.430731 0.557447 0.047695 0.053915
7 0.343824 0.081489 0.039221 0.029787
7 0.252679 0.536170 0.032862 0.065234
7 0.167886 0.260989 0.034976 0.048234
1 0.055246 0.421926 0.099523 0.713213
0 0.415588 0.874117 0.680429 0.214319
4 0.431065 0.413532 0.651669 0.695064
9 0.068029 0.081777 0.040032 0.041936
9 0.075469 0.219617 0.037679 0.059745
9 0.071550 0.490574 0.040811 0.044043
9 0.072727 0.627883 0.032194 0.050319
9 0.085262 0.755245 0.029062 0.040872
8 0.126423 0.855883 0.122194 0.139426
8 0.235692 0.834383 0.068140 0.077574
8 0.293251 0.865840 0.101828 0.159340
8 0.370405 0.866883 0.124531 0.180277
8 0.482409 0.848021 0.105739 0.117404
8 0.588148 0.822340 0.074420 0.097489
8 0.658251 0.845926 0.122194 0.138362
