9 0.062508 0.348064 0.041937 0.033149
2 0.423548 0.032766 0.198841 0.062426
3 0.882278 0.262553 0.202016 0.371617
11 0.022484 0.414330 0.040111 0.190064
10 0.429365 0.956883 0.170476 0.058149
7 0.700794 0.327085 0.046667 0.055319
7 0.612484 0.081702 0.039159 0.055319
7 0.519841 0.581702 0.042222 0.053915
7 0.426190 0.598021 0.043492 0.055319
7 0.339944 0.595170 0.036079 0.055319
7 0.244706 0.292340 0.042429 0.042553
7 0.156349 0.504394 0.037143 0.049638
4 0.432341 0.421915 0.678778 0.711830
8 0.567460 0.859160 0.095079 0.117255
8 0.470000 0.868085 0.103651 0.135106
8 0.380571 0.870000 0.103746 0.131277
8 0.295040 0.853436 0.094143 0.121085
8 0.205175 0.849606 0.079873 0.103255
8 0.111944 0.864266 0.089476 0.127468
9 0.048714 0.778223 0.048603 0.044617
9 0.060167 0.203404 0.029476 0.057362
9 0.061548 0.500372 0.026714 0.047170
9 0.060603 0.639936 0.034317 0.053532
8 0.651611 0.860436 0.086524 0.119809
1 0.045714 0.430638 0.088889 0.733319
0 0.420119 0.881830 0.701667 0.199745
