4 0.429603 0.420862 0.678000 0.713936
0 0.431937 0.878468 0.678317 0.201149
1 0.048389 0.424979 0.079571 0.734298
9 0.065968 0.774117 0.022762 0.038787
8 0.124659 0.851681 0.072714 0.114255
8 0.215373 0.871606 0.100873 0.147809
8 0.326413 0.875787 0.107143 0.145702
8 0.454667 0.836489 0.060222 0.079660
8 0.548897 0.856404 0.092270 0.117404
8 0.665802 0.841202 0.080556 0.068149
7 0.163706 0.618723 0.043381 0.053915
7 0.268992 0.083255 0.046556 0.038298
7 0.376405 0.333617 0.043381 0.059574
7 0.479048 0.422979 0.051841 0.051064
7 0.586452 0.274043 0.040206 0.048213
7 0.695444 0.459149 0.050794 0.060979
10 0.429317 0.968936 0.142857 0.062128
11 0.021270 0.422979 0.042540 0.187234
3 0.882222 0.239287 0.212698 0.316319
2 0.433548 0.032053 0.191540 0.064106
9 0.061667 0.116883 0.032921 0.030404
9 0.064405 0.197074 0.030587 0.035638
9 0.058937 0.277787 0.035270 0.025149
9 0.061278 0.361638 0.030587 0.031447
9 0.059706 0.448128 0.032143 0.042979
9 0.065571 0.530936 0.026667 0.042979
9 0.061278 0.612170 0.024333 0.029362
9 0.062063 0.698117 0.030571 0.052404
