7 0.344968 0.193266 0.043206 0.046106
7 0.183286 0.068372 0.044444 0.045383
8 0.471048 0.849064 0.102508 0.102723
8 0.618881 0.867404 0.122778 0.152000
8 0.153976 0.848543 0.073508 0.095383
9 0.059706 0.489000 0.038397 0.076511
1 0.047873 0.423926 0.086349 0.729085
0 0.427897 0.882319 0.680429 0.208085
9 0.057754 0.180819 0.036048 0.047170
9 0.062452 0.637319 0.045444 0.069191
9 0.055802 0.338585 0.043095 0.067085
9 0.055413 0.780415 0.054825 0.038787
2 0.430794 0.032128 0.155556 0.064255
8 0.308429 0.865840 0.086794 0.129979
4 0.430381 0.422447 0.679556 0.712894
3 0.882119 0.194043 0.201063 0.234043
11 0.020421 0.422415 0.040841 0.202830
10 0.430794 0.962628 0.119587 0.074745
7 0.674778 0.407213 0.046730 0.036638
7 0.511643 0.373521 0.048492 0.052021
