7 0.663175 0.224957 0.047619 0.046809
2 0.406087 0.029936 0.119476 0.059574
3 0.865341 0.238436 0.236079 0.317723
9 0.055365 0.198936 0.037175 0.045872
9 0.061548 0.334681 0.030524 0.047149
9 0.061548 0.472968 0.030524 0.056064
9 0.061079 0.603606 0.037175 0.039511
9 0.068683 0.744457 0.021968 0.045894
8 0.112000 0.831128 0.102698 0.130000
8 0.218016 0.828574 0.101746 0.114723
8 0.304540 0.834309 0.118857 0.141468
8 0.392500 0.848968 0.144524 0.170787
8 0.504698 0.843223 0.140730 0.146574
8 0.631651 0.827298 0.082730 0.109617
7 0.162222 0.551202 0.044444 0.049638
7 0.259492 0.361851 0.044286 0.042553
7 0.364333 0.359713 0.044444 0.041128
7 0.460579 0.292340 0.040111 0.048213
11 0.024603 0.403649 0.042222 0.199936
7 0.565873 0.080989 0.049841 0.036872
4 0.411619 0.403574 0.641238 0.677234
0 0.397119 0.866532 0.674175 0.236894
1 0.047587 0.409702 0.081587 0.689362
10 0.414071 0.959723 0.188365 0.055319
