7 0.511460 0.507096 0.032635 0.028362
2 0.428571 0.033096 0.436508 0.054362
3 0.875222 0.260574 0.222222 0.365362
7 0.155198 0.102245 0.037921 0.036660
7 0.246913 0.606383 0.027349 0.035447
7 0.335095 0.665489 0.029111 0.030723
7 0.423286 0.551426 0.039683 0.036638
7 0.600087 0.311457 0.033508 0.029553
7 0.690040 0.080968 0.033508 0.034277
10 0.425048 0.966309 0.112000 0.055553
9 0.060135 0.150351 0.037667 0.061170
9 0.064127 0.300245 0.043365 0.091766
9 0.060127 0.454000 0.033079 0.072000
9 0.065841 0.608436 0.039937 0.071894
9 0.070405 0.759085 0.028524 0.058128
8 0.643778 0.860032 0.116381 0.156021
8 0.545651 0.839383 0.082159 0.114723
8 0.461786 0.861564 0.087857 0.128489
8 0.379627 0.843202 0.074175 0.113170
8 0.296897 0.853138 0.089000 0.120830
8 0.201048 0.853915 0.098127 0.137660
8 0.105770 0.850085 0.090143 0.139191
0 0.406532 0.881202 0.692238 0.237596
1 0.046960 0.425479 0.093921 0.718787
4 0.424206 0.413191 0.660794 0.697447
11 0.027206 0.420319 0.035270 0.164468
