2 0.437302 0.033404 0.200952 0.066809
9 0.057270 0.447479 0.044794 0.043340
9 0.062024 0.360170 0.029571 0.036979
1 0.049175 0.431574 0.080317 0.735915
0 0.418833 0.884021 0.718524 0.187234
9 0.059175 0.274777 0.033365 0.039511
9 0.061548 0.199574 0.032429 0.034426
9 0.057794 0.109723 0.036127 0.053532
8 0.350183 0.871915 0.107444 0.127447
4 0.434690 0.425064 0.687381 0.720213
7 0.154230 0.263266 0.049635 0.061000
7 0.234175 0.487372 0.050794 0.041128
7 0.314024 0.316457 0.036937 0.056745
7 0.395500 0.571777 0.043286 0.045383
7 0.473810 0.085245 0.051746 0.048234
7 0.556881 0.476734 0.052810 0.053894
7 0.633595 0.190926 0.049635 0.058149
7 0.714548 0.711489 0.033762 0.055319
10 0.433016 0.967521 0.095238 0.048234
11 0.026238 0.424968 0.041270 0.177298
3 0.884389 0.284543 0.195667 0.407085
8 0.684897 0.855340 0.071317 0.124894
8 0.594563 0.864266 0.082714 0.127468
8 0.510405 0.866819 0.089381 0.117255
8 0.436246 0.865543 0.089381 0.127468
8 0.285056 0.849606 0.076079 0.103255
8 0.187063 0.873181 0.102794 0.124915
8 0.104381 0.868085 0.100794 0.135106
9 0.059651 0.780138 0.040032 0.040787
9 0.062024 0.698574 0.033381 0.033149
9 0.060127 0.616351 0.035270 0.039511
9 0.059175 0.530968 0.027683 0.044617
