7 0.296765 0.551213 0.042401 0.046809
7 0.362480 0.289500 0.040286 0.062404
7 0.428196 0.475319 0.040270 0.051064
7 0.497083 0.220000 0.040270 0.045404
7 0.563331 0.307947 0.032862 0.056745
7 0.630636 0.538436 0.044515 0.058149
7 0.697933 0.280277 0.041335 0.046809
10 0.432432 0.965394 0.173831 0.052489
11 0.027027 0.420000 0.043466 0.190085
3 0.875994 0.309362 0.221526 0.453915
2 0.427663 0.036309 0.151574 0.058149
8 0.102496 0.859904 0.092242 0.114660
8 0.183792 0.851638 0.104595 0.123574
8 0.235612 0.860543 0.120763 0.151553
8 0.324046 0.832553 0.075119 0.082851
8 0.384905 0.838915 0.086534 0.095574
8 0.445763 0.858000 0.094134 0.131191
8 0.505660 0.856734 0.120763 0.141383
8 0.579825 0.840819 0.101749 0.104489
9 0.069642 0.081181 0.045548 0.045809
9 0.071113 0.213521 0.038983 0.050915
9 0.072496 0.347138 0.032432 0.045809
9 0.079149 0.490926 0.028633 0.045809
8 0.651574 0.849096 0.087377 0.115936
9 0.072011 0.623915 0.035278 0.049617
9 0.085803 0.760085 0.022925 0.052170
4 0.429499 0.414064 0.650890 0.698213
1 0.057258 0.420777 0.096709 0.711340
0 0.413148 0.874787 0.684165 0.221064
7 0.158450 0.488085 0.032862 0.042553
7 0.227870 0.088085 0.050874 0.042553
