8 0.295994 0.856096 0.098887 0.127383
10 0.428196 0.961128 0.150509 0.055319
11 0.024380 0.427798 0.042401 0.171638
3 0.881296 0.262553 0.202432 0.365957
2 0.428720 0.030564 0.198203 0.061128
8 0.653045 0.865638 0.115056 0.126128
8 0.575079 0.849723 0.063704 0.094298
7 0.700580 0.279574 0.040270 0.048213
7 0.611558 0.253340 0.044515 0.046809
7 0.520930 0.083830 0.049809 0.042553
7 0.431900 0.093053 0.056169 0.035468
7 0.339690 0.361138 0.043450 0.052489
8 0.491399 0.849096 0.082734 0.113383
8 0.379674 0.862457 0.108410 0.129936
8 0.198052 0.861181 0.112194 0.124830
8 0.131963 0.837000 0.065612 0.079021
9 0.060652 0.182979 0.037075 0.056000
9 0.063458 0.329957 0.033370 0.044553
9 0.061081 0.481394 0.038124 0.047085
9 0.060604 0.636638 0.039078 0.049617
9 0.066312 0.776564 0.033386 0.049511
0 0.428983 0.880777 0.680445 0.202830
1 0.048426 0.428032 0.084801 0.718191
7 0.248545 0.638436 0.045580 0.039723
7 0.156860 0.295181 0.052989 0.036872
4 0.430676 0.423489 0.681415 0.710809
