9 0.060706 0.193181 0.036524 0.039766
9 0.060706 0.478426 0.029667 0.032128
9 0.060135 0.636734 0.035381 0.039766
2 0.430159 0.035606 0.157683 0.053894
3 0.881484 0.264681 0.198937 0.370213
11 0.023810 0.422840 0.039143 0.192915
10 0.429103 0.958298 0.128048 0.046809
7 0.704230 0.630638 0.043381 0.043957
7 0.608992 0.710777 0.039159 0.039723
7 0.517992 0.367521 0.043381 0.048234
7 0.429095 0.100149 0.041270 0.046809
7 0.340738 0.277447 0.042333 0.046809
7 0.247087 0.356170 0.049730 0.042553
7 0.156611 0.081702 0.048683 0.035447
0 0.427817 0.882468 0.686778 0.196340
1 0.049159 0.427500 0.081492 0.727766
9 0.062413 0.780500 0.037651 0.042830
8 0.121746 0.846957 0.083302 0.096511
8 0.194778 0.865309 0.103841 0.130149
8 0.298611 0.854596 0.078746 0.102638
8 0.390460 0.850777 0.082159 0.104149
8 0.485167 0.856894 0.070746 0.113319
8 0.554206 0.860723 0.103841 0.127106
8 0.657468 0.860713 0.104968 0.114872
4 0.431556 0.424021 0.682698 0.716043
9 0.061841 0.342298 0.036508 0.035191
