11 0.025611 0.420564 0.040206 0.163128
9 0.061667 0.206500 0.050127 0.067085
3 0.880111 0.282979 0.206349 0.409915
2 0.424024 0.034043 0.159794 0.068085
8 0.121881 0.851691 0.072016 0.103766
9 0.064405 0.770447 0.035254 0.041915
9 0.055802 0.633660 0.044651 0.049277
10 0.428254 0.963117 0.168254 0.062404
7 0.703913 0.154617 0.040206 0.051064
7 0.627198 0.308511 0.045508 0.043957
8 0.176270 0.878936 0.108698 0.145702
8 0.257556 0.871596 0.105651 0.154085
7 0.234079 0.312064 0.038095 0.051064
0 0.428889 0.881723 0.683810 0.202936
4 0.430381 0.421915 0.676444 0.707660
7 0.545714 0.079436 0.047619 0.036872
7 0.466349 0.663117 0.041270 0.058149
8 0.342056 0.876319 0.121222 0.148851
8 0.432341 0.836489 0.065762 0.088043
8 0.493333 0.865309 0.101746 0.135213
8 0.582127 0.850106 0.113397 0.125787
8 0.662675 0.868457 0.094619 0.133128
7 0.391214 0.593617 0.049730 0.041149
1 0.050381 0.427394 0.079365 0.722021
7 0.150476 0.255319 0.038095 0.053915
7 0.310270 0.675883 0.038095 0.049638
9 0.062063 0.494766 0.030571 0.054511
9 0.060492 0.353255 0.030571 0.052426
