7 0.663754 0.336319 0.046460 0.059574
11 0.026667 0.430638 0.044444 0.165957
3 0.890738 0.176734 0.185286 0.188660
2 0.437881 0.031340 0.140746 0.059574
9 0.060603 0.672447 0.034317 0.054809
10 0.434659 0.961840 0.119476 0.056745
9 0.064881 0.544340 0.029571 0.050979
9 0.059643 0.430266 0.030524 0.062447
9 0.059698 0.297723 0.034222 0.049702
7 0.213016 0.489500 0.063492 0.045383
7 0.438357 0.084532 0.052810 0.055319
9 0.058746 0.160702 0.038032 0.081574
9 0.066778 0.798628 0.035270 0.047170
8 0.177079 0.873181 0.115143 0.114702
4 0.438992 0.430830 0.695984 0.733872
8 0.404817 0.871915 0.091381 0.099404
8 0.626365 0.864266 0.097079 0.096872
0 0.438817 0.893085 0.696016 0.187234
1 0.051246 0.433500 0.074079 0.743255
