1 0.057841 0.425947 0.089841 0.716574
4 0.435857 0.418777 0.658444 0.707638
11 0.026190 0.420702 0.037143 0.131915
9 0.065873 0.076574 0.042794 0.048426
9 0.073913 0.223149 0.028619 0.048426
9 0.073913 0.362713 0.028619 0.065000
9 0.077246 0.490819 0.031476 0.040787
9 0.077238 0.632287 0.035270 0.048447
9 0.081516 0.771213 0.024810 0.030596
8 0.523246 0.857255 0.088429 0.141489
8 0.603127 0.843234 0.059905 0.100681
8 0.666833 0.854702 0.088429 0.123617
8 0.111516 0.856617 0.094143 0.117277
8 0.179508 0.854702 0.083683 0.128723
8 0.246548 0.862351 0.109349 0.136362
8 0.316905 0.862351 0.094127 0.141468
8 0.396778 0.850245 0.063714 0.086660
3 0.881794 0.307947 0.203175 0.453894
8 0.467619 0.835585 0.066571 0.105809
7 0.161111 0.443404 0.046667 0.043957
7 0.232008 0.505819 0.040111 0.049638
7 0.300262 0.680287 0.045603 0.061000
7 0.364865 0.715745 0.032810 0.046809
7 0.433595 0.165394 0.032905 0.041128
7 0.504500 0.373191 0.036937 0.045404
7 0.570159 0.248372 0.047619 0.045383
7 0.641008 0.087383 0.043286 0.038298
7 0.706087 0.680287 0.033762 0.052489
10 0.434175 0.957585 0.107937 0.056745
2 0.428889 0.034894 0.126984 0.060979
0 0.418254 0.875883 0.696190 0.198574
