7 0.296558 0.082691 0.045580 0.048234
7 0.173084 0.238723 0.050874 0.059574
9 0.064507 0.768351 0.028283 0.035638
9 0.061025 0.154096 0.022719 0.039851
9 0.060978 0.307660 0.027488 0.032511
9 0.064905 0.458606 0.032194 0.047170
1 0.048553 0.422330 0.082989 0.719553
2 0.429571 0.032128 0.233164 0.064255
8 0.638665 0.867415 0.148808 0.156191
8 0.511781 0.848543 0.101812 0.112149
8 0.380588 0.830723 0.086932 0.076511
3 0.881614 0.220287 0.208792 0.275170
8 0.251351 0.854830 0.118283 0.137319
8 0.128768 0.854309 0.090859 0.121596
0 0.423474 0.884362 0.681510 0.216596
11 0.021884 0.414617 0.043768 0.246809
4 0.425588 0.417202 0.673593 0.708702
9 0.063331 0.613734 0.029046 0.055553
10 0.427448 0.965457 0.167456 0.069085
7 0.680238 0.299723 0.047695 0.051064
7 0.555692 0.620277 0.044515 0.051064
7 0.427981 0.599011 0.039205 0.062404
