9 0.058983 0.087479 0.043370 0.074830
7 0.173672 0.079745 0.047250 0.038213
9 0.055556 0.177574 0.054769 0.068723
9 0.065254 0.360064 0.042210 0.051915
9 0.064682 0.273787 0.034229 0.068723
9 0.065254 0.445574 0.035374 0.094681
9 0.063545 0.537202 0.029666 0.070234
9 0.064110 0.628064 0.035374 0.068723
9 0.065262 0.705947 0.039936 0.062617
9 0.066963 0.786117 0.029666 0.051936
8 0.666017 0.868585 0.116391 0.113000
7 0.305095 0.674543 0.038394 0.039511
7 0.438474 0.351787 0.045278 0.042170
7 0.568903 0.423585 0.042321 0.040830
7 0.702289 0.142979 0.053164 0.046128
10 0.433545 0.963713 0.141749 0.046106
3 0.890302 0.217415 0.188998 0.274021
2 0.435032 0.032979 0.180143 0.063234
11 0.023068 0.422926 0.043307 0.237128
8 0.541645 0.863223 0.086725 0.099255
8 0.396161 0.863989 0.085580 0.113000
8 0.132583 0.879266 0.103831 0.137426
8 0.268935 0.853309 0.086709 0.103851
4 0.438315 0.429043 0.693164 0.726170
1 0.046264 0.431489 0.092528 0.765404
0 0.435978 0.896915 0.707695 0.206170
