0 0.417019 0.884489 0.708728 0.201404
8 0.523919 0.838053 0.063450 0.101681
1 0.046256 0.426011 0.084690 0.723936
9 0.063720 0.777266 0.022003 0.055553
2 0.431264 0.033330 0.237409 0.066660
3 0.885429 0.287234 0.202432 0.407106
11 0.021677 0.419862 0.043355 0.192915
10 0.430207 0.961000 0.137774 0.055319
7 0.706836 0.448223 0.057234 0.056745
7 0.627878 0.101415 0.045580 0.043979
7 0.545207 0.545394 0.043450 0.058149
7 0.469420 0.521989 0.052989 0.056745
7 0.394173 0.189362 0.046630 0.075191
9 0.058283 0.212277 0.034467 0.036681
8 0.101749 0.864266 0.097901 0.122660
8 0.183601 0.860596 0.090859 0.121574
8 0.264277 0.876851 0.095548 0.145702
7 0.309380 0.092202 0.048744 0.062404
7 0.228824 0.444681 0.050874 0.052468
7 0.153577 0.080851 0.048744 0.039702
8 0.663728 0.867936 0.114356 0.167702
8 0.345342 0.863745 0.091638 0.132085
8 0.415048 0.865319 0.116709 0.131021
9 0.058243 0.637319 0.037663 0.048213
9 0.066463 0.494245 0.030636 0.061851
9 0.060588 0.360074 0.034531 0.057638
8 0.574825 0.861117 0.112003 0.147809
4 0.432631 0.421915 0.678299 0.718128
