7 0.416159 0.377340 0.051111 0.043489
2 0.420579 0.034819 0.175921 0.059298
3 0.865794 0.215968 0.240794 0.276660
11 0.024008 0.401064 0.039317 0.159404
10 0.416643 0.962926 0.111063 0.050064
7 0.656452 0.078957 0.042270 0.036894
7 0.536556 0.472191 0.044222 0.040851
7 0.297730 0.574287 0.046190 0.044787
7 0.182246 0.623691 0.039317 0.040830
9 0.069833 0.361415 0.031952 0.061170
9 0.070405 0.489128 0.035381 0.062723
9 0.072683 0.617606 0.033079 0.038234
4 0.419040 0.405149 0.627952 0.680383
9 0.078960 0.737670 0.038810 0.036702
8 0.614675 0.832415 0.110683 0.137809
1 0.057492 0.408809 0.093365 0.687745
0 0.409183 0.865223 0.645698 0.231851
8 0.510278 0.809479 0.089000 0.088872
8 0.357944 0.846191 0.154048 0.202043
8 0.266087 0.825543 0.093571 0.121000
8 0.138865 0.836245 0.106111 0.133213
9 0.069262 0.094532 0.049063 0.053532
9 0.069262 0.217649 0.042206 0.036702
