9 0.060492 0.531447 0.041524 0.039830
9 0.060103 0.607457 0.039190 0.047170
9 0.062444 0.698117 0.032921 0.050319
9 0.069484 0.769404 0.023540 0.060809
7 0.546770 0.141840 0.039159 0.048234
8 0.265810 0.851681 0.089143 0.112170
8 0.351833 0.853787 0.098524 0.107957
8 0.424556 0.870032 0.115746 0.144660
8 0.515659 0.849585 0.068048 0.101681
8 0.593865 0.842255 0.064905 0.099574
8 0.683794 0.848011 0.086794 0.104830
9 0.064016 0.436596 0.032921 0.042979
1 0.047556 0.426032 0.082540 0.726957
9 0.062063 0.359543 0.029016 0.050319
9 0.059325 0.273596 0.034492 0.041915
9 0.061667 0.188160 0.031365 0.040872
9 0.061317 0.101160 0.039873 0.030404
8 0.112929 0.852734 0.075857 0.095383
4 0.431167 0.420340 0.676429 0.714979
2 0.420849 0.029787 0.223286 0.059574
3 0.884865 0.286521 0.201063 0.402830
11 0.024016 0.416319 0.041270 0.182979
10 0.426667 0.963117 0.139683 0.056745
7 0.705500 0.400713 0.037032 0.049638
7 0.625603 0.127660 0.038095 0.051064
8 0.181349 0.874223 0.100095 0.155128
7 0.470056 0.417021 0.048683 0.039702
7 0.386460 0.271628 0.038095 0.052489
7 0.309206 0.079436 0.046571 0.036872
7 0.233540 0.698585 0.028571 0.052489
7 0.151532 0.169500 0.035984 0.049638
0 0.427310 0.881766 0.683794 0.202000
