8 0.587281 0.856351 0.082162 0.113000
8 0.658601 0.849489 0.085564 0.108426
7 0.629467 0.570638 0.040270 0.053915
7 0.286057 0.081277 0.044515 0.036894
7 0.356010 0.542979 0.044515 0.049660
2 0.419459 0.033872 0.136089 0.067745
3 0.879237 0.304340 0.221304 0.456170
11 0.019269 0.413277 0.038537 0.268936
10 0.421518 0.967489 0.134515 0.065021
7 0.697297 0.668511 0.046645 0.059574
9 0.069825 0.773894 0.030811 0.042766
9 0.061264 0.625777 0.038808 0.048872
7 0.422790 0.108936 0.048760 0.038298
7 0.149865 0.143691 0.051940 0.056745
0 0.415167 0.879404 0.726041 0.213957
4 0.425580 0.416681 0.665755 0.707660
1 0.052146 0.419372 0.079237 0.711085
7 0.491677 0.706809 0.040270 0.056723
7 0.562162 0.344394 0.041335 0.041128
7 0.220882 0.304681 0.043450 0.043957
9 0.060119 0.483000 0.031940 0.053447
9 0.063545 0.332585 0.029666 0.058021
9 0.062981 0.182926 0.035374 0.045809
8 0.098347 0.848723 0.103847 0.131319
8 0.166812 0.853309 0.103831 0.125213
8 0.247822 0.829638 0.069603 0.093149
8 0.320851 0.845670 0.071876 0.113000
8 0.369921 0.858649 0.099269 0.157298
8 0.466335 0.820479 0.043355 0.083979
8 0.500564 0.860181 0.111812 0.151170
