0 0.420397 0.889777 0.699523 0.212064
2 0.428299 0.033330 0.185469 0.062404
3 0.886169 0.237585 0.202448 0.326234
4 0.432631 0.420340 0.679857 0.712894
1 0.047417 0.425936 0.085421 0.723404
9 0.062194 0.097489 0.031320 0.039830
9 0.060199 0.178213 0.035310 0.031447
9 0.061804 0.272543 0.033688 0.046106
9 0.063331 0.353787 0.029046 0.049277
9 0.059849 0.438170 0.042305 0.046128
9 0.057854 0.528309 0.041590 0.041936
9 0.061017 0.612691 0.033672 0.049255
9 0.056669 0.693926 0.029841 0.037723
9 0.070032 0.777787 0.021940 0.046128
8 0.116200 0.861649 0.095644 0.129979
8 0.224722 0.855883 0.093196 0.110064
8 0.327719 0.864787 0.103386 0.134170
8 0.431884 0.864787 0.108092 0.123702
8 0.554467 0.847500 0.088521 0.101681
8 0.662162 0.844351 0.092432 0.101681
11 0.021518 0.431915 0.043037 0.178723
10 0.437838 0.963479 0.147313 0.073043
7 0.698569 0.529787 0.051924 0.048213
7 0.592576 0.436170 0.047695 0.051064
7 0.483410 0.604255 0.049809 0.046809
7 0.377949 0.708511 0.044515 0.051064
7 0.270382 0.079436 0.041335 0.043979
7 0.165445 0.226957 0.045580 0.046809
