4 0.431455 0.422447 0.679857 0.714979
3 0.886280 0.307947 0.200318 0.452489
11 0.028831 0.421426 0.045580 0.208511
9 0.065827 0.275309 0.043355 0.047340
9 0.062973 0.149330 0.023975 0.058021
8 0.121169 0.838798 0.042210 0.080915
7 0.147003 0.351915 0.033911 0.046809
7 0.220135 0.370351 0.042401 0.061000
7 0.290095 0.453330 0.038156 0.056745
7 0.362162 0.543404 0.038156 0.043957
7 0.432647 0.156883 0.051940 0.045383
7 0.500477 0.363266 0.041335 0.052489
7 0.571494 0.173191 0.047695 0.052468
7 0.642504 0.082415 0.039221 0.041128
7 0.710859 0.632053 0.044515 0.036872
10 0.434762 0.964681 0.157917 0.055319
8 0.664308 0.867053 0.092432 0.137426
8 0.594706 0.860181 0.090143 0.099255
8 0.519960 0.858649 0.073021 0.114532
8 0.445795 0.865521 0.098140 0.134362
8 0.386455 0.858649 0.088998 0.114532
8 0.313434 0.849489 0.073037 0.117574
8 0.252965 0.856351 0.075310 0.113000
8 0.179364 0.854830 0.062766 0.125234
0 0.431073 0.882596 0.685739 0.200000
1 0.049952 0.426351 0.080541 0.722489
9 0.074388 0.812074 0.033100 0.128277
9 0.061828 0.654021 0.028521 0.044298
9 0.065262 0.534149 0.030811 0.064128
2 0.428935 0.033479 0.190779 0.062404
9 0.063545 0.402064 0.027377 0.056511
