9 0.061765 0.479043 0.032178 0.041915
10 0.426709 0.960287 0.169571 0.061000
11 0.022043 0.414894 0.044086 0.190085
3 0.876105 0.197872 0.222576 0.229787
2 0.420882 0.032266 0.208792 0.064532
8 0.606518 0.865319 0.145755 0.139404
8 0.469833 0.835436 0.066661 0.090149
8 0.289300 0.860074 0.108172 0.151979
8 0.120548 0.862691 0.126089 0.138362
9 0.072345 0.759968 0.017313 0.052404
9 0.056677 0.615840 0.037679 0.072319
9 0.058633 0.328628 0.036884 0.053468
9 0.056669 0.191309 0.040811 0.034574
7 0.186121 0.568085 0.038156 0.059574
7 0.341924 0.095745 0.044515 0.053915
7 0.504610 0.217021 0.054054 0.046809
7 0.663593 0.085106 0.049825 0.046809
0 0.420350 0.874436 0.676216 0.213681
1 0.047671 0.420298 0.084372 0.716298
4 0.425580 0.413532 0.665755 0.701362
