9 0.059365 0.120553 0.046921 0.025149
4 0.437024 0.430309 0.695984 0.728617
7 0.190587 0.582691 0.053968 0.049638
7 0.357254 0.404681 0.044444 0.059574
7 0.518627 0.080564 0.049730 0.043979
7 0.686349 0.551489 0.052921 0.043957
10 0.432381 0.966170 0.154508 0.067660
11 0.022008 0.433766 0.044016 0.200000
3 0.891111 0.191915 0.187302 0.229787
2 0.436611 0.032840 0.099476 0.065681
1 0.045754 0.433202 0.082111 0.741723
0 0.439294 0.896394 0.694746 0.196745
8 0.646643 0.868979 0.084460 0.127872
8 0.479690 0.888894 0.104016 0.148851
8 0.309214 0.882606 0.116524 0.140447
8 0.151635 0.866362 0.078190 0.097489
9 0.069881 0.792457 0.032143 0.052404
9 0.062103 0.674011 0.041444 0.041936
9 0.053849 0.571287 0.039190 0.039851
9 0.059706 0.460702 0.032143 0.051362
9 0.063619 0.342777 0.035270 0.041936
9 0.057405 0.229053 0.027381 0.047170
