7 0.432218 0.142234 0.045580 0.048298
7 0.560994 0.616021 0.042401 0.051064
7 0.685008 0.084117 0.057234 0.048234
10 0.438052 0.969011 0.201383 0.061979
11 0.019769 0.425957 0.039539 0.170213
3 0.885326 0.216021 0.209857 0.280851
9 0.066463 0.177681 0.040016 0.034596
9 0.062154 0.264160 0.036105 0.069170
1 0.044126 0.428064 0.085103 0.726340
0 0.429372 0.883777 0.681161 0.201000
8 0.651590 0.870032 0.115135 0.123681
8 0.265843 0.850117 0.090859 0.096447
8 0.130731 0.857979 0.094785 0.120553
9 0.062941 0.778309 0.054913 0.047170
8 0.378625 0.870553 0.122178 0.158298
4 0.429499 0.420862 0.681415 0.713936
2 0.429571 0.030713 0.152623 0.061426
9 0.061025 0.603255 0.046216 0.053447
9 0.060238 0.694457 0.033672 0.032489
8 0.515302 0.864266 0.101033 0.143596
9 0.062202 0.351160 0.032893 0.050319
9 0.059022 0.437638 0.025135 0.059745
9 0.057496 0.091734 0.039157 0.040872
9 0.061017 0.525691 0.032114 0.030404
7 0.172019 0.579851 0.055103 0.063830
7 0.303975 0.340138 0.047695 0.043979
