9 0.061256 0.634181 0.029666 0.047340
8 0.647194 0.859415 0.103831 0.113000
8 0.473180 0.871628 0.109539 0.122149
8 0.319706 0.844915 0.083291 0.080936
8 0.145127 0.867043 0.103831 0.106894
9 0.057273 0.197436 0.033084 0.074830
9 0.060119 0.346319 0.036518 0.039702
9 0.059555 0.498266 0.030811 0.056489
7 0.185986 0.275777 0.036423 0.047426
7 0.350366 0.231638 0.048235 0.043489
7 0.517719 0.394989 0.042337 0.046106
7 0.681129 0.075532 0.046264 0.036894
10 0.431582 0.965426 0.100397 0.046128
0 0.436995 0.886404 0.695962 0.191021
1 0.049825 0.433851 0.076789 0.737745
4 0.436153 0.427160 0.687695 0.722319
9 0.070397 0.783830 0.029666 0.050383
2 0.432075 0.032713 0.125008 0.056660
3 0.890302 0.193436 0.194913 0.230532
11 0.026971 0.426606 0.035501 0.241085
