7 0.383060 0.563830 0.044149 0.039021
7 0.537186 0.225170 0.048585 0.042553
7 0.458577 0.429670 0.048569 0.052021
7 0.617122 0.189128 0.051224 0.043745
7 0.695906 0.080138 0.042401 0.035468
11 0.421661 0.961340 0.149269 0.048468
11 0.024642 0.414660 0.044165 0.191489
3 0.876081 0.287000 0.220811 0.408979
2 0.421590 0.035745 0.187981 0.045957
9 0.057838 0.369234 0.031955 0.067191
9 0.058983 0.273787 0.029666 0.074809
9 0.060692 0.205830 0.035374 0.067191
9 0.063545 0.114968 0.038792 0.059553
8 0.642631 0.848723 0.085580 0.119106
8 0.105199 0.858649 0.090143 0.142021
8 0.578164 0.831160 0.075310 0.102319
8 0.169658 0.862468 0.114102 0.143532
8 0.254674 0.852543 0.090143 0.126745
1 0.048521 0.420809 0.080382 0.716298
0 0.411399 0.869574 0.678315 0.209234
9 0.061836 0.605160 0.033084 0.056489
9 0.060692 0.515830 0.033084 0.039702
8 0.323140 0.862468 0.115246 0.155745
4 0.423235 0.412489 0.664976 0.695064
9 0.057266 0.435649 0.037647 0.044277
8 0.413847 0.836511 0.088998 0.122170
8 0.496002 0.841085 0.084436 0.109957
9 0.056129 0.681511 0.023959 0.053447
9 0.065851 0.764000 0.034277 0.044340
7 0.227607 0.571511 0.045930 0.042553
7 0.149889 0.497638 0.047695 0.046085
7 0.307544 0.684989 0.034452 0.044915
