9 0.065190 0.632606 0.041524 0.059766
7 0.165929 0.652479 0.052905 0.052489
1 0.049151 0.433021 0.080429 0.740426
0 0.431794 0.890979 0.714286 0.190766
2 0.443175 0.032979 0.192603 0.065957
3 0.892381 0.239011 0.180952 0.320574
11 0.021056 0.434755 0.042111 0.167383
10 0.443175 0.968085 0.175651 0.062426
4 0.439762 0.429787 0.695206 0.729660
7 0.712492 0.196457 0.060317 0.056745
7 0.599262 0.357447 0.049730 0.046809
9 0.065190 0.800851 0.024317 0.039830
9 0.061706 0.487436 0.039095 0.050319
9 0.062841 0.325479 0.036825 0.059766
9 0.056238 0.177160 0.034413 0.046106
8 0.120714 0.885234 0.099397 0.131021
8 0.246222 0.862691 0.075143 0.109000
8 0.331103 0.883649 0.100873 0.129979
8 0.461270 0.881564 0.068889 0.146745
8 0.555937 0.863745 0.070381 0.134170
8 0.681056 0.861649 0.092270 0.106915
7 0.496087 0.087234 0.052905 0.042553
7 0.382857 0.149649 0.044444 0.045383
7 0.273333 0.363830 0.049746 0.056723
