8 0.642579 0.852160 0.091286 0.121085
9 0.062508 0.198298 0.041937 0.049702
9 0.062976 0.347426 0.029571 0.047149
9 0.060119 0.491447 0.029571 0.052255
9 0.062024 0.632926 0.027667 0.042064
9 0.069635 0.769947 0.023873 0.040787
8 0.137190 0.870628 0.115048 0.122362
8 0.312635 0.838777 0.081778 0.086660
8 0.462865 0.852787 0.095095 0.107064
4 0.429206 0.420872 0.679556 0.711830
1 0.045540 0.427755 0.086889 0.725298
3 0.882222 0.195181 0.200000 0.231213
7 0.347881 0.085957 0.058302 0.041149
7 0.511317 0.224255 0.044444 0.068085
7 0.674286 0.409362 0.044444 0.060979
10 0.431532 0.959713 0.140746 0.052489
0 0.427167 0.880160 0.690746 0.196277
11 0.026770 0.424255 0.048683 0.207106
2 0.430421 0.033404 0.191635 0.066809
7 0.182802 0.480989 0.055984 0.053894
