8 0.501151 0.851543 0.107254 0.130149
8 0.627238 0.862245 0.160889 0.169936
11 0.026468 0.416862 0.034397 0.164660
1 0.058881 0.417138 0.091413 0.712149
0 0.419754 0.872585 0.661444 0.210787
10 0.429429 0.960947 0.120889 0.046106
7 0.674143 0.493277 0.052095 0.067191
4 0.430381 0.415628 0.647492 0.695085
2 0.428444 0.034160 0.140540 0.052702
9 0.070968 0.084585 0.057048 0.042830
8 0.130873 0.847723 0.099270 0.122511
9 0.080667 0.766734 0.037651 0.039766
7 0.183230 0.138894 0.039317 0.035574
7 0.307063 0.412915 0.049143 0.040851
7 0.427952 0.321351 0.047175 0.042149
7 0.553754 0.083564 0.062905 0.051383
3 0.874643 0.218596 0.225063 0.279277
9 0.067548 0.217638 0.045635 0.052000
9 0.070405 0.356830 0.044492 0.052000
9 0.072111 0.485309 0.041079 0.039766
9 0.073825 0.623734 0.028540 0.041298
8 0.264952 0.829372 0.098127 0.113340
8 0.384190 0.846957 0.115238 0.114851
