9 0.052714 0.213064 0.041079 0.058128
9 0.055571 0.129702 0.058190 0.032128
8 0.524540 0.840074 0.103841 0.140872
8 0.438389 0.840840 0.116397 0.166872
2 0.413230 0.032053 0.188365 0.064106
3 0.865056 0.263372 0.239095 0.367298
9 0.058992 0.361415 0.044492 0.036702
7 0.236508 0.082553 0.048667 0.036894
7 0.149206 0.251340 0.037048 0.051064
0 0.399190 0.867330 0.670889 0.242277
1 0.046484 0.409500 0.082016 0.690787
7 0.411643 0.479011 0.045508 0.049638
7 0.325929 0.379000 0.043381 0.051064
11 0.022484 0.409500 0.044968 0.185809
10 0.412167 0.966809 0.154492 0.066383
7 0.581484 0.143553 0.042333 0.042553
7 0.500000 0.583255 0.042317 0.051064
8 0.347683 0.856128 0.122095 0.182170
8 0.635222 0.833947 0.081016 0.131681
8 0.110913 0.827064 0.086714 0.127106
8 0.190214 0.837011 0.103825 0.143936
8 0.271802 0.837777 0.093571 0.154617
4 0.413571 0.406191 0.642032 0.680383
9 0.060127 0.442479 0.039937 0.042830
9 0.057857 0.517426 0.037651 0.039787
9 0.060127 0.591606 0.039937 0.035170
9 0.061849 0.670372 0.031952 0.030574
9 0.062413 0.284947 0.039937 0.039766
