3 0.898768 0.178809 0.180143 0.187064
2 0.447925 0.033245 0.180143 0.048745
4 0.451820 0.436074 0.695533 0.740149
7 0.450382 0.083957 0.051192 0.034255
10 0.451367 0.963319 0.120095 0.051362
8 0.072671 0.657840 0.047917 0.054957
0 0.448903 0.894479 0.688076 0.171255
8 0.066399 0.080617 0.062750 0.058043
9 0.663164 0.857894 0.071892 0.082468
9 0.417846 0.874681 0.094706 0.122170
9 0.183355 0.880787 0.111828 0.134383
7 0.228903 0.668223 0.047250 0.038191
8 0.072679 0.369234 0.045644 0.051915
8 0.072671 0.512011 0.038792 0.035128
8 0.068108 0.227979 0.050207 0.044298
8 0.074960 0.806723 0.041081 0.068723
1 0.057393 0.432681 0.092528 0.768043
7 0.678267 0.495649 0.044293 0.040830
11 0.025127 0.439649 0.033466 0.171255
