9 0.065827 0.784585 0.041065 0.064149
9 0.061836 0.546362 0.042210 0.064128
9 0.062409 0.712053 0.043355 0.050404
9 0.064118 0.639521 0.042226 0.073298
7 0.236359 0.242904 0.036216 0.039000
7 0.316288 0.478723 0.037091 0.033106
7 0.399706 0.711585 0.025707 0.030745
7 0.477472 0.436170 0.039746 0.035447
7 0.636900 0.388298 0.040636 0.034298
7 0.556534 0.722223 0.031797 0.030745
1 0.045087 0.441106 0.090175 0.754809
7 0.718164 0.081564 0.033561 0.030745
3 0.891280 0.284872 0.192544 0.411362
2 0.437727 0.036638 0.099809 0.047277
9 0.060692 0.462383 0.030795 0.051915
9 0.062401 0.380681 0.031955 0.062596
9 0.058410 0.302798 0.037647 0.050404
9 0.062973 0.230266 0.030811 0.058021
9 0.061828 0.143223 0.039936 0.064149
8 0.105199 0.880798 0.090143 0.140489
8 0.197043 0.873160 0.068458 0.122149
8 0.270072 0.875447 0.086725 0.148128
8 0.356224 0.875447 0.071876 0.148128
11 0.026582 0.433809 0.031797 0.158383
10 0.440819 0.963947 0.097154 0.039000
7 0.154650 0.173170 0.030032 0.031915
4 0.435930 0.428085 0.691256 0.725532
0 0.424046 0.894745 0.726025 0.210511
8 0.431534 0.881564 0.085580 0.126745
8 0.514261 0.884606 0.077583 0.129809
8 0.599269 0.882319 0.087854 0.134383
8 0.679141 0.883851 0.069603 0.131319
