8 0.571738 0.862989 0.094143 0.132574
7 0.547405 0.682415 0.042333 0.039723
7 0.626722 0.095894 0.046460 0.055319
7 0.705024 0.081702 0.061476 0.043957
10 0.432008 0.961840 0.135349 0.053894
11 0.024603 0.414330 0.040317 0.241128
7 0.164333 0.610074 0.044444 0.056745
7 0.240524 0.434181 0.050794 0.036872
7 0.318833 0.716457 0.035984 0.048234
3 0.880159 0.285957 0.210476 0.415617
8 0.351619 0.847053 0.077968 0.115979
8 0.428159 0.840053 0.086540 0.089213
8 0.510405 0.853426 0.070365 0.108340
8 0.654944 0.852149 0.087476 0.103234
8 0.288381 0.832394 0.052286 0.063723
8 0.189016 0.863617 0.108413 0.133830
8 0.114373 0.866819 0.090333 0.124915
1 0.053405 0.424117 0.097254 0.721851
9 0.068730 0.090596 0.044698 0.056085
0 0.422056 0.880777 0.694587 0.208234
4 0.437032 0.419298 0.660794 0.712894
2 0.435714 0.032766 0.146984 0.056723
9 0.073913 0.225702 0.024810 0.050979
9 0.072063 0.361447 0.041841 0.034426
9 0.075341 0.502287 0.029571 0.048447
9 0.075817 0.638021 0.030524 0.049702
9 0.080087 0.775043 0.027667 0.030596
7 0.393913 0.279574 0.052810 0.059574
7 0.473333 0.177447 0.050794 0.048213
