3 0.878005 0.172628 0.218331 0.185809
10 0.422258 0.963968 0.116598 0.072064
7 0.639006 0.349223 0.045580 0.048234
7 0.416955 0.149926 0.046630 0.052489
7 0.208164 0.081128 0.055119 0.042553
9 0.065262 0.770851 0.030811 0.051915
9 0.067544 0.675404 0.023959 0.065660
9 0.060119 0.583777 0.031940 0.056489
9 0.060692 0.495213 0.030795 0.050383
9 0.064682 0.406649 0.034229 0.032064
9 0.060119 0.319596 0.036518 0.041234
9 0.060692 0.224160 0.030795 0.045809
9 0.062401 0.135585 0.041081 0.033596
8 0.607250 0.856362 0.101558 0.137447
8 0.360787 0.869340 0.122083 0.157277
8 0.151979 0.865521 0.117536 0.155766
4 0.422456 0.416734 0.662623 0.701255
0 0.421725 0.884202 0.666661 0.229511
1 0.046518 0.417670 0.085215 0.709213
2 0.421192 0.032053 0.139905 0.064106
11 0.021407 0.414468 0.042814 0.136170
