8 0.498802 0.828106 0.070460 0.119489
8 0.634881 0.841723 0.106429 0.142553
7 0.210373 0.080138 0.048683 0.036872
9 0.058937 0.103255 0.029016 0.040894
9 0.062881 0.187638 0.043000 0.062894
9 0.062841 0.267830 0.043079 0.034596
9 0.064016 0.345915 0.039175 0.039830
9 0.061667 0.425585 0.034476 0.046106
9 0.060500 0.505777 0.032143 0.057638
9 0.059357 0.584383 0.048492 0.059745
9 0.055841 0.670872 0.030508 0.033532
9 0.067143 0.745819 0.017270 0.032489
8 0.096857 0.835968 0.092349 0.126830
8 0.157071 0.836489 0.106429 0.159319
8 0.220413 0.839628 0.108000 0.169809
7 0.344762 0.207096 0.040222 0.052489
7 0.411429 0.368085 0.042317 0.048213
0 0.389183 0.864979 0.682175 0.238553
1 0.044841 0.411372 0.086571 0.700702
4 0.412397 0.403574 0.640476 0.679362
7 0.279151 0.531202 0.042333 0.053894
7 0.143175 0.168085 0.037048 0.042553
2 0.410365 0.032266 0.203175 0.064532
3 0.866984 0.308511 0.240222 0.453915
11 0.024651 0.414894 0.047619 0.190085
10 0.406135 0.963830 0.131222 0.068085
7 0.677571 0.213468 0.034921 0.051064
7 0.610365 0.330500 0.038095 0.043979
7 0.546349 0.413479 0.043397 0.039723
7 0.474921 0.525532 0.040222 0.042553
8 0.316603 0.812894 0.056381 0.091191
8 0.379556 0.807670 0.066540 0.110064
8 0.422167 0.849064 0.118937 0.174000
8 0.579357 0.819723 0.075159 0.102723
