7 0.565024 0.446096 0.041335 0.048234
7 0.635501 0.460287 0.044515 0.048234
7 0.701749 0.670926 0.043466 0.052489
10 0.428824 0.964543 0.165342 0.066660
11 0.022043 0.421277 0.044086 0.160298
3 0.879285 0.305681 0.209857 0.459574
2 0.428831 0.031564 0.205612 0.063128
8 0.506296 0.868979 0.117488 0.132085
8 0.457345 0.846436 0.093196 0.110064
8 0.385286 0.842777 0.071272 0.113213
8 0.317496 0.850117 0.089364 0.096447
8 0.595191 0.856404 0.088506 0.104809
8 0.659809 0.854298 0.093990 0.117404
4 0.425978 0.417202 0.675930 0.706617
9 0.054722 0.194968 0.052560 0.067085
9 0.059420 0.769404 0.038458 0.048213
9 0.059452 0.624745 0.041510 0.041915
9 0.060199 0.476947 0.024372 0.035638
9 0.062544 0.337532 0.035326 0.046128
8 0.098219 0.862691 0.087727 0.127894
8 0.165199 0.856926 0.115135 0.131043
1 0.046097 0.423213 0.084372 0.717489
0 0.411208 0.882064 0.705087 0.214894
8 0.235684 0.863734 0.104181 0.136277
7 0.145310 0.278723 0.041335 0.045404
7 0.215262 0.276596 0.039205 0.043957
7 0.286272 0.082979 0.026502 0.048213
7 0.355167 0.680138 0.041335 0.045383
7 0.423529 0.485106 0.029666 0.049660
7 0.495072 0.536872 0.047695 0.034043
