7 0.473762 0.406383 0.034921 0.046809
0 0.423492 0.871426 0.662444 0.212766
1 0.045421 0.418191 0.083603 0.709234
7 0.161063 0.331915 0.031746 0.048213
7 0.266881 0.196447 0.035984 0.063830
2 0.418198 0.031202 0.194714 0.062404
8 0.546897 0.837011 0.066556 0.107979
8 0.129698 0.842255 0.067333 0.103787
9 0.058579 0.622649 0.032841 0.058702
9 0.062103 0.494245 0.035190 0.057638
9 0.061667 0.339628 0.039175 0.060787
9 0.062484 0.202840 0.037540 0.053468
9 0.075357 0.766777 0.027444 0.055553
8 0.630968 0.874745 0.125206 0.160383
8 0.415135 0.865309 0.104873 0.147809
8 0.243873 0.819713 0.042317 0.067085
4 0.419825 0.413532 0.660000 0.697149
3 0.873230 0.243255 0.220111 0.319149
8 0.320516 0.850106 0.082968 0.142553
11 0.023492 0.415606 0.042317 0.158872
10 0.422960 0.963830 0.164016 0.049660
7 0.682222 0.435468 0.047619 0.042553
7 0.578524 0.088660 0.041270 0.046809
7 0.367937 0.358862 0.045492 0.053894
