4 0.425588 0.414574 0.664976 0.695064
0 0.408052 0.873351 0.697409 0.209936
1 0.051518 0.422862 0.074197 0.714234
9 0.063935 0.200149 0.032417 0.052170
9 0.062504 0.349043 0.035278 0.052170
9 0.062035 0.486489 0.038124 0.039447
9 0.051574 0.634096 0.045723 0.062362
9 0.062512 0.767713 0.027663 0.029255
8 0.108625 0.849149 0.087583 0.120894
8 0.175183 0.854883 0.110397 0.150149
8 0.255533 0.851702 0.092337 0.138723
8 0.338267 0.859340 0.111351 0.143787
8 0.412432 0.851702 0.098029 0.143787
8 0.491351 0.849160 0.090429 0.123426
8 0.575024 0.850426 0.080922 0.120894
8 0.643967 0.854245 0.095183 0.138702
2 0.421304 0.031351 0.109157 0.062404
3 0.881296 0.284532 0.221510 0.412766
11 0.022258 0.412904 0.044515 0.207085
10 0.421304 0.961851 0.132496 0.051064
7 0.694229 0.132766 0.044515 0.055319
7 0.617385 0.352617 0.045580 0.046809
7 0.537361 0.473904 0.038156 0.053894
7 0.461049 0.083128 0.040286 0.038298
7 0.151033 0.637021 0.041335 0.051064
7 0.227870 0.580989 0.044515 0.052489
7 0.386328 0.183128 0.041335 0.051064
7 0.305246 0.310074 0.044515 0.049638
