8 0.386976 0.846968 0.100175 0.119511
7 0.291643 0.471340 0.052905 0.051064
7 0.421270 0.450064 0.037048 0.059574
7 0.547198 0.247234 0.049730 0.056723
7 0.673119 0.082691 0.051857 0.039723
10 0.420214 0.969713 0.121698 0.060574
11 0.021508 0.410362 0.043016 0.221277
3 0.875762 0.222415 0.222222 0.273766
2 0.415976 0.033543 0.229635 0.067085
4 0.421786 0.413532 0.663921 0.699277
0 0.417563 0.876287 0.675127 0.222277
1 0.049897 0.419255 0.077889 0.712128
8 0.621587 0.850638 0.115810 0.175064
8 0.516794 0.839106 0.057937 0.124723
7 0.175238 0.650777 0.048667 0.052489
8 0.239183 0.856936 0.122079 0.137319
8 0.125405 0.844872 0.090016 0.148851
9 0.069095 0.761021 0.016508 0.048213
9 0.060143 0.629989 0.046921 0.058702
9 0.057016 0.475894 0.035968 0.056596
9 0.057754 0.332298 0.042302 0.062894
9 0.065230 0.182926 0.035190 0.047170
