7 0.459777 0.552191 0.039205 0.051064
9 0.068426 0.760489 0.031415 0.026213
9 0.057067 0.679255 0.035310 0.060809
9 0.058243 0.604830 0.028283 0.050298
9 0.059809 0.535649 0.022003 0.029340
9 0.063728 0.441309 0.034547 0.044021
9 0.059022 0.376319 0.023577 0.046128
9 0.060199 0.290362 0.030636 0.037745
9 0.055501 0.222755 0.043148 0.049255
9 0.066073 0.137330 0.036121 0.029340
8 0.109936 0.843830 0.105024 0.117404
8 0.187520 0.837543 0.083021 0.121596
8 0.240390 0.866883 0.112003 0.150957
8 0.348474 0.827574 0.065024 0.080723
8 0.432281 0.820234 0.054038 0.076511
8 0.476924 0.853255 0.096328 0.140468
8 0.552901 0.857447 0.115151 0.157234
8 0.649245 0.844872 0.099475 0.127872
11 0.022417 0.418160 0.044833 0.265255
10 0.421622 0.964755 0.160032 0.070489
7 0.690835 0.083404 0.058299 0.038298
7 0.615580 0.428798 0.049825 0.048234
7 0.539269 0.651489 0.037107 0.048213
4 0.422846 0.413011 0.663402 0.700319
2 0.417917 0.032840 0.197138 0.065681
3 0.876312 0.284819 0.219396 0.418447
0 0.409618 0.872872 0.695294 0.212340
1 0.049857 0.419404 0.084038 0.710723
7 0.150827 0.342266 0.038156 0.053894
7 0.229253 0.602553 0.036025 0.052468
7 0.306630 0.118872 0.050874 0.046809
7 0.387178 0.288372 0.033911 0.056745
