9 0.058983 0.340213 0.029666 0.054979
2 0.422782 0.037170 0.149444 0.059574
3 0.875358 0.196032 0.223625 0.235468
11 0.024801 0.415181 0.040286 0.177298
10 0.426494 0.964830 0.091145 0.051064
7 0.662321 0.107372 0.054054 0.041128
7 0.506518 0.086064 0.049825 0.035532
7 0.342766 0.461989 0.050874 0.049638
7 0.184841 0.676872 0.029682 0.042553
4 0.422846 0.413532 0.665755 0.699277
1 0.047798 0.418011 0.080556 0.716319
0 0.415366 0.876947 0.681510 0.218447
9 0.061264 0.086713 0.034229 0.033596
9 0.057273 0.173766 0.026248 0.064128
9 0.061828 0.253936 0.030811 0.035106
9 0.060119 0.418096 0.031940 0.042745
9 0.058975 0.503617 0.025103 0.027489
9 0.061264 0.596755 0.036518 0.033596
9 0.060692 0.678457 0.021669 0.047340
9 0.069253 0.768553 0.020541 0.059574
8 0.129157 0.861713 0.117520 0.154234
8 0.313998 0.839564 0.094706 0.109936
8 0.454921 0.838798 0.086725 0.096191
8 0.628362 0.844138 0.075294 0.097723
