7 0.704024 0.488394 0.036365 0.046106
7 0.163960 0.336894 0.033413 0.035574
7 0.240627 0.462713 0.041286 0.039511
7 0.319246 0.361277 0.039317 0.034255
7 0.397873 0.382351 0.041270 0.039511
7 0.472563 0.084617 0.037349 0.034255
7 0.553159 0.629362 0.037333 0.043489
7 0.629817 0.569415 0.043254 0.039511
10 0.437675 0.962660 0.081571 0.046128
11 0.023913 0.415936 0.040302 0.193660
3 0.880437 0.285521 0.206397 0.412362
2 0.436206 0.033904 0.165111 0.054021
4 0.437032 0.418255 0.663143 0.712894
0 0.437389 0.886883 0.732873 0.214319
1 0.056524 0.418213 0.095333 0.727191
