8 0.659658 0.867606 0.115151 0.129809
2 0.432432 0.036989 0.197138 0.056660
3 0.885000 0.309362 0.201383 0.451064
11 0.029682 0.427096 0.044515 0.156021
10 0.434555 0.963968 0.129300 0.052489
7 0.711176 0.579574 0.044515 0.046809
7 0.641224 0.356170 0.044515 0.048213
7 0.569690 0.357585 0.045580 0.048234
7 0.502917 0.533479 0.039221 0.065255
7 0.435079 0.207234 0.030731 0.051064
9 0.079626 0.777255 0.027679 0.035617
9 0.076296 0.643000 0.036216 0.064894
9 0.075342 0.499213 0.028617 0.067447
9 0.073919 0.357319 0.023863 0.038170
9 0.078672 0.226245 0.039094 0.058532
9 0.067790 0.079266 0.039936 0.044532
8 0.118140 0.861883 0.100890 0.118362
8 0.193728 0.864426 0.109459 0.133617
8 0.249833 0.866340 0.096137 0.134894
8 0.331129 0.852277 0.089475 0.111872
8 0.402925 0.859968 0.079014 0.114532
8 0.462822 0.860606 0.092321 0.110702
8 0.534618 0.856149 0.081860 0.122170
8 0.610207 0.837702 0.067599 0.098000
4 0.438498 0.421362 0.661097 0.712936
0 0.418235 0.879085 0.706614 0.195745
1 0.059762 0.423351 0.089030 0.724574
7 0.165342 0.457585 0.038156 0.049638
7 0.230525 0.083128 0.047695 0.038298
7 0.299420 0.583117 0.039221 0.048234
7 0.366725 0.151915 0.044515 0.048213
