9 0.065358 0.765809 0.037170 0.028000
7 0.180183 0.079574 0.048760 0.039702
7 0.344992 0.674617 0.030747 0.046809
7 0.501852 0.279574 0.056169 0.051064
7 0.667727 0.276021 0.046645 0.055319
10 0.423951 0.961138 0.150509 0.052489
11 0.024380 0.409362 0.042401 0.228383
3 0.877583 0.193043 0.214086 0.229787
2 0.425008 0.037021 0.178060 0.062426
4 0.424412 0.415106 0.668887 0.698213
0 0.424404 0.875649 0.666614 0.210830
1 0.046343 0.421319 0.085374 0.716681
8 0.614491 0.854245 0.118013 0.153979
8 0.443331 0.860606 0.125612 0.143809
8 0.314491 0.831968 0.063800 0.086532
8 0.155215 0.845340 0.068553 0.110723
9 0.058752 0.126351 0.035183 0.034362
9 0.060175 0.251702 0.030429 0.040723
9 0.060604 0.379596 0.039078 0.039447
9 0.060604 0.513202 0.031479 0.044532
9 0.057750 0.634096 0.054293 0.049638
