2 0.431367 0.030564 0.190779 0.061128
3 0.882353 0.263968 0.200318 0.363128
11 0.024380 0.424957 0.040270 0.165957
4 0.430676 0.424543 0.679857 0.717085
0 0.419714 0.882479 0.701653 0.201426
1 0.048482 0.427798 0.077313 0.724830
10 0.428196 0.958298 0.112353 0.060979
7 0.705350 0.284532 0.049809 0.055319
7 0.614197 0.486660 0.041335 0.059574
7 0.519873 0.129223 0.041335 0.045383
7 0.431375 0.082415 0.048760 0.045383
7 0.340223 0.456872 0.055103 0.059574
7 0.250127 0.222128 0.057234 0.043957
7 0.156860 0.495170 0.042401 0.042553
