7 0.546730 0.684755 0.031746 0.043723
8 0.354524 0.836245 0.112952 0.139340
8 0.281500 0.849245 0.128937 0.168404
8 0.224444 0.839298 0.106127 0.151574
8 0.168532 0.828596 0.090143 0.127106
8 0.095508 0.833191 0.096984 0.124043
9 0.065841 0.739957 0.019397 0.053532
9 0.062992 0.669606 0.031952 0.035170
9 0.062413 0.587787 0.035365 0.048936
9 0.058992 0.515894 0.026238 0.052000
9 0.060135 0.439426 0.035381 0.033660
9 0.057278 0.356830 0.031952 0.039787
9 0.059563 0.282649 0.031952 0.044362
9 0.060706 0.203117 0.031952 0.035170
9 0.057857 0.135819 0.042222 0.047426
8 0.619810 0.850011 0.120952 0.166872
8 0.563905 0.835479 0.098127 0.134745
8 0.486881 0.840840 0.087857 0.133213
8 0.425270 0.833957 0.103841 0.146979
7 0.142325 0.459723 0.043381 0.038298
7 0.213762 0.182415 0.044444 0.048234
7 0.279889 0.429213 0.034921 0.051064
7 0.346563 0.245564 0.038810 0.035340
7 0.412254 0.318915 0.039683 0.049660
7 0.479722 0.424585 0.026460 0.039000
7 0.612437 0.078372 0.044968 0.022447
7 0.677690 0.376245 0.034397 0.046106
10 0.413508 0.961723 0.122032 0.047617
11 0.024270 0.405319 0.037079 0.218426
3 0.866071 0.308000 0.237857 0.458596
2 0.413889 0.034713 0.149048 0.046574
1 0.052175 0.408947 0.077238 0.689383
0 0.395770 0.861755 0.679603 0.233085
4 0.412786 0.403043 0.642016 0.678298
