2 0.427560 0.032053 0.201383 0.064106
3 0.878005 0.306670 0.220461 0.456745
11 0.023529 0.419426 0.047059 0.225532
10 0.432329 0.968223 0.147329 0.063553
7 0.699944 0.552766 0.046630 0.052468
7 0.634762 0.098160 0.045580 0.045383
7 0.563219 0.207383 0.040270 0.051064
7 0.498569 0.464117 0.036025 0.053894
7 0.433386 0.319436 0.041335 0.053894
7 0.363967 0.090394 0.040270 0.038234
7 0.295072 0.691064 0.029666 0.039702
7 0.229356 0.512340 0.042401 0.039702
7 0.161526 0.215170 0.042385 0.055319
8 0.102909 0.847202 0.106105 0.116064
9 0.077814 0.759394 0.035374 0.056489
9 0.070962 0.637223 0.042210 0.047340
9 0.072671 0.489872 0.038792 0.051915
9 0.074952 0.351670 0.034229 0.071766
9 0.070962 0.220330 0.042210 0.047340
9 0.073816 0.075266 0.061622 0.032064
8 0.263227 0.825819 0.068458 0.082447
0 0.410898 0.872468 0.687870 0.211064
8 0.649467 0.866287 0.096995 0.126745
8 0.573593 0.868574 0.116375 0.152723
8 0.182782 0.845670 0.090143 0.113000
4 0.432242 0.415638 0.652432 0.701362
1 0.052377 0.414574 0.100048 0.727021
8 0.523959 0.834979 0.083307 0.106894
8 0.438378 0.865521 0.117520 0.140489
8 0.395588 0.843383 0.073021 0.108426
8 0.321423 0.842617 0.068474 0.094681
