9 0.054324 0.472234 0.043943 0.042979
8 0.625310 0.859021 0.122258 0.158298
8 0.499205 0.863734 0.103466 0.138362
8 0.393474 0.834915 0.059603 0.105872
8 0.252099 0.863745 0.118347 0.150936
8 0.138132 0.823383 0.054897 0.114255
9 0.059420 0.776734 0.038458 0.044021
9 0.060199 0.631553 0.024372 0.051362
9 0.060986 0.327574 0.040032 0.049277
9 0.060986 0.187117 0.024356 0.059766
7 0.168092 0.484404 0.038156 0.068085
7 0.301113 0.621277 0.043466 0.052468
7 0.426176 0.092904 0.049809 0.039723
7 0.551773 0.360989 0.052989 0.065255
7 0.681614 0.087947 0.039221 0.049638
10 0.428831 0.967021 0.129300 0.065957
11 0.020453 0.421277 0.040906 0.251064
3 0.880342 0.218436 0.214102 0.279426
2 0.420350 0.032266 0.182289 0.064532
1 0.047417 0.422011 0.085421 0.717213
0 0.425644 0.880649 0.674086 0.217723
4 0.427146 0.418255 0.668887 0.704511
