8 0.359262 0.833351 0.107127 0.129979
8 0.292008 0.805564 0.071159 0.087000
8 0.167675 0.855883 0.135286 0.179255
8 0.112929 0.815000 0.083667 0.103787
9 0.063230 0.735862 0.029794 0.035638
9 0.062881 0.594351 0.028937 0.046106
9 0.059714 0.447074 0.030571 0.045085
7 0.415135 0.320564 0.051857 0.058149
7 0.496079 0.514181 0.057143 0.039723
9 0.060929 0.305564 0.026587 0.061851
2 0.411960 0.032979 0.128048 0.065957
7 0.325714 0.412766 0.040222 0.038298
1 0.045095 0.409755 0.085492 0.686319
0 0.410754 0.865574 0.645794 0.239489
4 0.411611 0.405149 0.645159 0.678298
9 0.058929 0.165628 0.039952 0.027255
7 0.583389 0.554606 0.045508 0.052489
7 0.670690 0.080138 0.052905 0.039723
10 0.416190 0.967021 0.164032 0.065957
11 0.022119 0.402128 0.044238 0.173064
3 0.864341 0.259574 0.239159 0.367362
7 0.235238 0.354606 0.049746 0.052489
7 0.155873 0.527660 0.043397 0.049660
8 0.619667 0.843309 0.104000 0.141511
8 0.550849 0.808713 0.064905 0.087000
8 0.469135 0.809234 0.062556 0.077574
