7 0.676630 0.081979 0.050874 0.051064
7 0.512345 0.165670 0.052989 0.056745
0 0.430986 0.886532 0.683625 0.205957
1 0.046518 0.427277 0.085215 0.723064
4 0.431852 0.422447 0.680652 0.712894
9 0.058410 0.264628 0.037647 0.050404
9 0.058410 0.165362 0.035358 0.062596
8 0.628935 0.872394 0.110684 0.138957
8 0.464054 0.870862 0.120954 0.138957
8 0.308871 0.848734 0.114118 0.100787
8 0.155970 0.840330 0.082146 0.099255
9 0.065254 0.789926 0.033084 0.047340
9 0.064110 0.675404 0.035374 0.044298
9 0.061836 0.576149 0.037663 0.050383
9 0.058983 0.468489 0.031955 0.042766
9 0.060692 0.366936 0.026248 0.056511
7 0.347536 0.431638 0.041335 0.055319
7 0.176359 0.191915 0.050874 0.058170
2 0.427560 0.031777 0.137790 0.063553
3 0.883831 0.198298 0.200318 0.226936
11 0.021940 0.424500 0.043879 0.251128
10 0.432854 0.962266 0.180175 0.075468
