9 0.061025 0.633660 0.035246 0.036681
7 0.697194 0.684819 0.045580 0.052489
7 0.565771 0.334468 0.041335 0.052468
7 0.435405 0.162128 0.041335 0.048213
7 0.302917 0.404681 0.039221 0.053915
7 0.174666 0.083404 0.039221 0.043957
8 0.657814 0.861128 0.083895 0.097489
8 0.530930 0.853255 0.091717 0.102723
4 0.437727 0.424543 0.686900 0.725468
8 0.391518 0.871074 0.091717 0.104830
8 0.260318 0.872649 0.105024 0.116362
8 0.146749 0.857968 0.086248 0.126830
9 0.061765 0.170351 0.030620 0.047170
9 0.057456 0.317617 0.039237 0.046128
9 0.060596 0.474851 0.023577 0.037745
2 0.428514 0.032128 0.118712 0.064255
9 0.066073 0.781979 0.026709 0.041915
0 0.437830 0.891457 0.690922 0.202404
1 0.047258 0.432032 0.085103 0.735553
10 0.435397 0.967585 0.126121 0.064830
11 0.024539 0.435883 0.049078 0.139000
3 0.887973 0.218149 0.196073 0.276596
