8 0.113855 0.858064 0.098045 0.133617
10 0.426073 0.959000 0.112337 0.051064
11 0.027560 0.417160 0.042401 0.175894
7 0.337043 0.341989 0.053005 0.045383
0 0.416804 0.874809 0.697393 0.202723
1 0.052091 0.422894 0.075246 0.715149
4 0.427544 0.418255 0.675151 0.706596
3 0.881288 0.266809 0.213037 0.368809
7 0.153148 0.585245 0.054054 0.049638
7 0.246955 0.337723 0.042401 0.051064
2 0.423951 0.034894 0.207742 0.063830
8 0.646391 0.857362 0.096025 0.124851
8 0.577448 0.836362 0.066566 0.082851
8 0.477607 0.847819 0.083672 0.110830
8 0.374865 0.858702 0.108490 0.129787
8 0.299277 0.844064 0.063800 0.098000
8 0.196105 0.859340 0.112305 0.133617
7 0.514046 0.654745 0.052989 0.046809
9 0.058752 0.108532 0.035183 0.044553
9 0.063458 0.195702 0.023863 0.061064
9 0.063935 0.273957 0.034324 0.052170
9 0.062981 0.350957 0.043831 0.043277
9 0.061558 0.436851 0.025755 0.047064
9 0.061558 0.519574 0.029571 0.042000
9 0.058704 0.600372 0.039094 0.038191
9 0.061081 0.685638 0.040032 0.040723
9 0.065358 0.767713 0.027663 0.041979
7 0.603068 0.090245 0.050874 0.049723
7 0.425548 0.672489 0.047695 0.051064
7 0.696343 0.578862 0.046645 0.056745
