7 0.382841 0.311734 0.042254 0.047426
11 0.417238 0.965160 0.140540 0.050064
8 0.130310 0.804128 0.066175 0.090383
11 0.025579 0.407255 0.037349 0.191021
3 0.864905 0.285383 0.239810 0.418936
2 0.416746 0.031138 0.112032 0.050064
8 0.183937 0.830138 0.095841 0.136277
8 0.266095 0.820957 0.084444 0.127106
7 0.602984 0.374968 0.042254 0.044787
7 0.525349 0.128617 0.044222 0.042170
4 0.420603 0.401479 0.626381 0.679340
8 0.331135 0.833957 0.091286 0.143915
7 0.454579 0.219521 0.036365 0.042149
1 0.056635 0.409021 0.094349 0.690809
0 0.419984 0.863000 0.631937 0.234511
7 0.675222 0.101606 0.041270 0.043468
8 0.391040 0.850777 0.128937 0.180617
8 0.480040 0.840074 0.092429 0.156149
7 0.162198 0.079213 0.043254 0.032936
7 0.237873 0.329521 0.041270 0.043468
7 0.309127 0.273532 0.036349 0.039532
8 0.081817 0.739968 0.030810 0.035170
8 0.568468 0.812532 0.066175 0.098043
8 0.638071 0.821713 0.073032 0.113340
8 0.072111 0.086872 0.045651 0.044340
8 0.076103 0.220702 0.049063 0.055064
8 0.072683 0.356830 0.044508 0.045872
8 0.069833 0.488362 0.036524 0.048936
8 0.073825 0.616074 0.039937 0.047426
