1 0.048873 0.411085 0.081365 0.687702
4 0.412786 0.404106 0.642016 0.678298
2 0.411373 0.037021 0.157571 0.056723
3 0.866405 0.195170 0.240111 0.234043
11 0.024071 0.402277 0.043286 0.208511
10 0.409841 0.965394 0.152381 0.058149
7 0.648889 0.564681 0.063492 0.056723
7 0.490159 0.080989 0.057143 0.039723
7 0.336190 0.649787 0.053968 0.051064
7 0.178571 0.488085 0.045397 0.048213
8 0.571262 0.844500 0.152143 0.177170
8 0.436238 0.830489 0.102698 0.156766
8 0.301214 0.818383 0.070365 0.104511
8 0.125738 0.836851 0.111349 0.133830
9 0.063024 0.743181 0.033286 0.045894
9 0.063976 0.594053 0.037095 0.051000
9 0.059698 0.453213 0.038032 0.044596
9 0.060175 0.300266 0.037079 0.049723
9 0.062071 0.160702 0.035190 0.058638
0 0.405500 0.861809 0.657667 0.236809
