2 0.426606 0.031989 0.221510 0.063979
8 0.189889 0.869553 0.115231 0.143872
8 0.303076 0.842787 0.082814 0.108170
8 0.372011 0.849160 0.095183 0.148872
8 0.478514 0.823074 0.072353 0.101809
8 0.560771 0.844702 0.094229 0.137447
8 0.656804 0.835798 0.073323 0.104362
9 0.062027 0.535468 0.034324 0.066170
9 0.064889 0.451489 0.024817 0.043277
9 0.056328 0.692628 0.030525 0.044532
9 0.062981 0.212883 0.024817 0.041979
9 0.061081 0.140340 0.043847 0.042000
9 0.062035 0.605468 0.026709 0.053447
9 0.054905 0.764532 0.044785 0.084000
8 0.120986 0.832606 0.070461 0.085255
9 0.061558 0.366234 0.023879 0.053447
9 0.064889 0.293681 0.043831 0.066170
4 0.423625 0.416149 0.664197 0.696128
0 0.420771 0.879606 0.669841 0.219851
1 0.050787 0.420745 0.078426 0.714894
7 0.158983 0.081702 0.040286 0.043957
7 0.248013 0.466809 0.050874 0.051064
7 0.331741 0.378862 0.048760 0.048234
7 0.421836 0.596596 0.046630 0.049660
7 0.510334 0.145532 0.049825 0.043957
7 0.604134 0.237723 0.048744 0.046809
7 0.688919 0.699436 0.038156 0.048234
10 0.421836 0.961840 0.131431 0.056745
11 0.025970 0.416447 0.045580 0.217021
3 0.875461 0.266096 0.214102 0.367383
