8 0.633508 0.846191 0.098127 0.116383
9 0.060706 0.087649 0.027381 0.039766
9 0.060706 0.203117 0.034238 0.035170
9 0.058429 0.316298 0.041079 0.038255
9 0.060698 0.431766 0.038794 0.052000
9 0.056714 0.554894 0.042222 0.074936
9 0.058992 0.660426 0.046778 0.056596
9 0.058992 0.763670 0.035381 0.058106
8 0.462921 0.866074 0.092413 0.128617
8 0.310587 0.853074 0.102698 0.108745
8 0.135444 0.872191 0.117524 0.140851
1 0.047921 0.426564 0.086444 0.724617
0 0.426143 0.880585 0.685714 0.207383
4 0.431167 0.419819 0.678778 0.713936
2 0.424548 0.032479 0.204238 0.064957
3 0.882754 0.196883 0.208460 0.235468
11 0.021532 0.418872 0.043063 0.182979
10 0.426667 0.965106 0.125937 0.069787
7 0.673222 0.606809 0.053968 0.062426
7 0.510262 0.364968 0.045508 0.061000
7 0.351000 0.599713 0.057143 0.056745
7 0.184873 0.083404 0.063492 0.039702
