1 0.047968 0.423330 0.077651 0.723255
9 0.057857 0.564840 0.042222 0.045894
9 0.056143 0.674202 0.038794 0.044362
9 0.063563 0.772851 0.030810 0.055064
4 0.425302 0.417723 0.670952 0.707660
2 0.422730 0.031149 0.138413 0.062298
9 0.057849 0.460840 0.026238 0.045894
0 0.412127 0.872351 0.697810 0.198915
10 0.429325 0.963319 0.130714 0.044809
3 0.883683 0.215489 0.209524 0.282553
7 0.682889 0.079351 0.044222 0.036872
11 0.022929 0.419277 0.035381 0.139745
7 0.172810 0.182106 0.046190 0.042170
7 0.301063 0.359947 0.045206 0.042149
7 0.424413 0.347436 0.044222 0.048745
7 0.554143 0.574691 0.036349 0.042149
8 0.120032 0.866840 0.120952 0.154617
8 0.272365 0.855362 0.078730 0.116383
8 0.382476 0.855362 0.077587 0.119447
8 0.513698 0.849245 0.084444 0.116404
8 0.644349 0.850777 0.085587 0.119468
9 0.057278 0.157234 0.075317 0.071872
9 0.062984 0.255117 0.054762 0.038234
9 0.063556 0.352245 0.035365 0.033638
