9 0.066399 0.208830 0.055914 0.076383
7 0.167766 0.410415 0.035437 0.046106
7 0.270143 0.154181 0.041335 0.039511
7 0.382337 0.393245 0.033418 0.040745
7 0.490159 0.081064 0.046264 0.032936
7 0.596463 0.501309 0.042337 0.043468
7 0.706709 0.104766 0.048235 0.030298
10 0.435517 0.962394 0.100413 0.040830
11 0.023553 0.418319 0.040366 0.220000
3 0.888824 0.237830 0.191955 0.320128
2 0.430596 0.034298 0.175215 0.055319
0 0.425676 0.894255 0.720572 0.211489
4 0.437122 0.426383 0.689825 0.723404
9 0.064118 0.124138 0.051351 0.062617
1 0.046025 0.427064 0.092051 0.729021
9 0.069817 0.783053 0.035374 0.045809
9 0.059555 0.699840 0.042226 0.044277
9 0.056693 0.622713 0.041081 0.045809
9 0.062973 0.541777 0.037647 0.061085
9 0.063545 0.463138 0.041081 0.056489
9 0.058983 0.374574 0.031955 0.041234
9 0.060700 0.292872 0.039936 0.051915
8 0.121733 0.878511 0.100413 0.148128
8 0.239269 0.870872 0.086709 0.135915
8 0.343100 0.876202 0.091288 0.113000
8 0.446367 0.873915 0.103831 0.132851
8 0.552480 0.873149 0.099269 0.146596
8 0.663736 0.880021 0.114118 0.145064
