0 0.428188 0.881117 0.686804 0.201426
10 0.427663 0.966106 0.121876 0.051064
11 0.026502 0.422830 0.044515 0.153191
9 0.060135 0.209074 0.036232 0.059809
8 0.130548 0.838915 0.106502 0.095574
9 0.064881 0.783617 0.030525 0.038170
9 0.059658 0.639191 0.044785 0.052170
7 0.173824 0.278149 0.042401 0.051064
7 0.300477 0.083830 0.047695 0.045404
2 0.428196 0.032766 0.110223 0.065234
3 0.883943 0.216457 0.199269 0.279426
7 0.430310 0.176021 0.046630 0.051064
4 0.430278 0.420862 0.682210 0.713936
9 0.062035 0.485138 0.032432 0.046957
7 0.689984 0.356170 0.050874 0.062426
7 0.556971 0.238436 0.043450 0.056745
9 0.062512 0.349681 0.040986 0.045830
1 0.050000 0.426734 0.080541 0.719426
8 0.637313 0.863787 0.121812 0.134894
8 0.515652 0.854181 0.085580 0.103213
8 0.382051 0.861819 0.099841 0.126106
8 0.253211 0.858000 0.110302 0.126128
