8 0.069833 0.363713 0.034238 0.047426
8 0.071548 0.640543 0.030810 0.041298
8 0.079532 0.775138 0.030810 0.038234
9 0.110341 0.861479 0.090143 0.134745
9 0.182794 0.862255 0.086730 0.148511
9 0.239278 0.861489 0.117540 0.150043
9 0.322000 0.864543 0.095841 0.134745
9 0.390460 0.849245 0.079873 0.113340
9 0.473198 0.829362 0.051349 0.067447
9 0.514841 0.862245 0.100413 0.139340
9 0.585016 0.865309 0.096984 0.130149
7 0.160722 0.236649 0.044238 0.039511
7 0.230992 0.085138 0.045222 0.044787
7 0.302246 0.601564 0.042270 0.050064
7 0.368095 0.081851 0.052095 0.040851
7 0.437381 0.247840 0.045206 0.046106
7 0.503722 0.097000 0.054048 0.036894
7 0.571540 0.287362 0.046190 0.054000
7 0.640333 0.463245 0.044222 0.050064
7 0.707167 0.664798 0.036365 0.044787
10 0.432770 0.963979 0.175921 0.052681
11 0.025389 0.418574 0.043254 0.187064
3 0.880929 0.309234 0.209349 0.463702
2 0.435222 0.038511 0.186730 0.051362
4 0.436246 0.419830 0.657667 0.709745
1 0.054381 0.424255 0.101238 0.721702
0 0.422135 0.876840 0.692873 0.197596
9 0.669452 0.848489 0.085571 0.117915
8 0.066413 0.088404 0.054762 0.044340
8 0.069262 0.230649 0.049063 0.050489
8 0.074397 0.500596 0.031937 0.052000
