7 0.299841 0.493191 0.037107 0.041149
0 0.428092 0.884351 0.683625 0.208234
1 0.045207 0.424766 0.084149 0.723404
8 0.135429 0.852543 0.084436 0.114532
8 0.253529 0.866287 0.110684 0.138957
8 0.381328 0.877734 0.108410 0.152702
8 0.508553 0.863234 0.095835 0.117574
8 0.636351 0.874681 0.120938 0.137447
9 0.060119 0.173000 0.045644 0.047319
9 0.061256 0.295926 0.029666 0.033596
9 0.062401 0.416564 0.029666 0.042745
9 0.057838 0.533383 0.031955 0.044298
9 0.060692 0.652489 0.035374 0.053447
9 0.066399 0.768553 0.021669 0.044298
4 0.430286 0.422968 0.676725 0.716021
2 0.428617 0.033479 0.248013 0.066957
3 0.884364 0.221553 0.207742 0.280851
11 0.021940 0.430074 0.043879 0.192915
10 0.432862 0.968223 0.152623 0.063553
7 0.689348 0.269085 0.044515 0.046809
7 0.558983 0.221564 0.061463 0.039723
7 0.428084 0.515181 0.037091 0.039723
7 0.171598 0.081138 0.043450 0.039723
