8 0.369618 0.851170 0.102607 0.125787
0 0.419523 0.879574 0.680445 0.222000
1 0.048450 0.420830 0.084372 0.713149
4 0.422846 0.415628 0.663402 0.699255
8 0.665692 0.828106 0.074404 0.077574
8 0.552512 0.861117 0.106518 0.139426
8 0.459300 0.851160 0.100254 0.138362
8 0.277941 0.870032 0.116773 0.140447
8 0.201184 0.855362 0.091717 0.134170
8 0.117774 0.844872 0.073704 0.136255
9 0.063720 0.758394 0.031415 0.036702
9 0.055890 0.693404 0.036105 0.055574
9 0.059062 0.612170 0.034467 0.056596
9 0.062552 0.526213 0.032194 0.048213
9 0.062202 0.448649 0.032893 0.067085
9 0.060199 0.367415 0.025930 0.040872
9 0.061804 0.289840 0.028983 0.042957
7 0.158561 0.611351 0.048760 0.049638
7 0.246002 0.707798 0.037091 0.035468
7 0.333967 0.287947 0.049809 0.043979
7 0.423529 0.085851 0.046645 0.036809
7 0.513092 0.579436 0.049809 0.045383
7 0.602122 0.679426 0.045580 0.055319
7 0.689030 0.103543 0.049825 0.061000
10 0.428299 0.969149 0.136725 0.061702
11 0.018863 0.416309 0.037727 0.258149
3 0.877687 0.263117 0.217281 0.368787
2 0.424595 0.032979 0.171701 0.065957
9 0.062941 0.209128 0.026709 0.063957
9 0.062202 0.134702 0.032893 0.061830
