7 0.703466 0.438596 0.042321 0.039532
2 0.429316 0.033500 0.175231 0.056660
4 0.432631 0.423489 0.677504 0.714979
3 0.885572 0.262074 0.201797 0.363596
7 0.520374 0.078298 0.048219 0.040851
7 0.430302 0.077638 0.041335 0.036894
7 0.339738 0.447819 0.041351 0.042149
7 0.248688 0.575606 0.040366 0.047426
7 0.157631 0.365479 0.039364 0.051383
8 0.372202 0.868574 0.103831 0.125234
11 0.021789 0.424766 0.035437 0.159404
9 0.058975 0.314255 0.034229 0.051915
1 0.050111 0.426968 0.080731 0.726277
0 0.416431 0.881298 0.701860 0.194979
9 0.058983 0.156202 0.038792 0.044277
7 0.613394 0.601298 0.041351 0.043489
10 0.430795 0.961606 0.121081 0.052702
8 0.474324 0.859415 0.088998 0.109936
9 0.061836 0.469255 0.037663 0.041234
9 0.065827 0.628830 0.034229 0.051915
9 0.069825 0.768553 0.028521 0.050383
8 0.101773 0.861713 0.106121 0.114532
8 0.203895 0.861713 0.091288 0.126745
8 0.651184 0.864755 0.102687 0.129809
8 0.295183 0.851777 0.091288 0.116064
8 0.559324 0.853298 0.103831 0.122170
