7 0.431479 0.135457 0.041335 0.048234
2 0.429889 0.031915 0.195008 0.059574
3 0.877687 0.309926 0.217281 0.462404
11 0.028720 0.421277 0.049809 0.234043
10 0.428831 0.957447 0.150509 0.060979
7 0.700692 0.496457 0.039221 0.049638
7 0.632854 0.083691 0.049809 0.049638
7 0.565024 0.668085 0.037107 0.041149
7 0.498784 0.651064 0.042401 0.043957
7 0.365238 0.574468 0.042401 0.052468
7 0.294229 0.106383 0.038156 0.046809
7 0.229046 0.492202 0.041335 0.058149
7 0.159086 0.364543 0.045580 0.049638
0 0.414293 0.871213 0.688426 0.204255
1 0.056598 0.414479 0.092846 0.725979
4 0.433808 0.416160 0.652448 0.702404
8 0.652758 0.844872 0.090859 0.113191
8 0.592456 0.846436 0.079889 0.101681
8 0.509436 0.859032 0.108092 0.133128
8 0.469094 0.832819 0.060318 0.078617
8 0.389595 0.833862 0.079889 0.084915
8 0.303831 0.851681 0.108871 0.131021
8 0.237647 0.866362 0.111224 0.147787
8 0.173808 0.856926 0.097917 0.128915
8 0.113895 0.842255 0.089285 0.135234
9 0.077822 0.767309 0.028267 0.012574
9 0.071948 0.627362 0.032194 0.034596
9 0.075079 0.490574 0.030636 0.037745
9 0.074690 0.348021 0.036121 0.031447
9 0.073911 0.210181 0.037679 0.047170
9 0.070779 0.067096 0.032973 0.037723
