9 0.062973 0.460085 0.026232 0.041234
9 0.061264 0.561638 0.027393 0.048851
9 0.062973 0.663947 0.026232 0.048872
9 0.064690 0.764745 0.031955 0.039702
10 0.425223 0.965979 0.141097 0.045957
11 0.027019 0.416904 0.040843 0.190064
3 0.877734 0.193298 0.214420 0.232298
2 0.420119 0.032436 0.147583 0.054660
0 0.422583 0.871500 0.670572 0.211468
8 0.158251 0.828872 0.100413 0.106894
7 0.179714 0.436160 0.038060 0.047213
7 0.345859 0.604479 0.036200 0.041000
7 0.506447 0.077160 0.039921 0.042234
7 0.662846 0.442372 0.038983 0.047213
8 0.467472 0.838043 0.100413 0.106894
8 0.602687 0.879266 0.140350 0.171043
9 0.057846 0.158489 0.045644 0.054979
9 0.061264 0.253936 0.036518 0.065660
1 0.047639 0.422447 0.079825 0.714681
8 0.303164 0.855596 0.114118 0.145064
4 0.423235 0.414053 0.666534 0.696106
9 0.062409 0.366936 0.034229 0.050383
