8 0.369348 0.867053 0.102703 0.137426
7 0.220103 0.541021 0.037981 0.052000
7 0.288553 0.626723 0.037107 0.053191
7 0.355676 0.364894 0.038855 0.049660
7 0.429428 0.567617 0.039746 0.041362
7 0.496558 0.416904 0.048569 0.044915
7 0.564118 0.682266 0.035326 0.043723
7 0.638315 0.082394 0.042385 0.044915
7 0.704563 0.486638 0.035326 0.047277
10 0.430310 0.959457 0.140429 0.061468
11 0.027997 0.419851 0.044165 0.261234
3 0.879881 0.308755 0.209332 0.455085
2 0.428458 0.037702 0.133355 0.059106
4 0.426757 0.418255 0.670461 0.704511
0 0.411471 0.876872 0.709237 0.203319
1 0.050262 0.426468 0.077727 0.718468
9 0.068680 0.763979 0.030811 0.053447
9 0.059595 0.677691 0.033021 0.064149
9 0.058410 0.585309 0.030811 0.044277
9 0.061828 0.499798 0.021685 0.047340
9 0.057273 0.402819 0.026248 0.042745
9 0.058410 0.304330 0.030811 0.062617
9 0.056701 0.207351 0.047933 0.045809
9 0.060119 0.113447 0.043355 0.053447
8 0.662591 0.857894 0.079873 0.122170
8 0.607822 0.841851 0.050207 0.093149
8 0.523386 0.854074 0.075294 0.114532
8 0.445795 0.864755 0.098140 0.145085
8 0.306590 0.863989 0.111812 0.155766
8 0.233561 0.872394 0.111828 0.151170
8 0.170231 0.853298 0.096995 0.119106
8 0.098347 0.857894 0.101558 0.134383
7 0.146614 0.227543 0.054754 0.048447
