7 0.383148 0.079574 0.071002 0.034043
7 0.271860 0.379574 0.047695 0.049660
4 0.436550 0.427213 0.688490 0.722213
7 0.164285 0.151202 0.046630 0.032617
2 0.435079 0.034181 0.202432 0.056745
8 0.112615 0.881564 0.104976 0.138957
8 0.230135 0.877734 0.093561 0.128277
8 0.341955 0.861713 0.100413 0.114532
8 0.450358 0.871628 0.098140 0.116064
8 0.570747 0.847202 0.090143 0.085511
8 0.675715 0.852543 0.094706 0.114532
9 0.059857 0.130372 0.030906 0.049851
9 0.061049 0.221681 0.038029 0.043489
9 0.057886 0.308106 0.039618 0.042426
9 0.061804 0.413053 0.031781 0.040404
9 0.061804 0.506840 0.031781 0.037128
9 0.062639 0.601277 0.028521 0.032766
9 0.060620 0.695181 0.024642 0.038191
9 0.066995 0.787383 0.022989 0.044426
11 0.023847 0.429936 0.039205 0.136170
10 0.438267 0.961851 0.181240 0.051064
3 0.889769 0.240564 0.196073 0.321979
1 0.051510 0.433160 0.076312 0.739511
7 0.709595 0.317160 0.058299 0.069511
0 0.425803 0.885011 0.712337 0.190064
7 0.599364 0.128511 0.051924 0.043957
7 0.491789 0.349787 0.052989 0.055319
