2 0.431797 0.033330 0.198188 0.066660
9 0.066900 0.078106 0.046995 0.028298
8 0.581097 0.859543 0.130811 0.144660
8 0.376669 0.856404 0.118267 0.142553
8 0.167933 0.863223 0.148808 0.158277
9 0.075859 0.762064 0.038458 0.031447
4 0.429110 0.414053 0.650874 0.702404
9 0.073943 0.632074 0.029762 0.035638
9 0.073951 0.491106 0.037599 0.042979
9 0.073164 0.347489 0.031320 0.042979
1 0.052878 0.416553 0.096343 0.716085
0 0.429261 0.872500 0.656900 0.211340
9 0.070811 0.220660 0.036025 0.036681
7 0.221407 0.648223 0.046630 0.053894
7 0.428617 0.082266 0.047695 0.045383
7 0.641653 0.516309 0.037107 0.056745
10 0.427560 0.961702 0.147329 0.051064
11 0.024801 0.419149 0.047695 0.157447
3 0.878005 0.175883 0.221510 0.190064
