1 0.051057 0.418298 0.078426 0.710638
0 0.408307 0.868809 0.694229 0.208511
8 0.507568 0.826830 0.057997 0.104468
8 0.422464 0.834457 0.098887 0.101936
4 0.424014 0.413532 0.663418 0.695064
8 0.323100 0.859266 0.128362 0.141383
8 0.097742 0.856734 0.092242 0.138830
9 0.059181 0.615638 0.043831 0.028000
9 0.064881 0.759447 0.030525 0.030553
9 0.061558 0.468021 0.035262 0.025447
9 0.059181 0.321043 0.034324 0.042000
9 0.061606 0.175340 0.031383 0.050894
8 0.257011 0.860543 0.110302 0.141383
8 0.189499 0.842734 0.093180 0.123553
8 0.658275 0.835734 0.096995 0.122277
8 0.567941 0.837000 0.083672 0.122298
2 0.421304 0.031989 0.187599 0.063979
3 0.877059 0.283830 0.219396 0.417021
11 0.027027 0.415043 0.039205 0.225532
10 0.422369 0.962553 0.149444 0.052468
7 0.693164 0.534191 0.048744 0.055319
7 0.615795 0.686670 0.040270 0.039723
7 0.538951 0.624255 0.032846 0.051064
7 0.458927 0.129213 0.040270 0.051064
7 0.385795 0.085245 0.042401 0.045383
7 0.303657 0.117160 0.041335 0.049638
7 0.227878 0.273904 0.036041 0.056745
7 0.151033 0.111489 0.039205 0.035447
