2 0.444881 0.036053 0.152556 0.050830
0 0.435627 0.895979 0.707222 0.191489
4 0.440794 0.431915 0.698413 0.733191
1 0.046746 0.441106 0.093492 0.755830
7 0.168429 0.144798 0.035270 0.029553
11 0.021365 0.442181 0.042730 0.189936
7 0.603175 0.555553 0.038794 0.030723
9 0.061849 0.164106 0.045635 0.052000
9 0.064698 0.324702 0.039937 0.052000
9 0.069254 0.481479 0.042222 0.059638
9 0.056706 0.632904 0.046778 0.059638
9 0.061849 0.785851 0.045635 0.059660
8 0.666603 0.887564 0.100413 0.122362
8 0.569040 0.873032 0.092429 0.111638
8 0.462921 0.860032 0.067333 0.110106
8 0.350532 0.870734 0.095857 0.097894
8 0.250690 0.860798 0.071889 0.090234
8 0.130881 0.860787 0.085571 0.108596
7 0.712524 0.082745 0.037048 0.033106
7 0.277778 0.497638 0.038794 0.042553
3 0.890214 0.238766 0.177254 0.319149
7 0.388452 0.192074 0.041444 0.039000
7 0.493825 0.437351 0.035270 0.030745
10 0.437341 0.961106 0.154238 0.052255
