1 0.050944 0.410053 0.081381 0.691596
4 0.413571 0.403043 0.643587 0.678298
0 0.411190 0.863330 0.647460 0.236872
11 0.025714 0.400138 0.044444 0.141851
3 0.865341 0.172479 0.236079 0.185809
10 0.412960 0.961138 0.112270 0.049638
2 0.409206 0.037734 0.155556 0.058149
7 0.621960 0.085245 0.036937 0.039723
7 0.411952 0.653330 0.038095 0.035468
7 0.204444 0.227096 0.044444 0.048234
9 0.061079 0.185553 0.040984 0.049702
9 0.061556 0.328309 0.040032 0.057340
9 0.061548 0.472968 0.032429 0.056064
9 0.060603 0.608713 0.034317 0.047170
9 0.065349 0.739362 0.041937 0.048426
8 0.169944 0.829851 0.091381 0.122340
8 0.363929 0.833032 0.116111 0.146574
8 0.565040 0.847691 0.147476 0.170787
