4 0.438506 0.422447 0.665755 0.712894
9 0.082941 0.782298 0.043370 0.050383
9 0.070962 0.645628 0.039952 0.048872
9 0.073816 0.499021 0.031955 0.039702
9 0.074388 0.357766 0.037647 0.053447
9 0.070962 0.224149 0.046789 0.054979
9 0.065835 0.079085 0.050207 0.048851
8 0.665445 0.863223 0.096995 0.126745
8 0.545636 0.866287 0.092417 0.135894
8 0.437806 0.864755 0.120954 0.126745
8 0.342528 0.857883 0.078728 0.116064
8 0.240978 0.855596 0.094706 0.120638
8 0.141709 0.847202 0.094706 0.100787
1 0.056542 0.424319 0.098998 0.740426
0 0.437838 0.885489 0.673037 0.205957
2 0.431264 0.031777 0.176995 0.063553
3 0.884364 0.240138 0.205612 0.321979
11 0.023633 0.420989 0.047266 0.190064
10 0.440119 0.965394 0.154642 0.069213
7 0.697138 0.084681 0.049603 0.038298
7 0.492099 0.213053 0.044515 0.048234
7 0.176733 0.460574 0.045676 0.038298
7 0.282242 0.279011 0.050874 0.043979
7 0.386113 0.186809 0.048760 0.046809
7 0.595922 0.149926 0.052893 0.043979
