9 0.058968 0.202840 0.039873 0.049255
9 0.063627 0.483234 0.027444 0.037745
9 0.059317 0.628415 0.032921 0.038787
9 0.069492 0.759436 0.031365 0.032489
0 0.417040 0.872117 0.671952 0.218021
1 0.047841 0.419266 0.083175 0.713468
2 0.419159 0.032840 0.187302 0.065681
3 0.874183 0.261415 0.223286 0.368787
11 0.020952 0.416745 0.041905 0.114894
10 0.424976 0.968298 0.179889 0.063404
7 0.420738 0.512479 0.042333 0.048234
7 0.330262 0.269926 0.037032 0.053894
7 0.246667 0.629500 0.043397 0.049638
7 0.151429 0.080564 0.034921 0.043979
7 0.684762 0.535883 0.043397 0.043979
7 0.598524 0.373468 0.044444 0.051064
7 0.508571 0.220287 0.052921 0.053894
4 0.423349 0.413532 0.660794 0.695064
8 0.636095 0.865319 0.125905 0.162468
8 0.556325 0.839106 0.096175 0.147787
8 0.473429 0.839117 0.104000 0.110064
8 0.369817 0.849064 0.109476 0.136255
8 0.288873 0.841213 0.091492 0.114255
8 0.207548 0.834915 0.100873 0.118468
8 0.112540 0.842777 0.111048 0.111128
9 0.062452 0.342245 0.028238 0.038787
