7 0.546900 0.589500 0.050874 0.052489
7 0.152099 0.083830 0.041335 0.039702
7 0.310548 0.663255 0.040270 0.038298
11 0.027027 0.429926 0.043466 0.147511
0 0.415533 0.876787 0.713355 0.195362
7 0.390040 0.327085 0.042401 0.046809
7 0.465286 0.218585 0.042401 0.048234
7 0.627981 0.083117 0.047695 0.052489
7 0.707997 0.276745 0.050874 0.051064
10 0.432432 0.961840 0.165342 0.053894
4 0.430676 0.422447 0.678299 0.712894
2 0.430843 0.034117 0.153672 0.068234
3 0.882353 0.286670 0.204547 0.414191
1 0.051320 0.427277 0.079491 0.723915
7 0.231057 0.364681 0.042401 0.051064
