3 0.857780 0.873358 0.245260 0.051583
2 0.527365 0.037450 0.189610 0.035333
1 0.037740 0.477875 0.060380 0.853117
0 0.526825 0.940333 0.918170 0.076200
7 0.107965 0.102125 0.029470 0.029017
7 0.145130 0.477200 0.028800 0.020100
7 0.184985 0.194225 0.028130 0.025683
7 0.220485 0.323717 0.033490 0.039067
7 0.261335 0.497850 0.032150 0.030133
7 0.296435 0.750125 0.036170 0.040183
7 0.336950 0.458225 0.032820 0.027917
8 0.868255 0.929492 0.044570 0.026550
8 0.677365 0.928200 0.040310 0.029133
8 0.487830 0.926908 0.042640 0.027850
8 0.298100 0.928200 0.040700 0.027833
8 0.108765 0.927225 0.040310 0.029783
11 0.022190 0.484267 0.022900 0.249733
10 0.527385 0.960425 0.039810 0.036483
7 0.373790 0.551433 0.034160 0.022333
7 0.409960 0.760175 0.028800 0.026783
7 0.451150 0.641850 0.037500 0.024567
7 0.485640 0.186967 0.035500 0.032367
7 0.528510 0.468825 0.036840 0.031250
7 0.564340 0.273475 0.032140 0.031250
7 0.600505 0.170225 0.030810 0.032383
7 0.640360 0.412450 0.034160 0.034600
7 0.676865 0.196458 0.032150 0.026783
7 0.714700 0.824925 0.035500 0.037950
7 0.753255 0.389533 0.033490 0.027133
7 0.830000 0.252325 0.026040 0.024017
7 0.867205 0.075967 0.029770 0.023267
7 0.792095 0.834883 0.026510 0.020167
9 0.046825 0.574000 0.026290 0.033500
7 0.905580 0.536825 0.028380 0.019383
7 0.943025 0.782167 0.027910 0.026367
9 0.047390 0.875858 0.028520 0.038150
9 0.048505 0.676792 0.027410 0.030683
9 0.046830 0.773542 0.024060 0.036283
9 0.044595 0.078192 0.031870 0.033483
9 0.047665 0.180050 0.026850 0.032567
9 0.047945 0.278192 0.026290 0.033483
9 0.048225 0.374467 0.024610 0.030700
9 0.047945 0.478183 0.025170 0.031633
5 0.525895 0.480775 0.917690 0.834650
