8 0.486345 0.925392 0.040510 0.027983
9 0.046545 0.145533 0.031870 0.033500
9 0.047665 0.255775 0.032990 0.034417
9 0.047390 0.370650 0.027960 0.039067
9 0.048780 0.484608 0.028520 0.036283
9 0.047665 0.592517 0.029630 0.038133
9 0.048225 0.706467 0.031870 0.037200
10 0.527470 0.958558 0.041140 0.032750
11 0.022865 0.487075 0.021110 0.243383
8 0.107975 0.926933 0.040050 0.026433
8 0.298440 0.925775 0.042380 0.025650
8 0.676580 0.926550 0.038660 0.030300
8 0.867275 0.928492 0.044230 0.027983
7 0.638815 0.321250 0.029470 0.034600
7 0.675655 0.284417 0.033490 0.030133
7 0.715175 0.320700 0.026790 0.026800
7 0.753680 0.724792 0.032820 0.035717
7 0.790855 0.496508 0.037510 0.025683
7 0.829370 0.077350 0.034160 0.031267
7 0.864865 0.473067 0.032810 0.027900
7 0.904380 0.538933 0.030140 0.032367
7 0.946580 0.578000 0.035500 0.032367
7 0.373595 0.406650 0.028130 0.031267
7 0.260730 0.375950 0.028800 0.034600
7 0.222895 0.448508 0.037510 0.027917
7 0.145530 0.517158 0.028800 0.033483
7 0.184045 0.164975 0.037510 0.030150
7 0.295895 0.722000 0.029470 0.039067
7 0.108030 0.358650 0.036840 0.029033
7 0.336085 0.713067 0.030810 0.027900
7 0.411095 0.444050 0.025450 0.030133
7 0.448270 0.693533 0.031480 0.026800
7 0.488790 0.728142 0.032140 0.033483
7 0.524625 0.614833 0.043530 0.041300
7 0.561460 0.835300 0.040860 0.035733
7 0.603320 0.081250 0.034820 0.030133
5 0.527380 0.481400 0.914720 0.843300
3 0.192480 0.870267 0.240920 0.051600
2 0.524830 0.036450 0.183940 0.041300
1 0.039050 0.474675 0.056760 0.856517
0 0.527060 0.939158 0.918640 0.072283
9 0.046550 0.815300 0.027400 0.040933
