7 0.485110 0.724792 0.031480 0.033483
8 0.866425 0.925725 0.041430 0.028817
8 0.676270 0.925267 0.041280 0.028033
8 0.488645 0.925783 0.037390 0.024933
8 0.296710 0.924692 0.040340 0.033483
8 0.109250 0.925767 0.040500 0.029233
11 0.022195 0.483717 0.022450 0.239633
10 0.527285 0.958250 0.044130 0.034600
5 0.525155 0.479542 0.919170 0.839583
3 0.859020 0.872842 0.242780 0.048517
2 0.525280 0.036450 0.187220 0.045300
1 0.037755 0.481558 0.060370 0.866850
0 0.526825 0.940733 0.918170 0.080133
9 0.047945 0.081350 0.029070 0.031633
9 0.045715 0.189725 0.025730 0.032550
9 0.047665 0.288792 0.029630 0.031617
9 0.047105 0.395775 0.026290 0.035350
9 0.048225 0.499492 0.027410 0.036283
9 0.048225 0.601817 0.027410 0.043733
9 0.047945 0.706467 0.026850 0.033500
9 0.045710 0.811117 0.027960 0.038133
7 0.107025 0.681258 0.036170 0.022317
7 0.146870 0.123675 0.034160 0.030150
7 0.183040 0.645533 0.035500 0.026800
7 0.226575 0.836417 0.038170 0.024567
7 0.260400 0.642183 0.036160 0.017867
7 0.298575 0.111950 0.038850 0.029033
7 0.336085 0.615392 0.032150 0.024550
7 0.373925 0.786183 0.034150 0.022333
7 0.411430 0.366467 0.042200 0.033500
7 0.450950 0.812975 0.031480 0.020083
7 0.525960 0.075117 0.031480 0.031267
7 0.566820 0.743208 0.028800 0.021217
7 0.603990 0.297817 0.030800 0.023433
7 0.638815 0.450183 0.034830 0.024567
7 0.674650 0.387117 0.034820 0.030133
7 0.714835 0.800142 0.034830 0.025683
7 0.753350 0.494283 0.031480 0.032367
7 0.789850 0.334650 0.032820 0.036833
7 0.833050 0.522742 0.040180 0.026783
7 0.865530 0.215767 0.027460 0.031267
7 0.941890 0.206833 0.039520 0.026800
7 0.904715 0.749350 0.029470 0.031267
