9 0.048045 0.697592 0.031630 0.040317
7 0.108975 0.315492 0.034050 0.026050
7 0.144420 0.096417 0.034600 0.028833
7 0.183205 0.214558 0.032930 0.019550
7 0.263305 0.684325 0.034610 0.023250
7 0.225905 0.833158 0.033490 0.023250
7 0.294280 0.728050 0.026240 0.026967
7 0.333350 0.732700 0.029580 0.026967
7 0.373255 0.355958 0.029030 0.032550
7 0.411210 0.151767 0.032380 0.022333
7 0.448050 0.276425 0.030140 0.026050
7 0.486835 0.342933 0.032930 0.026967
7 0.525070 0.386183 0.030140 0.029767
7 0.562745 0.132700 0.029590 0.028833
7 0.600700 0.477817 0.030700 0.023267
7 0.640605 0.826658 0.023450 0.034417
7 0.679675 0.628975 0.034610 0.037217
7 0.714835 0.456425 0.033490 0.034417
7 0.753350 0.261075 0.027900 0.034417
7 0.792420 0.075492 0.030140 0.033483
7 0.830650 0.517817 0.035160 0.043733
7 0.868885 0.820600 0.041310 0.029767
7 0.906840 0.454558 0.036840 0.026983
7 0.944790 0.622467 0.036840 0.026033
9 0.046650 0.079375 0.025120 0.034883
9 0.046880 0.181708 0.023720 0.037983
9 0.047350 0.286742 0.031160 0.031017
9 0.046185 0.386742 0.026050 0.034117
8 0.868045 0.927783 0.043710 0.032633
8 0.673860 0.928175 0.046980 0.028750
8 0.487815 0.927400 0.040470 0.027200
8 0.295720 0.928567 0.044180 0.035733
8 0.108980 0.928950 0.041860 0.025667
11 0.021630 0.483900 0.020880 0.240000
10 0.528595 0.959808 0.049370 0.033983
9 0.046650 0.489067 0.026040 0.034100
9 0.047580 0.596425 0.029760 0.031783
9 0.046650 0.802250 0.026040 0.034100
5 0.525155 0.478925 0.917690 0.835883
3 0.193100 0.872842 0.239680 0.052617
2 0.528415 0.036700 0.189910 0.048767
1 0.036795 0.477475 0.063210 0.864917
0 0.526115 0.946233 0.918650 0.084833
