9 0.047440 0.898450 0.025580 0.034100
7 0.146045 0.076350 0.025590 0.024033
7 0.184885 0.627908 0.033490 0.023250
7 0.222090 0.782942 0.028840 0.027917
11 0.020850 0.484083 0.023800 0.231400
7 0.488840 0.467442 0.027440 0.021717
7 0.527440 0.626742 0.025580 0.024017
0 0.526305 0.941592 0.918650 0.079350
7 0.260465 0.591083 0.026510 0.020933
7 0.107910 0.125192 0.027440 0.020917
5 0.525190 0.479050 0.918360 0.839600
3 0.191945 0.094925 0.243850 0.050450
2 0.526740 0.037092 0.187520 0.046283
1 0.037525 0.487542 0.060810 0.864917
7 0.563720 0.756583 0.029300 0.021700
7 0.600695 0.436050 0.027910 0.020933
7 0.639070 0.366667 0.030240 0.021700
7 0.679770 0.660467 0.028840 0.032567
7 0.716745 0.199617 0.030230 0.027133
7 0.830930 0.156200 0.029760 0.025567
7 0.753490 0.494183 0.031160 0.022467
7 0.790465 0.646892 0.030690 0.025583
7 0.866045 0.499225 0.030230 0.023250
7 0.906975 0.835658 0.030230 0.023250
7 0.942560 0.826742 0.025120 0.025583
8 0.108390 0.927942 0.036300 0.028550
8 0.299370 0.930117 0.039580 0.028767
8 0.488120 0.927392 0.042960 0.029083
7 0.297440 0.315892 0.031620 0.019383
7 0.336975 0.594958 0.028830 0.020917
7 0.374185 0.442633 0.029770 0.023267
7 0.410930 0.356583 0.027900 0.024800
7 0.450235 0.351542 0.028370 0.028683
10 0.527290 0.958558 0.042620 0.033983
9 0.044885 0.098450 0.026050 0.035667
9 0.045115 0.200775 0.024650 0.029450
9 0.047210 0.300392 0.024180 0.031783
9 0.046510 0.400775 0.021860 0.029450
9 0.047210 0.500392 0.024180 0.037983
9 0.048140 0.597292 0.025120 0.031783
9 0.047445 0.697283 0.026510 0.039533
9 0.045810 0.800000 0.025120 0.032567
8 0.676395 0.928817 0.040370 0.025900
8 0.865510 0.929625 0.041340 0.024283
