7 0.679875 0.461617 0.025710 0.037500
2 0.522735 0.037942 0.194090 0.039317
3 0.860565 0.108108 0.244630 0.089883
5 0.525150 0.480783 0.920660 0.842067
9 0.046530 0.900742 0.024220 0.030950
9 0.046665 0.801150 0.025570 0.029167
9 0.046475 0.701025 0.029610 0.035883
9 0.047605 0.600850 0.026910 0.031400
9 0.048630 0.496908 0.025840 0.026017
9 0.047105 0.399575 0.026850 0.034417
9 0.049060 0.294467 0.036340 0.036267
9 0.047105 0.196792 0.026850 0.034417
9 0.045715 0.094000 0.025170 0.031633
8 0.866995 0.925025 0.039730 0.027983
8 0.676750 0.924967 0.043600 0.026367
8 0.488105 0.926908 0.040410 0.024217
8 0.297710 0.928517 0.040700 0.022067
8 0.109565 0.927658 0.040370 0.026383
11 0.023425 0.485392 0.021330 0.231783
10 0.527470 0.959808 0.041140 0.033983
7 0.104815 0.363167 0.040990 0.028133
7 0.142185 0.549358 0.032150 0.025450
7 0.183980 0.439517 0.033760 0.022767
7 0.222555 0.553375 0.040190 0.030817
7 0.300115 0.174283 0.031350 0.030800
7 0.259130 0.700725 0.029740 0.030817
7 0.336285 0.693358 0.028130 0.024117
1 0.039155 0.485733 0.057550 0.865700
0 0.525885 0.942300 0.918170 0.081700
7 0.374860 0.602933 0.034560 0.030800
7 0.411835 0.332350 0.026530 0.036167
7 0.448400 0.304892 0.030540 0.029483
7 0.489395 0.491083 0.036970 0.037500
7 0.524755 0.428125 0.040190 0.026783
7 0.564945 0.138792 0.032150 0.024117
7 0.639685 0.304225 0.032150 0.033483
7 0.602315 0.707417 0.039390 0.036167
7 0.715640 0.253983 0.036160 0.034833
7 0.752610 0.759658 0.031340 0.025450
7 0.791190 0.834008 0.029740 0.026783
7 0.830575 0.080525 0.031350 0.025450
7 0.863125 0.387275 0.035370 0.041517
7 0.942290 0.694700 0.037780 0.029467
7 0.908130 0.787792 0.035360 0.030817
