8 0.678760 0.928000 0.037440 0.031900
7 0.487790 0.499300 0.030140 0.035733
7 0.449275 0.570183 0.034830 0.032367
0 0.526355 0.940333 0.919110 0.077767
1 0.038275 0.481558 0.058310 0.861683
2 0.528565 0.036200 0.189610 0.050767
3 0.860570 0.093667 0.240920 0.052733
5 0.525895 0.477683 0.916210 0.838367
9 0.045155 0.564608 0.023490 0.038150
9 0.047105 0.464608 0.026290 0.037217
7 0.678670 0.169442 0.027460 0.030150
7 0.638145 0.147675 0.022770 0.022317
7 0.598635 0.155492 0.032150 0.026783
7 0.564810 0.083483 0.027460 0.027900
10 0.528510 0.958242 0.039440 0.030250
9 0.047665 0.870183 0.026290 0.031633
11 0.021300 0.485950 0.020660 0.238133
8 0.107995 0.926200 0.044710 0.033700
8 0.297215 0.927550 0.043630 0.033700
8 0.489805 0.927317 0.042290 0.026067
7 0.374930 0.496508 0.024120 0.021217
8 0.868905 0.928692 0.046570 0.032750
9 0.046550 0.154375 0.027400 0.034417
9 0.046270 0.255767 0.027960 0.032567
9 0.045995 0.358558 0.025170 0.035350
9 0.045995 0.770650 0.031870 0.040933
9 0.048225 0.666000 0.029630 0.040000
7 0.943230 0.235858 0.023440 0.035717
7 0.907730 0.277158 0.031480 0.022317
7 0.866535 0.837533 0.028130 0.031267
7 0.828700 0.271025 0.028800 0.025683
7 0.790855 0.655583 0.036170 0.024567
7 0.752005 0.706367 0.033490 0.034600
7 0.716850 0.749350 0.031480 0.035733
7 0.108695 0.263208 0.042190 0.027917
7 0.147540 0.644975 0.035500 0.030150
7 0.184380 0.336325 0.027460 0.033483
7 0.221890 0.202350 0.038180 0.028967
7 0.525290 0.076792 0.028800 0.025683
7 0.262070 0.218000 0.028800 0.029033
7 0.299245 0.599767 0.025450 0.024567
7 0.337090 0.176142 0.040860 0.027917
7 0.412770 0.283858 0.030140 0.042417
