9 0.045950 0.071000 0.026780 0.029067
8 0.866815 0.928450 0.041910 0.033333
8 0.487275 0.924183 0.043770 0.029467
8 0.674720 0.927283 0.046560 0.032567
8 0.297275 0.926892 0.046090 0.034883
7 0.604325 0.783950 0.034150 0.029033
7 0.675660 0.336325 0.028800 0.026783
7 0.639485 0.339117 0.030810 0.030133
7 0.565480 0.627675 0.032820 0.029017
7 0.525295 0.441817 0.029470 0.030133
8 0.108445 0.929992 0.040510 0.028683
11 0.021300 0.487642 0.023800 0.240750
10 0.526545 0.959650 0.045230 0.034933
7 0.942560 0.079583 0.034160 0.026800
7 0.903710 0.833625 0.031480 0.025683
7 0.864530 0.157158 0.037500 0.025683
7 0.829705 0.237533 0.033490 0.025667
7 0.790520 0.085717 0.030140 0.039067
7 0.752340 0.180042 0.030140 0.035717
7 0.715845 0.800142 0.026790 0.021217
9 0.046335 0.803875 0.025230 0.029717
9 0.046725 0.699225 0.029890 0.038750
9 0.047130 0.591792 0.026360 0.031650
7 0.484440 0.686275 0.028800 0.025683
7 0.451615 0.355858 0.026790 0.030150
7 0.411095 0.651675 0.036170 0.027917
7 0.374595 0.700792 0.027470 0.027917
7 0.338765 0.468042 0.036170 0.031250
7 0.297905 0.383208 0.024110 0.035717
7 0.259395 0.682933 0.032810 0.027900
7 0.220215 0.265442 0.029470 0.027917
7 0.183040 0.668417 0.034160 0.016733
7 0.145530 0.099675 0.028800 0.031250
7 0.109370 0.099675 0.034160 0.026783
9 0.047115 0.488308 0.022130 0.029083
9 0.046915 0.384950 0.024070 0.030367
9 0.047695 0.280942 0.027170 0.031650
9 0.047885 0.171767 0.025230 0.030367
0 0.526590 0.941908 0.917700 0.079350
1 0.037755 0.475967 0.060370 0.862533
2 0.523935 0.038933 0.184530 0.041300
3 0.193405 0.871808 0.245250 0.056750
5 0.524410 0.477067 0.919180 0.837133
