9 0.046830 0.340892 0.027960 0.044650
9 0.047945 0.436233 0.030190 0.032567
9 0.047110 0.818100 0.024060 0.029767
7 0.905385 0.661717 0.029470 0.030133
7 0.945240 0.517158 0.034160 0.024550
7 0.866870 0.558467 0.027460 0.024567
7 0.832045 0.269908 0.039510 0.025683
7 0.755355 0.555675 0.029470 0.027917
7 0.790185 0.076792 0.026790 0.030150
7 0.713165 0.175025 0.038850 0.030150
7 0.680010 0.602000 0.032820 0.042433
7 0.639485 0.336883 0.029470 0.034600
7 0.602985 0.594742 0.039510 0.030150
7 0.564810 0.526092 0.035500 0.033483
7 0.526295 0.633817 0.030810 0.032367
7 0.488120 0.378183 0.037500 0.027900
7 0.451955 0.203483 0.032150 0.022333
7 0.297235 0.211858 0.033490 0.023450
7 0.336420 0.377625 0.035500 0.024550
7 0.373590 0.423392 0.032140 0.026783
7 0.411765 0.770558 0.032150 0.033483
5 0.526265 0.480158 0.916950 0.828450
7 0.220885 0.200142 0.032150 0.029017
7 0.184045 0.535583 0.028130 0.023433
7 0.147205 0.109725 0.028130 0.033483
7 0.106020 0.557350 0.036840 0.024567
9 0.047945 0.533450 0.026850 0.029767
9 0.046830 0.629725 0.029080 0.036283
8 0.297510 0.927325 0.043300 0.027217
7 0.259395 0.329067 0.031470 0.027900
9 0.048225 0.722750 0.027410 0.038133
8 0.867740 0.925775 0.041440 0.027217
8 0.677045 0.928492 0.043310 0.027983
8 0.486045 0.927125 0.039530 0.028683
8 0.107975 0.927325 0.041910 0.028750
11 0.021185 0.484458 0.020430 0.240383
10 0.526445 0.959333 0.041330 0.029933
3 0.858400 0.851692 0.246500 0.086683
2 0.527665 0.036450 0.186030 0.045300
1 0.037240 0.473825 0.062440 0.861683
0 0.526115 0.939950 0.919590 0.070700
9 0.045990 0.151575 0.021820 0.034417
9 0.047110 0.247867 0.027400 0.031633
