7 0.602985 0.152700 0.034150 0.032367
9 0.045990 0.096233 0.027400 0.040933
9 0.045715 0.195767 0.024610 0.042800
9 0.046830 0.293908 0.026840 0.034417
9 0.045990 0.394375 0.027400 0.036283
3 0.858090 0.098358 0.248360 0.047483
5 0.527010 0.480775 0.918440 0.844550
9 0.047385 0.490183 0.031310 0.032567
9 0.046550 0.587858 0.027400 0.034417
9 0.047110 0.686008 0.028520 0.035350
9 0.047385 0.783217 0.030190 0.030700
9 0.045435 0.879492 0.031870 0.037217
7 0.639485 0.519950 0.026790 0.025667
7 0.678335 0.580792 0.029470 0.031250
7 0.716510 0.331300 0.036160 0.018967
7 0.757365 0.271583 0.036170 0.026800
7 0.792195 0.406092 0.040190 0.034617
7 0.830040 0.744858 0.036840 0.035683
7 0.867540 0.527208 0.031480 0.035717
7 0.906055 0.535583 0.024110 0.023433
7 0.943230 0.164975 0.035500 0.030150
7 0.108700 0.531675 0.039520 0.031250
7 0.148550 0.305625 0.044200 0.030150
7 0.181030 0.113067 0.036840 0.022333
7 0.219880 0.834183 0.039520 0.031267
7 0.259060 0.424508 0.034820 0.017850
7 0.296560 0.123675 0.033480 0.027917
7 0.374930 0.074000 0.034820 0.033500
7 0.339435 0.566275 0.037510 0.040183
7 0.450280 0.339675 0.036840 0.033483
7 0.414110 0.828050 0.031480 0.025667
7 0.486780 0.435675 0.036840 0.035717
7 0.526630 0.711392 0.034160 0.026783
7 0.563135 0.161625 0.024110 0.027917
0 0.525410 0.938767 0.919120 0.079333
1 0.038785 0.476833 0.055210 0.859100
2 0.526320 0.037450 0.184540 0.042300
10 0.527105 0.959958 0.039630 0.029950
11 0.022195 0.483708 0.021550 0.246350
8 0.108440 0.928492 0.044700 0.031083
8 0.296345 0.926158 0.040050 0.027983
8 0.488905 0.925383 0.040050 0.029533
8 0.678210 0.926550 0.040980 0.030300
8 0.866580 0.924617 0.041900 0.029533
