7 0.826020 0.710275 0.032820 0.029017
7 0.789180 0.076233 0.027460 0.029033
7 0.747990 0.756042 0.032140 0.024550
7 0.710150 0.483675 0.032820 0.033483
7 0.671635 0.640508 0.042870 0.030150
7 0.634130 0.307858 0.033480 0.027917
7 0.593275 0.643858 0.029470 0.034617
7 0.557105 0.577442 0.028130 0.031250
7 0.517590 0.310650 0.030800 0.029033
7 0.482095 0.406650 0.033490 0.015633
7 0.442575 0.343025 0.036170 0.031250
7 0.402055 0.458000 0.030810 0.029033
7 0.364550 0.621533 0.031480 0.023433
7 0.324360 0.642742 0.030140 0.032383
8 0.862625 0.928450 0.045630 0.033333
9 0.037035 0.816792 0.019030 0.040050
8 0.097745 0.922250 0.050750 0.039533
11 0.022080 0.485392 0.018640 0.234783
10 0.520470 0.960117 0.043560 0.030867
7 0.288525 0.740417 0.028130 0.031267
9 0.039555 0.628167 0.013990 0.031000
9 0.040545 0.450650 0.011630 0.028433
0 0.519520 0.941125 0.930900 0.079350
1 0.032340 0.472958 0.043340 0.859950
2 0.518710 0.038942 0.187820 0.039317
3 0.183190 0.114875 0.242160 0.082550
5 0.518835 0.482017 0.931810 0.839600
9 0.039955 0.274883 0.016070 0.036167
9 0.037940 0.084000 0.016880 0.034833
8 0.671930 0.925350 0.041900 0.036433
8 0.479605 0.928442 0.047950 0.037983
8 0.288445 0.925350 0.040510 0.030233
7 0.249685 0.406650 0.034830 0.035733
7 0.211840 0.317350 0.031480 0.024567
7 0.171990 0.687950 0.032140 0.029033
7 0.136495 0.625442 0.029470 0.031250
7 0.098985 0.331300 0.036170 0.023433
7 0.942895 0.427300 0.028130 0.039067
7 0.905720 0.233067 0.028800 0.027900
7 0.867205 0.194000 0.030810 0.023433
