8 0.488675 0.926158 0.040510 0.027983
0 0.526120 0.937192 0.918640 0.071483
1 0.039565 0.474675 0.057790 0.861683
2 0.527070 0.036925 0.187820 0.048317
3 0.859020 0.870267 0.244020 0.055733
5 0.526640 0.482017 0.916200 0.837133
8 0.868210 0.926942 0.045160 0.027983
8 0.676810 0.926158 0.042840 0.037283
8 0.297510 0.926550 0.043300 0.031867
8 0.109135 0.928492 0.040510 0.034183
11 0.022080 0.485767 0.019540 0.239267
10 0.528040 0.958867 0.041120 0.031500
7 0.943230 0.279950 0.031480 0.023433
7 0.904715 0.735400 0.033490 0.032367
7 0.866205 0.468600 0.034150 0.030133
7 0.830040 0.134833 0.031480 0.039067
7 0.788175 0.492050 0.033490 0.025667
7 0.749330 0.660600 0.032140 0.030133
7 0.715175 0.288883 0.029470 0.030133
7 0.679005 0.427858 0.030810 0.020083
7 0.636140 0.316792 0.034820 0.023450
7 0.601985 0.542833 0.030810 0.024567
7 0.564810 0.368133 0.028800 0.034600
7 0.523280 0.335767 0.035500 0.030133
7 0.488790 0.488142 0.041520 0.029017
7 0.448605 0.835300 0.040190 0.029033
7 0.411095 0.765533 0.029470 0.023433
7 0.373260 0.378742 0.027460 0.026783
7 0.340105 0.322375 0.028130 0.021217
7 0.296565 0.308975 0.033490 0.027917
7 0.260065 0.791767 0.026130 0.035733
7 0.221220 0.399950 0.027460 0.026800
7 0.186055 0.316792 0.029470 0.034617
7 0.144865 0.073442 0.034150 0.030150
7 0.106355 0.508233 0.036170 0.033500
9 0.047385 0.072508 0.030190 0.032550
9 0.045715 0.172042 0.025730 0.043717
9 0.045710 0.270658 0.027960 0.034417
9 0.047665 0.366467 0.026290 0.030700
9 0.047385 0.468325 0.024610 0.035350
9 0.045990 0.571117 0.027400 0.038133
9 0.048225 0.669258 0.029630 0.035350
9 0.047945 0.768792 0.024610 0.033483
9 0.047385 0.870192 0.026850 0.033483
