7 0.297305 0.499125 0.028930 0.032150
7 0.259525 0.145483 0.036970 0.037500
7 0.224165 0.770375 0.028930 0.030817
7 0.180365 0.766367 0.036170 0.028133
7 0.144195 0.605608 0.039390 0.025450
7 0.108430 0.160892 0.040180 0.028117
9 0.046610 0.149458 0.023780 0.029150
7 0.869150 0.595567 0.034560 0.026800
7 0.942285 0.279433 0.028130 0.029467
7 0.906525 0.779758 0.033750 0.030817
7 0.830170 0.324983 0.033760 0.037500
9 0.046350 0.873508 0.023800 0.032150
9 0.046350 0.770333 0.025600 0.032900
7 0.448405 0.682642 0.033750 0.037517
7 0.563740 0.386600 0.039380 0.042867
7 0.598295 0.606283 0.031350 0.034833
7 0.639285 0.758317 0.031350 0.028133
7 0.677465 0.744258 0.027330 0.024117
9 0.045940 0.667042 0.026020 0.028050
9 0.047475 0.563783 0.025590 0.031033
9 0.046945 0.458250 0.024450 0.033633
7 0.410230 0.239917 0.029740 0.028133
7 0.751810 0.694025 0.026520 0.033483
7 0.717650 0.709433 0.030540 0.037500
7 0.525560 0.162900 0.040180 0.042867
7 0.488190 0.452908 0.034560 0.028117
0 0.527065 0.941083 0.919590 0.080833
10 0.527755 0.960892 0.041330 0.031817
11 0.021410 0.484833 0.020440 0.238133
8 0.107730 0.927233 0.041500 0.031767
8 0.298480 0.925108 0.039480 0.030283
8 0.489140 0.926600 0.039480 0.028033
8 0.676320 0.926967 0.040600 0.028033
8 0.867650 0.927908 0.039700 0.026917
1 0.037975 0.479833 0.058970 0.861767
2 0.522440 0.036450 0.191700 0.049267
3 0.193100 0.094700 0.239680 0.054800
7 0.792395 0.836017 0.040190 0.022767
5 0.527010 0.478925 0.915460 0.835883
9 0.047695 0.356867 0.024250 0.028400
7 0.375670 0.335033 0.029740 0.028133
7 0.338295 0.075167 0.033750 0.028133
9 0.047250 0.254250 0.024700 0.026533
