8 0.095880 0.927708 0.042840 0.031083
8 0.288210 0.928875 0.037720 0.030317
8 0.479605 0.926550 0.045630 0.030300
8 0.672160 0.928492 0.044700 0.027983
7 0.407080 0.075117 0.046880 0.031267
7 0.365220 0.587492 0.028800 0.026783
7 0.325700 0.696883 0.031480 0.029033
7 0.289200 0.164417 0.033480 0.024567
7 0.250355 0.483675 0.026790 0.017850
7 0.211505 0.579675 0.028130 0.026783
7 0.172995 0.507117 0.031470 0.029033
7 0.133480 0.330742 0.028800 0.033483
7 0.094295 0.675117 0.034830 0.030133
9 0.038180 0.776700 0.017360 0.036267
8 0.863790 0.928100 0.044700 0.028767
7 0.097165 0.512217 0.026810 0.023867
7 0.134720 0.569333 0.026940 0.023267
7 0.212865 0.602408 0.027850 0.019383
7 0.173435 0.837533 0.031370 0.030467
7 0.250185 0.253775 0.027710 0.025383
7 0.289605 0.877225 0.027730 0.030317
7 0.327250 0.837742 0.030260 0.031017
7 0.364320 0.364633 0.026020 0.027833
7 0.401860 0.403417 0.032140 0.025733
7 0.441815 0.767450 0.025050 0.022333
7 0.481215 0.436292 0.026270 0.023783
7 0.520105 0.495217 0.028390 0.020267
7 0.558065 0.294967 0.024090 0.019833
7 0.594540 0.673175 0.025040 0.027617
7 0.635465 0.503658 0.027030 0.023017
7 0.710965 0.850050 0.033790 0.024967
7 0.749980 0.343017 0.033380 0.029967
7 0.827220 0.388975 0.027180 0.018350
7 0.866050 0.377075 0.028360 0.019817
7 0.905750 0.529758 0.026900 0.023750
7 0.941860 0.394967 0.030840 0.021533
0 0.520700 0.944267 0.932320 0.085633
7 0.943230 0.363675 0.032820 0.030150
7 0.903710 0.441258 0.030140 0.035717
7 0.864525 0.701350 0.036150 0.029033
7 0.825350 0.247025 0.031480 0.033483
7 0.788845 0.650000 0.025450 0.029033
7 0.751335 0.666742 0.024110 0.029017
7 0.715175 0.379858 0.028130 0.026783
7 0.671300 0.695767 0.028800 0.026800
7 0.632455 0.732608 0.031470 0.029017
7 0.596960 0.534467 0.034160 0.034600
7 0.517260 0.713067 0.030140 0.030133
7 0.556100 0.282742 0.036840 0.029017
7 0.482765 0.547858 0.037510 0.027917
7 0.440900 0.719767 0.032820 0.030133
10 0.520380 0.960117 0.042620 0.035867
9 0.042365 0.591575 0.013450 0.034417
9 0.041250 0.412975 0.010100 0.034417
9 0.040130 0.235767 0.015680 0.031633
5 0.521440 0.480158 0.931060 0.843317
3 0.859640 0.851167 0.240300 0.095967
2 0.521845 0.036950 0.188710 0.044300
1 0.032595 0.479408 0.042830 0.862550
11 0.023205 0.483900 0.020430 0.241500
