7 0.715120 0.649908 0.036280 0.036283
7 0.678000 0.512692 0.033480 0.024183
7 0.601255 0.756425 0.035170 0.035350
7 0.640880 0.120600 0.036280 0.030700
7 0.563585 0.192692 0.039070 0.035350
7 0.527860 0.072700 0.032380 0.022333
7 0.490185 0.120608 0.028470 0.023250
7 0.450000 0.799675 0.028460 0.026983
9 0.045430 0.201808 0.028520 0.034417
7 0.110650 0.280600 0.034040 0.028833
7 0.145540 0.071767 0.030140 0.026033
7 0.182650 0.504325 0.028460 0.026050
7 0.262465 0.478283 0.044090 0.018600
7 0.412885 0.332700 0.027910 0.028833
7 0.373815 0.506650 0.026790 0.028833
7 0.336140 0.554100 0.032940 0.028833
7 0.297630 0.146192 0.030700 0.026050
7 0.218930 0.833167 0.034040 0.030700
10 0.528035 0.960583 0.043010 0.030567
8 0.866900 0.927717 0.043420 0.029067
0 0.526590 0.943875 0.917700 0.086417
1 0.039155 0.473950 0.057550 0.853133
9 0.046270 0.076700 0.029080 0.031633
2 0.527220 0.036200 0.187520 0.044800
3 0.860260 0.097333 0.241540 0.049533
5 0.528125 0.483250 0.917690 0.839600
9 0.046270 0.799025 0.031320 0.030683
9 0.047665 0.677625 0.026290 0.037217
9 0.047385 0.554367 0.024610 0.030700
9 0.048785 0.438558 0.030750 0.024183
9 0.045995 0.320883 0.026290 0.036267
8 0.677365 0.926325 0.041470 0.029150
8 0.489765 0.926325 0.041470 0.026550
8 0.296355 0.930525 0.042250 0.033650
8 0.106825 0.927292 0.042250 0.033650
11 0.022195 0.482592 0.020210 0.241883
7 0.942835 0.228975 0.031810 0.027917
7 0.906835 0.508517 0.033490 0.030700
7 0.866370 0.724325 0.029580 0.036283
7 0.828420 0.206650 0.026240 0.033500
7 0.791860 0.391300 0.034600 0.032567
7 0.752515 0.588508 0.032930 0.036283
