7 0.713835 0.734842 0.032150 0.031250
7 0.635130 0.682933 0.030140 0.034600
7 0.597625 0.176692 0.033490 0.035717
7 0.557440 0.149908 0.032820 0.029017
7 0.518260 0.092975 0.027460 0.033483
8 0.861465 0.929217 0.055390 0.033333
8 0.671695 0.928833 0.044230 0.031000
8 0.479140 0.927283 0.043300 0.031000
8 0.287045 0.926508 0.041450 0.031017
8 0.095885 0.924183 0.044230 0.032567
11 0.023205 0.484267 0.023130 0.232533
10 0.519350 0.960433 0.045800 0.033367
7 0.482765 0.373717 0.029470 0.030133
7 0.443580 0.732042 0.036840 0.023450
7 0.404400 0.175025 0.035500 0.025683
7 0.365555 0.628233 0.030810 0.025667
7 0.327710 0.415575 0.031480 0.033483
7 0.290875 0.298375 0.036830 0.022317
7 0.248345 0.127583 0.025450 0.024567
7 0.211170 0.126467 0.030140 0.024567
7 0.177345 0.349717 0.033490 0.026800
7 0.133815 0.078467 0.032150 0.031267
7 0.093960 0.095767 0.034160 0.032367
9 0.040190 0.618900 0.012320 0.026467
9 0.041355 0.795300 0.013730 0.030367
9 0.040590 0.261425 0.010340 0.030650
9 0.040420 0.439767 0.009980 0.028033
0 0.519050 0.940733 0.931840 0.078567
1 0.030790 0.480692 0.050560 0.861683
2 0.519005 0.038658 0.189610 0.042850
3 0.859945 0.114875 0.247110 0.090817
5 0.520325 0.480158 0.933290 0.835883
9 0.040695 0.081783 0.013950 0.026367
7 0.947915 0.092417 0.036830 0.025667
7 0.908065 0.345817 0.032810 0.034600
7 0.865530 0.659483 0.028800 0.032367
7 0.905630 0.872375 0.032200 0.021317
7 0.943460 0.666183 0.034020 0.031667
7 0.864150 0.307408 0.030380 0.023150
7 0.824865 0.636950 0.029230 0.016400
7 0.789680 0.715008 0.025740 0.026150
7 0.751325 0.584200 0.025030 0.021733
7 0.711105 0.313408 0.027710 0.023617
7 0.675180 0.768825 0.028580 0.023983
7 0.635840 0.749433 0.029000 0.026800
7 0.597420 0.735017 0.027080 0.025733
7 0.557910 0.400942 0.029820 0.019383
7 0.519375 0.319050 0.026650 0.031367
7 0.480865 0.626567 0.029610 0.029967
7 0.442700 0.508617 0.028380 0.023200
7 0.403750 0.571275 0.028900 0.021150
7 0.290200 0.874158 0.029100 0.024117
7 0.326985 0.274000 0.028550 0.019733
7 0.250445 0.286625 0.028130 0.023617
7 0.211400 0.540117 0.031300 0.019733
7 0.133480 0.484383 0.028560 0.024333
7 0.096995 0.817683 0.029190 0.023967
7 0.826690 0.591950 0.034160 0.031267
7 0.789515 0.109167 0.042870 0.032367
7 0.750665 0.634933 0.030810 0.036833
7 0.673310 0.512692 0.028800 0.031250
