8 0.866845 0.927658 0.043630 0.029150
8 0.488445 0.926900 0.040370 0.027367
8 0.299585 0.928333 0.045510 0.030500
8 0.107935 0.927433 0.041210 0.031400
11 0.021520 0.485017 0.022460 0.234767
10 0.527565 0.960583 0.042830 0.033067
9 0.046830 0.161817 0.026840 0.038133
7 0.867490 0.382000 0.031820 0.038133
7 0.524230 0.112700 0.029580 0.026033
7 0.490190 0.358742 0.035160 0.025117
7 0.449725 0.832700 0.026790 0.027900
7 0.412605 0.766658 0.026230 0.024183
7 0.368515 0.792700 0.031810 0.022333
7 0.296790 0.805258 0.031260 0.023250
9 0.047385 0.267392 0.024610 0.024183
9 0.047105 0.375308 0.026290 0.033483
9 0.046550 0.482750 0.025180 0.030700
9 0.047665 0.589725 0.025170 0.036283
7 0.335025 0.356883 0.035170 0.028833
7 0.258560 0.615483 0.028460 0.030700
7 0.221440 0.071767 0.034600 0.018600
7 0.183765 0.415492 0.032930 0.032550
7 0.146930 0.538275 0.029580 0.023250
7 0.109255 0.527583 0.033490 0.031633
7 0.904605 0.833158 0.029030 0.023250
7 0.944510 0.835492 0.028460 0.026050
5 0.525150 0.482017 0.916200 0.837133
3 0.860875 0.872842 0.244010 0.054683
2 0.526765 0.035700 0.189610 0.043800
1 0.037975 0.475517 0.059910 0.851567
0 0.525645 0.943875 0.918650 0.086417
9 0.048220 0.695300 0.028520 0.027900
9 0.047670 0.798092 0.028520 0.036283
7 0.828980 0.072692 0.030700 0.024183
7 0.791580 0.692700 0.025120 0.030700
7 0.753625 0.549908 0.027350 0.027917
7 0.714835 0.179208 0.026790 0.026983
7 0.678560 0.464792 0.030140 0.025117
7 0.638370 0.380142 0.023440 0.026983
7 0.601255 0.356883 0.034050 0.028833
7 0.563585 0.136883 0.021210 0.029767
8 0.677625 0.925867 0.042010 0.027367
