8 0.867275 0.926508 0.045630 0.034117
0 0.526355 0.940733 0.919110 0.081700
1 0.038790 0.478983 0.058300 0.863400
2 0.527215 0.036942 0.186330 0.045283
3 0.859640 0.097842 0.244020 0.054683
5 0.525525 0.478925 0.918430 0.835883
7 0.942895 0.219675 0.037510 0.030150
7 0.904045 0.259300 0.033490 0.031267
7 0.868545 0.410558 0.028130 0.030150
7 0.827695 0.813533 0.030810 0.027900
7 0.792195 0.450183 0.032150 0.035733
7 0.754685 0.315117 0.032150 0.022333
7 0.714170 0.165533 0.032820 0.033500
7 0.678000 0.762742 0.034160 0.031250
7 0.640490 0.666183 0.040860 0.032367
7 0.598635 0.742092 0.033490 0.030150
7 0.560455 0.665625 0.037510 0.033483
7 0.523950 0.303392 0.035500 0.027917
7 0.488120 0.519392 0.034820 0.031250
7 0.448605 0.375392 0.033490 0.031250
7 0.411095 0.596417 0.036170 0.033500
7 0.372590 0.079017 0.030140 0.034600
7 0.337760 0.571300 0.035500 0.030133
7 0.296565 0.410558 0.029470 0.023450
7 0.262745 0.632142 0.032150 0.029017
7 0.223230 0.836975 0.030140 0.025683
7 0.185050 0.754925 0.028800 0.029017
7 0.146535 0.230833 0.026790 0.018967
7 0.107695 0.218558 0.032150 0.027917
9 0.047350 0.876975 0.034420 0.031783
9 0.045950 0.779300 0.025120 0.044200
9 0.047115 0.683958 0.035810 0.037983
9 0.046880 0.585892 0.026980 0.044950
9 0.046185 0.493250 0.032090 0.036433
9 0.046885 0.392483 0.024190 0.036433
9 0.046650 0.298292 0.028380 0.035650
9 0.044095 0.199842 0.029770 0.038750
9 0.044255 0.100883 0.031430 0.034833
10 0.527480 0.960267 0.043360 0.030567
11 0.021155 0.486292 0.020410 0.242250
8 0.109370 0.928450 0.041440 0.030233
8 0.298205 0.927675 0.046090 0.037983
8 0.487045 0.926508 0.044230 0.029450
8 0.679605 0.926892 0.047030 0.034883
