10 0.527010 0.958558 0.038320 0.030883
7 0.942160 0.492267 0.031480 0.030133
7 0.904650 0.804825 0.028800 0.025683
7 0.867140 0.338225 0.028800 0.030150
7 0.827295 0.317017 0.029470 0.021200
7 0.793135 0.418592 0.032150 0.030150
7 0.753280 0.258967 0.027460 0.025667
7 0.714100 0.404083 0.034820 0.039067
7 0.676930 0.496733 0.030140 0.032367
7 0.641765 0.606133 0.032150 0.030133
7 0.600575 0.687617 0.034150 0.027900
2 0.526170 0.036450 0.187220 0.043300
9 0.047975 0.380233 0.022330 0.038133
9 0.047140 0.475583 0.024000 0.026033
9 0.048530 0.581158 0.027900 0.034417
7 0.524890 0.372825 0.027460 0.025683
7 0.562735 0.075342 0.028130 0.026783
7 0.409355 0.719433 0.032150 0.031267
7 0.448875 0.534692 0.032150 0.021217
7 0.485710 0.112733 0.040180 0.032367
7 0.296835 0.832733 0.034830 0.032367
7 0.337355 0.396825 0.034150 0.020083
7 0.223160 0.698783 0.036160 0.025667
7 0.371850 0.117758 0.037500 0.029017
7 0.258655 0.099892 0.036170 0.035717
7 0.184985 0.188083 0.033490 0.026800
7 0.144460 0.246125 0.036840 0.026783
7 0.108255 0.166283 0.032370 0.021400
9 0.047695 0.875575 0.027350 0.035350
9 0.047140 0.776975 0.024000 0.035350
9 0.045460 0.674183 0.026240 0.032567
1 0.037055 0.490442 0.060810 0.851550
11 0.021520 0.487450 0.022460 0.240367
8 0.107930 0.926417 0.038560 0.024033
8 0.298680 0.926742 0.037920 0.024250
8 0.487805 0.927283 0.036870 0.021000
8 0.677875 0.927158 0.037850 0.028050
8 0.867945 0.927750 0.040770 0.024633
0 0.525885 0.939158 0.918170 0.073850
9 0.044625 0.082558 0.032370 0.034417
9 0.046860 0.181625 0.030140 0.035350
9 0.046295 0.277908 0.032370 0.032550
3 0.859675 0.872175 0.243650 0.055250
5 0.526635 0.482633 0.917690 0.838367
