9 0.047110 0.172517 0.027400 0.031633
9 0.047110 0.672517 0.028520 0.028833
9 0.045430 0.770650 0.029640 0.033500
9 0.046550 0.871575 0.029640 0.034417
9 0.045990 0.070650 0.027400 0.028833
7 0.788510 0.659483 0.027460 0.034600
7 0.752675 0.668975 0.025450 0.031250
7 0.111045 0.189533 0.033490 0.030133
7 0.146870 0.719208 0.032820 0.026783
7 0.183040 0.200142 0.024780 0.033483
7 0.258725 0.317908 0.035490 0.032383
7 0.220885 0.574650 0.028130 0.025667
7 0.715510 0.398842 0.030140 0.031250
7 0.525625 0.219117 0.029470 0.031267
7 0.488120 0.156050 0.028800 0.032367
7 0.451285 0.771117 0.036170 0.034600
7 0.410760 0.223025 0.028800 0.027917
7 0.374260 0.623767 0.034820 0.030133
7 0.334745 0.634933 0.033490 0.030133
7 0.298240 0.731492 0.034160 0.033483
10 0.527660 0.961367 0.040020 0.035233
9 0.046270 0.472508 0.026840 0.032550
9 0.046830 0.569725 0.024620 0.037217
11 0.021745 0.484275 0.018410 0.239250
8 0.108115 0.928175 0.044150 0.026950
8 0.298400 0.926825 0.040400 0.028750
8 0.488445 0.926833 0.039830 0.026067
8 0.677115 0.927725 0.038790 0.030550
8 0.868235 0.927350 0.041450 0.026467
7 0.674315 0.075675 0.038170 0.034617
7 0.831045 0.074000 0.030810 0.031267
7 0.866870 0.388233 0.031480 0.027900
7 0.902035 0.352517 0.037510 0.034600
7 0.941220 0.218558 0.032820 0.030150
7 0.601980 0.833067 0.034820 0.033500
7 0.640825 0.633250 0.045550 0.022333
7 0.567490 0.408883 0.039520 0.033500
0 0.526830 0.942300 0.920060 0.080133
1 0.037240 0.479408 0.062440 0.862550
2 0.526770 0.038692 0.189020 0.046783
3 0.192480 0.872842 0.239680 0.054683
5 0.527010 0.480167 0.918440 0.840833
9 0.047665 0.370650 0.027410 0.033500
9 0.045990 0.271117 0.027400 0.031633
