7 0.299580 0.381533 0.030140 0.031633
7 0.754350 0.811300 0.030140 0.023433
7 0.827360 0.747108 0.038180 0.044650
7 0.869550 0.780042 0.031480 0.018983
7 0.906055 0.837533 0.036170 0.020100
7 0.791525 0.090183 0.032150 0.034600
7 0.714280 0.077350 0.032380 0.022333
7 0.676045 0.293625 0.034050 0.026983
7 0.637535 0.388142 0.030690 0.028850
7 0.601255 0.693158 0.040750 0.026050
7 0.522555 0.741533 0.032930 0.029767
7 0.451115 0.781075 0.032930 0.025117
7 0.489625 0.583392 0.032930 0.033483
9 0.046830 0.092050 0.029080 0.030700
7 0.561350 0.257817 0.031260 0.031633
9 0.045990 0.197167 0.027400 0.032567
9 0.045990 0.303217 0.028520 0.030700
9 0.047945 0.406933 0.024610 0.033500
9 0.049620 0.512517 0.027960 0.030700
9 0.046270 0.614833 0.029080 0.038133
9 0.046830 0.722750 0.026840 0.038133
9 0.045715 0.827867 0.024610 0.040000
7 0.945905 0.116975 0.040850 0.027917
7 0.371585 0.428517 0.032370 0.030700
8 0.866835 0.926358 0.041970 0.028083
8 0.678025 0.928542 0.039470 0.029917
8 0.488205 0.927108 0.037030 0.025083
1 0.036740 0.475125 0.061120 0.852350
0 0.526590 0.940733 0.917700 0.081700
8 0.298785 0.928783 0.038150 0.030700
8 0.106835 0.927983 0.044190 0.029533
11 0.021855 0.485208 0.023130 0.233650
10 0.527195 0.959800 0.042450 0.033367
7 0.411210 0.274558 0.034600 0.020450
2 0.528710 0.039683 0.189320 0.036833
3 0.859020 0.094233 0.239060 0.049533
5 0.527755 0.483258 0.918430 0.844550
7 0.107300 0.502933 0.030700 0.028833
7 0.334465 0.502467 0.034050 0.027900
7 0.143305 0.286650 0.032370 0.027900
7 0.184045 0.265725 0.031250 0.017683
7 0.222280 0.420142 0.034040 0.023250
7 0.257720 0.368050 0.031260 0.032567
