0 0.519755 0.940725 0.931370 0.076983
7 0.097915 0.496733 0.033490 0.023433
7 0.132745 0.244450 0.030810 0.030133
7 0.209765 0.746783 0.033490 0.032367
10 0.520565 0.959500 0.043370 0.033367
11 0.021745 0.482967 0.021110 0.243367
8 0.096360 0.927875 0.044960 0.031083
8 0.288605 0.930775 0.044970 0.026550
8 0.481050 0.928842 0.043800 0.027850
8 0.672910 0.927550 0.040700 0.029133
8 0.864960 0.928517 0.038760 0.032367
7 0.175270 0.137292 0.044880 0.030150
2 0.519900 0.040433 0.186020 0.037333
3 0.179480 0.114358 0.242160 0.081517
5 0.519580 0.480783 0.928840 0.842067
9 0.039165 0.790083 0.011630 0.036433
9 0.041720 0.616817 0.015820 0.037200
9 0.039860 0.432708 0.013020 0.031783
9 0.040790 0.253642 0.015820 0.027117
9 0.039860 0.075733 0.014880 0.031000
7 0.943500 0.125017 0.027460 0.036833
7 0.903980 0.601667 0.028800 0.027900
7 0.864530 0.588608 0.022100 0.029017
7 0.826625 0.223808 0.025450 0.033483
1 0.030220 0.502833 0.048080 0.889267
7 0.788780 0.205383 0.024780 0.034600
7 0.748925 0.728917 0.033490 0.032367
7 0.710085 0.354408 0.028130 0.029017
7 0.633055 0.359992 0.034830 0.020083
7 0.672575 0.077017 0.030810 0.027900
7 0.598230 0.505108 0.037500 0.024550
7 0.556705 0.357758 0.033490 0.033483
7 0.518860 0.092642 0.031480 0.032383
7 0.482025 0.695992 0.034150 0.026783
7 0.443180 0.187525 0.038180 0.034617
7 0.402990 0.705475 0.032820 0.027917
7 0.366160 0.565942 0.032820 0.030150
7 0.328985 0.559250 0.026790 0.030133
7 0.287455 0.692083 0.032150 0.025667
7 0.250285 0.635708 0.036830 0.022317
