9 0.039570 0.098558 0.017920 0.030683
10 0.520555 0.960442 0.041150 0.028983
11 0.021965 0.484642 0.020210 0.238517
8 0.095415 0.927325 0.041910 0.031850
8 0.288675 0.930042 0.038650 0.027983
8 0.480530 0.925383 0.037260 0.029533
8 0.670770 0.926550 0.046560 0.034967
8 0.864020 0.926933 0.045160 0.035733
1 0.031565 0.481558 0.046950 0.859950
2 0.521395 0.037933 0.187810 0.035333
3 0.859020 0.116933 0.241540 0.084633
5 0.519950 0.482017 0.931060 0.842067
7 0.287860 0.158275 0.032140 0.025683
7 0.326370 0.244792 0.036840 0.031250
9 0.041805 0.442275 0.014570 0.024183
9 0.039290 0.272508 0.017360 0.036283
7 0.211505 0.705258 0.032150 0.027917
7 0.131820 0.321783 0.041560 0.033433
0 0.517665 0.939958 0.933730 0.080117
7 0.366560 0.171117 0.034160 0.029033
7 0.406070 0.081817 0.034160 0.026800
7 0.482095 0.176700 0.032150 0.026800
7 0.441905 0.584700 0.041530 0.030133
7 0.520935 0.340792 0.030810 0.035717
7 0.557440 0.308975 0.036840 0.032383
7 0.596290 0.758833 0.028800 0.030133
7 0.637475 0.167767 0.033490 0.031267
7 0.673645 0.493167 0.036170 0.030133
7 0.712495 0.461908 0.032150 0.025683
7 0.750665 0.447400 0.032150 0.032367
7 0.789515 0.433442 0.033490 0.031250
7 0.826355 0.168883 0.032150 0.029033
7 0.865530 0.305075 0.030140 0.035717
7 0.904715 0.260417 0.036170 0.024567
7 0.939210 0.469717 0.035500 0.030133
7 0.093290 0.708542 0.027460 0.032483
9 0.039575 0.790192 0.014570 0.033483
9 0.041250 0.614375 0.011220 0.031617
7 0.173330 0.076233 0.038840 0.026800
7 0.248010 0.121442 0.032820 0.025683
