9 0.047945 0.454842 0.029070 0.034417
7 0.107695 0.150467 0.030810 0.027900
7 0.145535 0.349717 0.035490 0.022333
7 0.186055 0.073442 0.037510 0.021217
7 0.222225 0.332975 0.036170 0.026783
7 0.263415 0.416700 0.039510 0.026800
7 0.297235 0.627117 0.026790 0.032367
7 0.336420 0.388233 0.028800 0.027900
7 0.375260 0.140975 0.027460 0.035717
7 0.414445 0.091858 0.033490 0.029017
7 0.449945 0.543958 0.038850 0.033483
7 0.484105 0.189533 0.033490 0.027900
7 0.528305 0.488700 0.036170 0.027900
7 0.563470 0.276600 0.035500 0.025667
7 0.601985 0.249258 0.026790 0.040183
7 0.638480 0.302283 0.026120 0.036833
7 0.678670 0.403858 0.027460 0.032383
5 0.526640 0.481400 0.914720 0.843300
3 0.859330 0.851692 0.240920 0.086683
2 0.525875 0.037192 0.189010 0.044783
1 0.038530 0.470375 0.056760 0.861683
0 0.527295 0.937200 0.923830 0.077767
7 0.717180 0.358092 0.037500 0.027917
7 0.754015 0.134833 0.033490 0.030133
7 0.791860 0.518833 0.027460 0.030133
7 0.830040 0.555675 0.030140 0.023450
7 0.870890 0.554558 0.026120 0.030150
7 0.904045 0.205158 0.033490 0.025683
7 0.943900 0.548975 0.035500 0.023450
9 0.044875 0.845067 0.029630 0.031633
9 0.046825 0.749717 0.031310 0.030700
9 0.047945 0.651575 0.031310 0.035350
9 0.048225 0.555767 0.025170 0.037200
9 0.047110 0.361350 0.027400 0.039067
9 0.046270 0.260417 0.026840 0.038133
9 0.046270 0.161817 0.026840 0.043733
9 0.045710 0.063217 0.022380 0.030700
10 0.527660 0.960758 0.041140 0.028350
11 0.022865 0.483900 0.022010 0.238500
8 0.108905 0.928875 0.043770 0.033417
8 0.298675 0.925775 0.041910 0.034950
8 0.485415 0.927325 0.042370 0.033417
8 0.675415 0.927325 0.049350 0.033417
8 0.865885 0.928483 0.046090 0.032633
