7 0.373595 0.593075 0.028130 0.035717
11 0.021970 0.486700 0.019760 0.239633
8 0.108180 0.926100 0.041480 0.033600
8 0.298410 0.926842 0.047680 0.035583
8 0.485620 0.927483 0.043800 0.034300
8 0.677675 0.927167 0.039530 0.031067
8 0.864110 0.928458 0.045740 0.031083
9 0.047665 0.835767 0.026290 0.046500
9 0.049065 0.726467 0.031310 0.032567
9 0.046550 0.622283 0.027400 0.032567
9 0.048225 0.519950 0.029630 0.040000
9 0.045435 0.416233 0.030750 0.037200
9 0.047385 0.312042 0.026850 0.035350
9 0.047385 0.204600 0.026850 0.040000
9 0.045710 0.098558 0.030200 0.032550
7 0.410760 0.594742 0.028800 0.027917
10 0.528040 0.960275 0.047480 0.031817
7 0.450615 0.268233 0.030810 0.031267
7 0.488790 0.537817 0.037500 0.036833
7 0.524955 0.742092 0.030810 0.032383
7 0.110375 0.455208 0.032150 0.023450
7 0.562800 0.821350 0.032820 0.018967
7 0.603990 0.173350 0.025460 0.024567
7 0.639485 0.835858 0.034830 0.025683
7 0.676995 0.718650 0.034150 0.027900
7 0.713835 0.229717 0.034830 0.032367
7 0.754015 0.076233 0.037510 0.024567
7 0.789850 0.288883 0.035500 0.030133
7 0.830375 0.243117 0.030810 0.032367
7 0.866870 0.496508 0.032820 0.030150
7 0.904045 0.575767 0.034830 0.027900
7 0.941890 0.552325 0.030140 0.027917
0 0.525645 0.941908 0.919590 0.084050
1 0.038015 0.475967 0.058830 0.860833
2 0.524085 0.039442 0.193190 0.046283
7 0.298240 0.547300 0.038180 0.022333
7 0.256720 0.436233 0.031480 0.036833
7 0.224905 0.584142 0.026790 0.022317
7 0.146200 0.658925 0.031480 0.029017
7 0.183375 0.181717 0.037510 0.036833
3 0.194030 0.871808 0.242780 0.062950
5 0.526270 0.485108 0.919920 0.843317
7 0.334075 0.130367 0.033490 0.036833
