7 0.791995 0.077833 0.026530 0.036167
9 0.046830 0.096325 0.027400 0.038150
9 0.046830 0.200975 0.027400 0.031617
9 0.047105 0.306092 0.025730 0.031617
9 0.047105 0.414000 0.024610 0.033500
9 0.046550 0.517717 0.022380 0.028833
9 0.046830 0.625158 0.028520 0.035350
9 0.045715 0.723767 0.031870 0.033500
9 0.045155 0.833533 0.025170 0.039067
7 0.108425 0.782367 0.032150 0.030933
7 0.146205 0.700058 0.035370 0.024117
7 0.182375 0.394642 0.036970 0.034817
7 0.220950 0.473667 0.033760 0.021433
7 0.258325 0.473667 0.024910 0.021433
7 0.298910 0.497108 0.038580 0.038850
7 0.333470 0.611642 0.033760 0.026783
7 0.374060 0.269392 0.026520 0.033483
8 0.866770 0.925125 0.040380 0.023683
8 0.677720 0.928192 0.039080 0.030683
8 0.488540 0.926742 0.040380 0.026917
8 0.298130 0.926742 0.038760 0.025850
8 0.108695 0.927550 0.040370 0.025300
11 0.021295 0.483150 0.024250 0.234767
10 0.526725 0.960733 0.040770 0.031500
7 0.452020 0.271400 0.040980 0.026800
7 0.414245 0.824625 0.031350 0.018750
7 0.486580 0.422100 0.029740 0.025467
7 0.525560 0.837358 0.033760 0.033483
7 0.564540 0.708758 0.031340 0.025450
7 0.599505 0.426117 0.032150 0.030800
7 0.636875 0.301542 0.036170 0.028117
7 0.675855 0.544000 0.035370 0.030800
5 0.525155 0.482017 0.919170 0.837133
3 0.193100 0.873875 0.242160 0.054683
2 0.525725 0.039683 0.191110 0.033833
1 0.037975 0.481017 0.058970 0.853133
0 0.527060 0.941908 0.917700 0.082483
7 0.714840 0.230550 0.039380 0.030800
7 0.749800 0.740908 0.040180 0.030817
7 0.864330 0.617675 0.037780 0.033483
7 0.826150 0.802525 0.046620 0.025450
7 0.906125 0.705408 0.032950 0.032150
7 0.942290 0.598250 0.026520 0.045533
