10 0.527100 0.959958 0.041140 0.030550
9 0.045435 0.121350 0.024050 0.046500
9 0.046270 0.349725 0.023500 0.034417
9 0.046270 0.236700 0.026840 0.033500
7 0.110370 0.373158 0.038840 0.026783
7 0.143525 0.714183 0.038170 0.030133
7 0.186390 0.080692 0.030140 0.033483
7 0.221890 0.388233 0.036840 0.027900
7 0.259395 0.596975 0.026130 0.030150
7 0.298240 0.200142 0.034160 0.029017
7 0.335750 0.633258 0.028800 0.035717
7 0.372925 0.674558 0.028130 0.024550
7 0.411430 0.832508 0.031480 0.030150
7 0.446595 0.474742 0.036170 0.020083
0 0.526590 0.940342 0.920540 0.079350
1 0.039045 0.473392 0.057790 0.860817
2 0.526770 0.037692 0.187820 0.043783
3 0.191860 0.094750 0.243400 0.050567
7 0.488460 0.308417 0.028800 0.033500
7 0.526630 0.818558 0.031480 0.042417
7 0.565135 0.575767 0.032130 0.030133
7 0.600640 0.832508 0.037500 0.030150
7 0.641160 0.323483 0.034160 0.041300
5 0.525525 0.479542 0.916950 0.837117
9 0.047110 0.577633 0.028520 0.038133
9 0.046830 0.692042 0.023500 0.034417
9 0.046830 0.803208 0.027960 0.035350
7 0.674650 0.266558 0.040860 0.032383
7 0.715510 0.167208 0.032820 0.025683
9 0.047945 0.462275 0.025730 0.034417
7 0.756695 0.160508 0.028130 0.032383
7 0.791860 0.252042 0.031480 0.021217
7 0.828700 0.074000 0.035500 0.033500
7 0.864530 0.446283 0.032140 0.032367
7 0.905720 0.517717 0.035500 0.034600
7 0.942895 0.343025 0.026790 0.026783
8 0.864255 0.930425 0.046550 0.031850
8 0.676115 0.928492 0.041450 0.031083
8 0.484255 0.922675 0.052130 0.034950
8 0.296810 0.926933 0.044700 0.035733
8 0.108205 0.928875 0.046090 0.034950
11 0.021745 0.480158 0.022010 0.244483
