7 0.523215 0.234967 0.037510 0.033500
7 0.638080 0.690408 0.031480 0.026783
7 0.909675 0.103800 0.028130 0.036833
7 0.943160 0.790317 0.032140 0.030133
7 0.868145 0.213200 0.028130 0.032367
7 0.827960 0.233850 0.037500 0.029033
7 0.788445 0.647992 0.033490 0.026783
7 0.752275 0.393475 0.029470 0.026783
8 0.867125 0.928283 0.042870 0.022800
8 0.677365 0.928467 0.038830 0.026167
8 0.488050 0.926967 0.039280 0.026167
8 0.296155 0.929400 0.043090 0.028033
8 0.107855 0.928842 0.037930 0.025417
11 0.021630 0.486333 0.020880 0.234400
10 0.526730 0.958875 0.038880 0.033983
7 0.601910 0.352175 0.034160 0.033483
5 0.526635 0.480783 0.917690 0.842067
7 0.107625 0.617292 0.035490 0.023450
7 0.147475 0.324825 0.041530 0.034617
7 0.183980 0.121667 0.034160 0.027900
7 0.221155 0.375058 0.033490 0.039083
7 0.259660 0.548083 0.035500 0.025667
7 0.298175 0.800367 0.025450 0.034600
7 0.489725 0.354967 0.033490 0.032367
7 0.450545 0.074783 0.040850 0.034600
7 0.413375 0.253383 0.033490 0.027900
7 0.336020 0.835525 0.030140 0.029017
7 0.373855 0.476083 0.032150 0.024567
9 0.046140 0.879608 0.023720 0.029450
9 0.047995 0.775733 0.026510 0.029467
9 0.047065 0.675733 0.024650 0.034100
9 0.047995 0.573800 0.026510 0.030233
9 0.047530 0.474958 0.025580 0.024817
9 0.046835 0.372633 0.025110 0.034100
9 0.045905 0.270700 0.025110 0.033333
9 0.047070 0.171858 0.021860 0.031017
9 0.046140 0.068758 0.025580 0.026350
3 0.857780 0.100942 0.246500 0.044383
2 0.528855 0.036700 0.189610 0.043800
1 0.036580 0.477875 0.060800 0.859417
7 0.676930 0.620642 0.034160 0.021217
0 0.526825 0.939942 0.919110 0.076983
7 0.716775 0.265108 0.032150 0.033483
7 0.563405 0.105475 0.041530 0.026783
