9 0.045535 0.677392 0.023610 0.026917
9 0.046745 0.874358 0.025190 0.033917
7 0.830305 0.836642 0.032810 0.024550
7 0.905320 0.707708 0.032820 0.030150
7 0.868145 0.552550 0.036170 0.032367
7 0.944165 0.174133 0.036830 0.032367
7 0.791125 0.309200 0.029470 0.025667
7 0.749595 0.807617 0.029470 0.031267
7 0.714765 0.523525 0.029470 0.027917
10 0.527845 0.959183 0.037410 0.033367
11 0.022195 0.484267 0.021110 0.234767
8 0.108965 0.926108 0.040370 0.027283
8 0.298870 0.928467 0.040400 0.025800
8 0.488300 0.925850 0.037480 0.025800
8 0.677915 0.927042 0.043290 0.028417
8 0.868040 0.928075 0.037920 0.028817
7 0.674585 0.094317 0.033490 0.029033
7 0.639085 0.577108 0.034830 0.025683
7 0.599905 0.473850 0.036830 0.029033
7 0.563405 0.073667 0.032150 0.032367
7 0.527235 0.584358 0.036170 0.035717
7 0.486710 0.424175 0.031480 0.025683
7 0.448540 0.223808 0.031480 0.033483
7 0.412705 0.319250 0.034830 0.030133
7 0.373520 0.711617 0.032820 0.031267
7 0.334345 0.332642 0.036170 0.021217
7 0.296500 0.701017 0.030140 0.025667
7 0.258990 0.757383 0.032820 0.024567
7 0.223495 0.644642 0.035490 0.022317
7 0.185990 0.758500 0.038180 0.022333
0 0.526825 0.940333 0.919110 0.077767
1 0.037975 0.486908 0.059910 0.853917
2 0.527220 0.038683 0.188120 0.041800
3 0.192480 0.870783 0.240920 0.048500
5 0.524410 0.477683 0.917680 0.840833
7 0.147140 0.711617 0.035500 0.026800
7 0.105620 0.431992 0.034160 0.023450
9 0.045970 0.482950 0.024800 0.032300
9 0.047325 0.386042 0.022090 0.029717
9 0.047135 0.286242 0.024030 0.027783
9 0.047135 0.189342 0.024030 0.026483
9 0.045195 0.089858 0.024810 0.032950
9 0.046985 0.581300 0.023930 0.027467
9 0.045690 0.776175 0.024580 0.029617
