9 0.048220 0.721350 0.028520 0.037200
9 0.047110 0.617167 0.029640 0.039067
9 0.047945 0.512508 0.025730 0.034417
9 0.047105 0.409725 0.030750 0.035350
9 0.047945 0.305533 0.030190 0.037200
9 0.046830 0.200417 0.024620 0.040933
9 0.047385 0.099483 0.031310 0.040000
7 0.525625 0.548417 0.032150 0.031267
7 0.486445 0.360883 0.038170 0.037967
7 0.449275 0.216325 0.034830 0.027917
7 0.411765 0.632142 0.034830 0.033483
7 0.376600 0.494275 0.027460 0.027917
7 0.335080 0.639950 0.032820 0.029033
7 0.297235 0.831392 0.036170 0.025683
10 0.527665 0.959025 0.046730 0.029950
11 0.022195 0.483900 0.021550 0.232533
8 0.108675 0.930425 0.042370 0.034950
7 0.111375 0.671208 0.039510 0.024550
7 0.148880 0.148792 0.030140 0.026783
7 0.182035 0.249258 0.033490 0.035717
7 0.220885 0.188417 0.030810 0.032367
0 0.527300 0.938375 0.920060 0.075417
1 0.038790 0.476833 0.057280 0.847067
2 0.527960 0.037200 0.187220 0.043800
3 0.193095 0.869233 0.235970 0.043333
5 0.526640 0.481400 0.919180 0.840833
8 0.299145 0.930808 0.044710 0.034183
7 0.600645 0.242558 0.034830 0.031250
8 0.490300 0.926550 0.041900 0.031867
8 0.677280 0.930425 0.046560 0.031850
8 0.868910 0.926933 0.048420 0.032633
7 0.566820 0.122558 0.042200 0.025683
7 0.714170 0.116975 0.030140 0.032383
7 0.259060 0.202375 0.025460 0.029017
7 0.675990 0.658367 0.027460 0.036833
7 0.642165 0.119767 0.034830 0.024567
7 0.906390 0.694650 0.030140 0.035733
7 0.941890 0.075675 0.030140 0.030150
7 0.867205 0.499858 0.028130 0.030150
7 0.829370 0.129808 0.030140 0.029017
7 0.793200 0.085717 0.030140 0.025667
9 0.045435 0.825067 0.032990 0.038133
7 0.753345 0.530000 0.037510 0.025667
