8 0.678975 0.925850 0.041390 0.030300
9 0.045955 0.880925 0.026510 0.031783
9 0.047350 0.778600 0.025580 0.033333
9 0.049440 0.678992 0.025120 0.035650
9 0.047115 0.474342 0.025110 0.029450
9 0.045720 0.371633 0.024180 0.033333
9 0.045815 0.268600 0.023250 0.037200
9 0.046415 0.167367 0.026510 0.035667
7 0.224230 0.806650 0.041300 0.027900
7 0.183485 0.529442 0.033490 0.037217
7 0.146605 0.720817 0.036170 0.017400
7 0.106420 0.199067 0.036160 0.024100
7 0.792975 0.376883 0.027910 0.026033
7 0.830650 0.109908 0.030700 0.040917
7 0.867210 0.835958 0.030140 0.026983
7 0.904605 0.687117 0.030130 0.026967
7 0.941445 0.727583 0.026790 0.026033
0 0.526120 0.941517 0.916760 0.080133
7 0.640605 0.446192 0.032370 0.034417
7 0.678280 0.075958 0.030700 0.026983
7 0.753070 0.322467 0.028460 0.023267
7 0.715955 0.741542 0.031250 0.024183
1 0.037030 0.480625 0.058960 0.857050
2 0.526470 0.036700 0.190200 0.043800
3 0.193095 0.095783 0.247110 0.050567
5 0.526640 0.480775 0.919180 0.844550
9 0.048975 0.576667 0.026970 0.032567
7 0.602090 0.783858 0.035720 0.025117
7 0.564700 0.436425 0.029020 0.035350
7 0.526745 0.473625 0.029030 0.024183
7 0.486000 0.150375 0.029020 0.026983
7 0.448885 0.186650 0.031810 0.036267
7 0.411210 0.708975 0.029020 0.027917
7 0.336975 0.754558 0.034610 0.027917
7 0.375210 0.463867 0.028460 0.021400
10 0.527760 0.960267 0.040180 0.029933
7 0.299025 0.244325 0.033490 0.036283
7 0.258560 0.222467 0.030700 0.033500
11 0.021635 0.485950 0.023570 0.241867
8 0.107905 0.925967 0.046970 0.031000
8 0.298975 0.926625 0.043250 0.028750
8 0.488280 0.928558 0.041400 0.031083
8 0.867115 0.927400 0.048370 0.028767
