2 0.526325 0.035950 0.232310 0.049267
3 0.526520 0.957467 0.222960 0.050567
5 0.528125 0.443633 0.910250 0.767767
9 0.050210 0.123600 0.030640 0.026600
7 0.227380 0.382983 0.039380 0.036167
7 0.113655 0.201217 0.044210 0.028133
11 0.022865 0.448750 0.025590 0.213833
10 0.527570 0.914475 0.050280 0.030550
8 0.350350 0.872242 0.037260 0.050383
8 0.229885 0.866042 0.036330 0.050383
8 0.111980 0.865267 0.035860 0.055033
8 0.941045 0.869533 0.040050 0.055800
8 0.822210 0.869533 0.039580 0.055800
8 0.703135 0.870308 0.036790 0.048050
8 0.587325 0.870308 0.039590 0.054250
8 0.465925 0.867983 0.036790 0.058900
7 0.645315 0.301275 0.036170 0.033483
7 0.587850 0.710900 0.020100 0.029467
7 0.527570 0.349500 0.030540 0.028133
7 0.468900 0.400808 0.034560 0.046883
7 0.404600 0.313058 0.039380 0.037517
7 0.348340 0.356867 0.027320 0.034833
7 0.823340 0.570517 0.028940 0.036167
7 0.884425 0.633208 0.020090 0.034817
9 0.052010 0.746975 0.022720 0.030817
9 0.051415 0.656742 0.019790 0.026683
9 0.053630 0.567225 0.018820 0.027583
9 0.049770 0.480200 0.028160 0.027467
9 0.050400 0.389367 0.028960 0.030267
9 0.049510 0.303058 0.027260 0.031683
9 0.050825 0.211125 0.027530 0.033317
7 0.946310 0.539042 0.020900 0.034817
7 0.174735 0.406825 0.032950 0.024117
7 0.293285 0.711567 0.022510 0.028133
7 0.706795 0.136250 0.028130 0.050900
7 0.764265 0.566233 0.030550 0.029467
0 0.529420 0.879067 0.914880 0.099767
1 0.039820 0.447167 0.066560 0.791167
