7 0.110840 0.378025 0.032140 0.033483
0 0.528945 0.871992 0.913930 0.084050
1 0.041885 0.443275 0.063470 0.785117
2 0.531100 0.039925 0.350560 0.039317
3 0.527450 0.953792 0.299120 0.064083
5 0.530725 0.444250 0.911010 0.773967
7 0.265555 0.126467 0.035370 0.048233
7 0.340705 0.712250 0.024110 0.021433
8 0.189420 0.860967 0.019580 0.031100
11 0.022195 0.448942 0.027830 0.191783
7 0.718050 0.618475 0.021700 0.029483
7 0.787170 0.647275 0.031340 0.044217
7 0.875175 0.545067 0.028130 0.033500
7 0.944700 0.156342 0.034560 0.032150
10 0.529160 0.899525 0.065420 0.031817
9 0.047890 0.077842 0.032600 0.027783
9 0.050020 0.166992 0.032200 0.035517
9 0.049630 0.256783 0.030660 0.038100
7 0.417460 0.158617 0.038580 0.042867
7 0.486580 0.534758 0.024920 0.041517
9 0.050410 0.343992 0.027560 0.030350
9 0.049050 0.432175 0.033380 0.029717
9 0.050795 0.524542 0.032210 0.034883
9 0.054285 0.611433 0.019810 0.036833
9 0.053895 0.706075 0.024450 0.031017
9 0.053120 0.789108 0.026780 0.032883
8 0.943370 0.866400 0.026100 0.035733
8 0.792230 0.862942 0.026060 0.034883
8 0.641045 0.860192 0.024230 0.031083
8 0.489415 0.859025 0.024230 0.030317
7 0.566550 0.408842 0.046620 0.038850
7 0.640095 0.224650 0.040990 0.034833
7 0.188395 0.228000 0.028130 0.033500
8 0.338490 0.854767 0.017260 0.026433
