9 0.050745 0.215583 0.030230 0.032567
9 0.048420 0.314033 0.027440 0.032567
1 0.041625 0.442425 0.062950 0.785150
2 0.528410 0.037667 0.207820 0.046833
3 0.523735 0.956900 0.222350 0.055833
7 0.112450 0.421567 0.033760 0.037500
7 0.167905 0.314400 0.032150 0.040200
7 0.228985 0.135575 0.032150 0.033483
7 0.292080 0.268192 0.024920 0.038850
7 0.350350 0.429600 0.028940 0.040200
7 0.406610 0.447017 0.035360 0.042867
7 0.464075 0.585658 0.020090 0.038850
7 0.525155 0.471800 0.023310 0.030800
9 0.050510 0.408600 0.029760 0.034100
9 0.051675 0.508217 0.033950 0.033333
9 0.053300 0.602792 0.021400 0.031783
9 0.053070 0.700458 0.025580 0.034883
9 0.054230 0.793875 0.023260 0.031017
7 0.586240 0.290292 0.026520 0.045550
7 0.643705 0.262833 0.024110 0.041533
7 0.882815 0.315067 0.028130 0.036167
7 0.704790 0.170400 0.035360 0.028133
7 0.765470 0.668708 0.024920 0.030817
5 0.528125 0.446108 0.911750 0.762817
0 0.528710 0.878675 0.911580 0.097417
7 0.824545 0.195175 0.036970 0.032150
7 0.944300 0.705542 0.025720 0.032150
8 0.884845 0.864233 0.026230 0.034433
8 0.767635 0.867025 0.027350 0.038150
8 0.647360 0.861908 0.025680 0.031617
8 0.525405 0.859583 0.016190 0.026967
8 0.406800 0.859117 0.018980 0.031633
8 0.290985 0.857717 0.019530 0.028833
8 0.173215 0.859583 0.020650 0.030700
11 0.021635 0.447075 0.026710 0.169350
10 0.527950 0.900458 0.052520 0.038050
9 0.049345 0.117908 0.035810 0.034117
