9 0.049150 0.239992 0.028680 0.034883
8 0.942695 0.866900 0.039070 0.057367
8 0.824325 0.866508 0.035810 0.055050
8 0.704090 0.870000 0.038140 0.060467
8 0.586415 0.872717 0.040930 0.055033
8 0.468975 0.869608 0.038610 0.055050
7 0.111645 0.653300 0.027330 0.029467
7 0.165895 0.713575 0.031350 0.032150
7 0.228985 0.336100 0.036170 0.036167
7 0.286050 0.558192 0.027320 0.032150
7 0.350750 0.150983 0.039380 0.021433
7 0.406200 0.497925 0.028120 0.048217
7 0.468895 0.705542 0.028130 0.040183
7 0.527570 0.178433 0.037780 0.044200
7 0.585440 0.698183 0.034560 0.049567
7 0.647325 0.357533 0.036970 0.041533
7 0.707200 0.432950 0.028940 0.030800
7 0.766270 0.275550 0.034560 0.034833
7 0.826555 0.130883 0.031350 0.034833
7 0.887635 0.256800 0.031350 0.034833
7 0.943495 0.647950 0.030550 0.034833
9 0.052445 0.774550 0.019770 0.029067
9 0.052245 0.688317 0.024030 0.032300
9 0.055155 0.595933 0.018990 0.028433
9 0.049535 0.508400 0.027910 0.027767
9 0.050310 0.417317 0.031000 0.035533
9 0.048955 0.332042 0.036050 0.030350
8 0.348975 0.870392 0.042330 0.053483
9 0.049535 0.155358 0.034110 0.036183
9 0.047985 0.067508 0.031790 0.029717
5 0.529240 0.447350 0.909520 0.772733
3 0.522190 0.959475 0.239060 0.054783
2 0.529005 0.036917 0.240670 0.038367
1 0.039045 0.442433 0.066050 0.786867
0 0.529180 0.880633 0.913460 0.099767
10 0.528790 0.914942 0.046360 0.030883
11 0.022530 0.445392 0.023580 0.165983
8 0.112230 0.871942 0.038600 0.053483
8 0.231995 0.869608 0.039070 0.056583
