9 0.053530 0.676042 0.021860 0.029450
0 0.530600 0.881025 0.919120 0.100550
1 0.041885 0.443717 0.060370 0.796333
2 0.528710 0.036450 0.211400 0.045300
3 0.528380 0.959475 0.205620 0.054783
5 0.529610 0.445483 0.914720 0.773967
9 0.052370 0.764033 0.027900 0.033333
9 0.052135 0.588058 0.019070 0.028683
9 0.051210 0.504725 0.029300 0.027917
9 0.049115 0.417133 0.029770 0.041867
9 0.049810 0.329925 0.031160 0.031783
9 0.048185 0.244258 0.031630 0.029450
9 0.050275 0.159375 0.032090 0.031783
9 0.049120 0.072942 0.038140 0.038750
10 0.528500 0.914792 0.049180 0.031183
11 0.022080 0.448750 0.028060 0.203367
8 0.111825 0.872142 0.045210 0.055817
8 0.232940 0.873533 0.047440 0.056733
8 0.349815 0.869542 0.042410 0.053950
8 0.468475 0.869350 0.039630 0.050233
8 0.584570 0.872608 0.042980 0.056750
8 0.707080 0.871208 0.043540 0.055817
8 0.824010 0.870275 0.041860 0.053950
8 0.944805 0.872308 0.050210 0.052050
7 0.945100 0.529400 0.017680 0.036167
7 0.886030 0.505958 0.024920 0.026783
7 0.824945 0.126200 0.036170 0.030800
7 0.765875 0.630533 0.022510 0.029467
7 0.706395 0.600392 0.027330 0.036183
7 0.646925 0.560208 0.028930 0.030817
7 0.587045 0.610433 0.028130 0.042867
7 0.525960 0.392758 0.034560 0.038850
7 0.471310 0.279575 0.034560 0.045550
7 0.406610 0.194517 0.035360 0.028133
7 0.350345 0.374008 0.032150 0.022783
7 0.289670 0.128875 0.037780 0.041517
7 0.229390 0.182458 0.036160 0.044217
7 0.170315 0.702200 0.027330 0.030800
7 0.115260 0.720950 0.023300 0.022767
