10 0.528500 0.900300 0.060020 0.034600
5 0.531095 0.436817 0.911750 0.764067
3 0.528070 0.955400 0.232260 0.048500
2 0.525725 0.040183 0.253210 0.043800
1 0.040595 0.440708 0.061910 0.790317
0 0.528005 0.879850 0.913930 0.099767
9 0.048975 0.243817 0.031430 0.031400
9 0.048865 0.159700 0.029410 0.029900
9 0.049635 0.075067 0.031630 0.033633
7 0.114860 0.602408 0.035360 0.032150
7 0.204880 0.422900 0.038580 0.050900
7 0.300115 0.554175 0.036170 0.066983
7 0.392145 0.721617 0.024110 0.042867
7 0.486580 0.143617 0.032960 0.028133
7 0.665805 0.126867 0.028130 0.034833
7 0.572595 0.672058 0.032910 0.018750
7 0.759045 0.552167 0.036170 0.030800
7 0.849055 0.149908 0.032150 0.041517
7 0.946310 0.560200 0.034560 0.028133
8 0.941045 0.862942 0.025170 0.034883
8 0.758255 0.859067 0.017730 0.027133
8 0.573835 0.856358 0.020970 0.032550
8 0.389185 0.855583 0.010750 0.034100
8 0.205700 0.857517 0.012140 0.033333
11 0.023425 0.454550 0.019990 0.167100
9 0.049310 0.415033 0.031200 0.026167
9 0.049190 0.499750 0.028480 0.029167
9 0.053015 0.583633 0.018870 0.029167
9 0.052455 0.672608 0.021330 0.030650
9 0.052550 0.756575 0.021760 0.029917
9 0.049540 0.329983 0.028060 0.031767
