7 0.111640 0.688125 0.030540 0.032150
10 0.529535 0.900608 0.060930 0.033983
11 0.024325 0.449875 0.021330 0.085983
8 0.205700 0.857133 0.017720 0.040300
8 0.390115 0.856742 0.017250 0.028683
8 0.574765 0.856350 0.023770 0.024800
8 0.759185 0.855583 0.020510 0.024800
8 0.941045 0.862942 0.022370 0.037983
5 0.529615 0.444867 0.913230 0.767767
3 0.523115 0.954883 0.278070 0.051600
2 0.528410 0.036425 0.284260 0.047317
1 0.040855 0.440708 0.060370 0.774817
0 0.528710 0.873567 0.913460 0.095067
7 0.199250 0.718925 0.025720 0.037483
7 0.297300 0.380708 0.025720 0.033483
7 0.391335 0.321100 0.049830 0.048233
9 0.054040 0.599333 0.017000 0.029633
9 0.049300 0.513233 0.028820 0.026167
9 0.048845 0.421608 0.027390 0.030283
9 0.048030 0.330183 0.027720 0.029867
9 0.048345 0.241658 0.028350 0.030883
9 0.049040 0.153392 0.030060 0.032983
7 0.484170 0.352575 0.037780 0.041517
7 0.575390 0.550825 0.030540 0.052250
7 0.665405 0.549492 0.024110 0.044217
7 0.758640 0.273550 0.032140 0.036167
7 0.849060 0.129542 0.026520 0.026783
7 0.940280 0.179783 0.038580 0.036167
9 0.052780 0.690650 0.020720 0.030633
9 0.051830 0.780417 0.021160 0.028767
