8 0.639385 0.856658 0.017830 0.026483
9 0.056755 0.823242 0.016810 0.026783
9 0.052065 0.732825 0.020830 0.035717
9 0.052735 0.639058 0.023510 0.037950
9 0.052400 0.549758 0.021500 0.035717
9 0.050725 0.457108 0.026190 0.031250
9 0.047715 0.368925 0.032210 0.040183
9 0.047075 0.274925 0.028130 0.037950
9 0.048720 0.185850 0.034220 0.037967
9 0.048385 0.092642 0.033550 0.041317
7 0.640895 0.623167 0.029730 0.028133
7 0.562535 0.714917 0.032150 0.021433
7 0.489795 0.436300 0.028130 0.029467
7 0.421075 0.213267 0.045010 0.049567
7 0.336285 0.666700 0.015270 0.024100
7 0.263145 0.489208 0.020090 0.033483
7 0.111645 0.452375 0.028930 0.037517
7 0.190010 0.524033 0.021700 0.036167
8 0.489420 0.856433 0.016280 0.027200
8 0.340950 0.857725 0.017860 0.023317
8 0.187850 0.857717 0.015540 0.027200
11 0.023430 0.446700 0.020880 0.091600
10 0.528870 0.900925 0.067500 0.038983
7 0.942290 0.219967 0.018480 0.044200
7 0.867140 0.681433 0.022500 0.021433
7 0.790390 0.122850 0.029740 0.034833
7 0.716845 0.410175 0.024110 0.033483
0 0.528945 0.875142 0.912050 0.093483
1 0.041370 0.448025 0.064500 0.792883
2 0.526320 0.036200 0.343980 0.043800
3 0.532095 0.961542 0.305930 0.056850
5 0.529980 0.440533 0.909520 0.766533
8 0.939185 0.863442 0.029070 0.034883
8 0.790195 0.862892 0.028690 0.038817
