7 0.943095 0.720283 0.020090 0.037500
7 0.869150 0.270867 0.026520 0.033500
7 0.792395 0.247692 0.031350 0.028117
7 0.715640 0.329142 0.029740 0.032150
7 0.639285 0.323108 0.028130 0.025450
7 0.568965 0.124458 0.023310 0.025450
7 0.486980 0.431608 0.033760 0.033483
7 0.413845 0.263500 0.028930 0.029467
7 0.339100 0.599050 0.017680 0.020100
9 0.048385 0.142867 0.030870 0.041300
9 0.049725 0.304733 0.032210 0.036833
9 0.050060 0.471617 0.028860 0.037967
9 0.051065 0.641850 0.028190 0.039067
9 0.057425 0.804825 0.015470 0.025683
8 0.188625 0.860625 0.018650 0.033017
8 0.337675 0.858367 0.018210 0.025900
8 0.490385 0.856750 0.018990 0.022667
8 0.940195 0.866758 0.025590 0.034950
8 0.639805 0.859342 0.021710 0.026550
0 0.528945 0.870425 0.913930 0.085617
1 0.041885 0.440708 0.060370 0.781717
2 0.529010 0.038183 0.268140 0.042800
7 0.265960 0.629192 0.017680 0.021417
7 0.188800 0.294983 0.028940 0.036167
7 0.116870 0.268858 0.034560 0.029483
8 0.791165 0.863217 0.023650 0.035600
10 0.528405 0.895475 0.064310 0.036783
5 0.526270 0.442392 0.911000 0.765283
3 0.529000 0.954367 0.245260 0.048500
11 0.021185 0.450625 0.025810 0.189150
