9 0.054960 0.807675 0.027880 0.034883
7 0.884020 0.145625 0.032140 0.032150
7 0.822535 0.217550 0.035370 0.034833
7 0.765070 0.544800 0.022500 0.042867
7 0.706800 0.284258 0.034560 0.025450
7 0.643305 0.162358 0.037770 0.033483
7 0.586245 0.130483 0.032150 0.040200
7 0.528775 0.507967 0.024110 0.036167
7 0.465685 0.364633 0.036170 0.030800
7 0.409420 0.310383 0.029740 0.024100
7 0.347940 0.406825 0.030540 0.024117
7 0.289265 0.514658 0.027330 0.038850
7 0.231400 0.383383 0.025720 0.028133
7 0.170715 0.260825 0.032950 0.032150
7 0.110435 0.668708 0.028130 0.020083
9 0.047070 0.246425 0.029760 0.037983
9 0.049395 0.154575 0.034410 0.035650
9 0.049165 0.337900 0.028370 0.036433
9 0.050555 0.432092 0.030230 0.040317
9 0.049630 0.524342 0.029300 0.041850
9 0.054275 0.620858 0.024650 0.037983
9 0.052885 0.712317 0.024650 0.033333
10 0.528685 0.900150 0.046930 0.038667
11 0.023540 0.451742 0.022000 0.127850
8 0.170625 0.859017 0.015890 0.025900
8 0.291550 0.855133 0.017440 0.027200
8 0.408570 0.859883 0.024420 0.027767
8 0.529320 0.855458 0.018640 0.021383
8 0.643295 0.862567 0.025590 0.029133
8 0.763625 0.863533 0.027550 0.033667
8 0.885135 0.865150 0.024070 0.030433
0 0.529420 0.875925 0.914880 0.091917
1 0.041885 0.448883 0.061410 0.782567
2 0.529455 0.037192 0.232610 0.045783
3 0.523425 0.960508 0.218010 0.054783
5 0.528125 0.445483 0.913230 0.766533
7 0.944300 0.712242 0.028940 0.026783
