2 0.528560 0.039933 0.254100 0.042300
7 0.944700 0.641917 0.021700 0.049567
7 0.882010 0.700858 0.026520 0.038850
9 0.058550 0.800708 0.018260 0.022617
9 0.052730 0.715442 0.020580 0.030350
9 0.054090 0.628550 0.022520 0.033600
9 0.051955 0.541983 0.026010 0.037467
9 0.049245 0.456725 0.029890 0.034883
9 0.049050 0.373067 0.027940 0.030367
9 0.050600 0.289083 0.031820 0.034233
9 0.049245 0.204458 0.030650 0.035517
9 0.049630 0.120808 0.032980 0.045217
7 0.822135 0.122450 0.028130 0.056267
7 0.230190 0.720950 0.029740 0.030800
7 0.766680 0.333150 0.025720 0.029467
7 0.704790 0.230683 0.028940 0.057600
7 0.649735 0.471392 0.035370 0.046883
7 0.587045 0.704883 0.024910 0.036167
7 0.531990 0.504617 0.030540 0.037500
7 0.463270 0.683442 0.031340 0.025450
7 0.411435 0.720950 0.019290 0.033500
7 0.348340 0.161025 0.026520 0.022783
7 0.291275 0.163700 0.024910 0.030800
10 0.529350 0.902167 0.047100 0.030867
11 0.023760 0.452683 0.022900 0.118500
8 0.172440 0.857525 0.018180 0.031783
8 0.290580 0.855583 0.017260 0.031000
8 0.407790 0.856742 0.019120 0.034883
8 0.528255 0.855192 0.018190 0.031783
8 0.645695 0.861008 0.026090 0.038750
8 0.765230 0.862558 0.032600 0.037217
8 0.883600 0.863725 0.028420 0.037983
7 0.112850 0.664692 0.029740 0.030817
7 0.172725 0.290958 0.028930 0.030817
0 0.529415 0.875133 0.913930 0.088767
1 0.043175 0.442000 0.059850 0.784300
3 0.526520 0.955342 0.239060 0.060983
5 0.530725 0.446725 0.913970 0.766550
