0 0.529890 0.875133 0.913940 0.085633
7 0.416255 0.324042 0.032950 0.046883
8 0.340115 0.855575 0.016790 0.026350
8 0.187790 0.855967 0.017260 0.030233
7 0.491400 0.123792 0.035360 0.032150
7 0.564540 0.722275 0.020100 0.033450
7 0.638885 0.530067 0.030550 0.042867
8 0.640580 0.857525 0.021440 0.031783
5 0.529180 0.447550 0.909520 0.775200
11 0.022755 0.450067 0.020890 0.134200
7 0.946710 0.172683 0.024920 0.049567
7 0.871560 0.477825 0.024920 0.024117
7 0.792400 0.130883 0.030540 0.042867
7 0.714030 0.286267 0.039380 0.034833
10 0.528590 0.901700 0.068060 0.036167
9 0.048035 0.133358 0.033590 0.030150
9 0.049045 0.301133 0.029630 0.028700
9 0.050660 0.469808 0.028560 0.029617
9 0.052530 0.633325 0.021260 0.031317
9 0.056715 0.804467 0.016450 0.030500
7 0.111640 0.189825 0.030540 0.032150
7 0.188400 0.465100 0.023300 0.030800
7 0.263950 0.713583 0.023300 0.037500
7 0.342315 0.597717 0.024110 0.036167
3 0.530240 0.957417 0.241540 0.054800
2 0.529455 0.039183 0.274410 0.040800
8 0.943370 0.865267 0.024240 0.039533
8 0.790350 0.860625 0.025160 0.034883
8 0.488950 0.858292 0.019580 0.031783
1 0.040080 0.435983 0.063980 0.786000
