8 0.939225 0.867117 0.041470 0.054900
8 0.823700 0.868742 0.036860 0.045217
8 0.703375 0.868417 0.040310 0.051033
8 0.586125 0.869058 0.039930 0.049750
9 0.052490 0.576075 0.025840 0.031217
9 0.049970 0.485692 0.032300 0.034983
9 0.048620 0.396542 0.029720 0.034983
9 0.047325 0.302067 0.029710 0.036600
7 0.114455 0.577617 0.032950 0.030800
7 0.176345 0.467783 0.028130 0.028133
7 0.230995 0.617142 0.023310 0.040183
7 0.287660 0.255458 0.027320 0.045550
7 0.348340 0.464433 0.024920 0.034833
7 0.407415 0.225317 0.028930 0.036167
7 0.472920 0.159683 0.039380 0.038833
7 0.525155 0.127533 0.028130 0.036167
7 0.587850 0.498583 0.026520 0.041533
7 0.647725 0.710233 0.028930 0.022767
7 0.707205 0.248767 0.032150 0.048233
7 0.759440 0.161025 0.038580 0.033483
7 0.886830 0.443667 0.021700 0.038833
7 0.819320 0.629192 0.026520 0.026783
7 0.946305 0.712508 0.024110 0.030817
2 0.530205 0.036667 0.210810 0.038867
1 0.041110 0.437700 0.061920 0.789433
0 0.528945 0.882600 0.914870 0.103700
9 0.050715 0.758842 0.024870 0.033917
8 0.347755 0.868417 0.039150 0.056200
8 0.230695 0.867117 0.038370 0.052333
11 0.023430 0.449875 0.022680 0.251217
10 0.527380 0.913233 0.049180 0.030567
9 0.051525 0.666783 0.026490 0.032833
9 0.050060 0.119992 0.039580 0.031250
5 0.529985 0.442392 0.908030 0.767783
8 0.466900 0.867642 0.037980 0.048450
9 0.049725 0.208733 0.029530 0.034600
3 0.528995 0.959525 0.203150 0.062950
