7 0.587045 0.135575 0.031350 0.038850
9 0.048855 0.138808 0.030950 0.034017
9 0.050235 0.235200 0.028510 0.033967
9 0.049635 0.329833 0.029830 0.033267
9 0.048995 0.428475 0.027390 0.032483
9 0.049335 0.524367 0.028510 0.031367
9 0.053710 0.621183 0.022000 0.031367
9 0.052250 0.719692 0.023580 0.028817
9 0.053785 0.816392 0.020190 0.030650
7 0.114055 0.524708 0.032150 0.032150
7 0.168305 0.609100 0.023310 0.034833
7 0.235015 0.615800 0.037770 0.029467
7 0.289665 0.694825 0.036170 0.040183
7 0.350750 0.148967 0.031340 0.033500
7 0.406205 0.597042 0.028130 0.032150
7 0.466890 0.637900 0.027320 0.038833
7 0.527570 0.369992 0.034560 0.025450
7 0.642905 0.708892 0.032150 0.025450
7 0.703985 0.606417 0.027330 0.034833
7 0.769085 0.682767 0.032150 0.042867
7 0.825345 0.303017 0.024110 0.030800
7 0.884420 0.292967 0.021700 0.029467
7 0.942290 0.268858 0.026520 0.034817
0 0.529420 0.876317 0.916760 0.089567
1 0.041625 0.444583 0.065010 0.794600
2 0.528415 0.037942 0.232310 0.041317
3 0.529310 0.956950 0.222340 0.047467
5 0.527755 0.441767 0.916950 0.766533
10 0.528215 0.900925 0.046750 0.030250
11 0.022195 0.452683 0.023350 0.065433
8 0.172210 0.857133 0.017720 0.032567
8 0.290115 0.856750 0.016330 0.027133
8 0.409185 0.858683 0.014470 0.031000
8 0.526625 0.858300 0.018650 0.033333
8 0.647790 0.863717 0.023760 0.036433
8 0.766510 0.863950 0.027440 0.035667
8 0.882205 0.862167 0.025630 0.039533
