11 0.022750 0.445767 0.028060 0.256467
9 0.052605 0.763258 0.022790 0.037983
9 0.053070 0.673333 0.018140 0.036433
9 0.053070 0.581092 0.021860 0.034883
9 0.050740 0.493100 0.031160 0.032567
9 0.050975 0.401233 0.031630 0.033333
9 0.049815 0.314808 0.030230 0.034117
9 0.049810 0.224883 0.031160 0.031000
5 0.529240 0.445483 0.913980 0.773967
3 0.529930 0.954833 0.258260 0.059967
2 0.528265 0.038933 0.279790 0.041300
1 0.039820 0.448025 0.068620 0.798050
0 0.529890 0.876317 0.914880 0.094267
9 0.048185 0.134183 0.030690 0.029467
7 0.112850 0.270858 0.032960 0.046883
7 0.528370 0.354583 0.026520 0.037500
7 0.469300 0.656650 0.025720 0.030800
7 0.409425 0.533417 0.024910 0.030800
7 0.346330 0.680758 0.028940 0.025450
7 0.292080 0.710233 0.026520 0.033500
7 0.229790 0.274883 0.030540 0.028133
7 0.173930 0.649283 0.034560 0.026800
7 0.940685 0.564892 0.032950 0.037517
7 0.886025 0.129542 0.040990 0.040183
7 0.823740 0.490550 0.030540 0.028133
7 0.766680 0.501267 0.017680 0.038833
7 0.704390 0.714250 0.026520 0.030800
7 0.642900 0.631208 0.025720 0.025450
7 0.586645 0.670725 0.028930 0.032150
8 0.884010 0.865633 0.030140 0.040933
8 0.763175 0.861442 0.028470 0.043717
8 0.646520 0.865625 0.028460 0.037217
8 0.527360 0.860508 0.027900 0.036283
8 0.406800 0.859550 0.024560 0.030767
8 0.291265 0.860517 0.022330 0.030700
8 0.172100 0.861908 0.022880 0.033483
10 0.528045 0.901700 0.051590 0.040533
