7 0.207690 0.130883 0.042600 0.037500
7 0.108830 0.377358 0.032960 0.040183
9 0.047830 0.229000 0.034480 0.035900
9 0.048235 0.322308 0.028290 0.037683
9 0.049450 0.410467 0.026400 0.038133
8 0.572230 0.859108 0.023720 0.031083
3 0.527450 0.953333 0.216160 0.056767
2 0.530205 0.036200 0.227530 0.045800
1 0.038785 0.444150 0.065530 0.786867
0 0.528005 0.877892 0.913930 0.098983
9 0.052275 0.774958 0.023990 0.026917
9 0.052680 0.685233 0.021560 0.033200
9 0.052280 0.593942 0.025060 0.035450
9 0.049850 0.504217 0.032060 0.034533
8 0.939210 0.864150 0.035820 0.041167
8 0.758275 0.858717 0.015350 0.033400
8 0.389675 0.859492 0.024190 0.031850
8 0.206185 0.861433 0.025590 0.031100
11 0.020400 0.445575 0.026040 0.108050
10 0.528125 0.900458 0.068250 0.030550
9 0.050390 0.140175 0.029900 0.034983
5 0.527010 0.447342 0.913980 0.770250
7 0.945505 0.288542 0.041790 0.040183
7 0.852270 0.582583 0.020900 0.057600
7 0.761050 0.438975 0.025720 0.053583
7 0.663400 0.266183 0.039380 0.034833
7 0.572980 0.651958 0.017680 0.040183
7 0.475730 0.350567 0.038580 0.042867
7 0.390940 0.280917 0.039380 0.029467
7 0.296095 0.714258 0.032950 0.038850
