2 0.529605 0.038192 0.252010 0.043783
3 0.524975 0.956892 0.247110 0.059950
1 0.039565 0.437700 0.065010 0.801500
0 0.528240 0.874742 0.912520 0.091117
7 0.489395 0.193842 0.032150 0.034817
7 0.568155 0.711575 0.027330 0.033483
7 0.638480 0.508633 0.029740 0.040200
7 0.717250 0.722292 0.016880 0.033483
7 0.792795 0.715592 0.028130 0.033483
8 0.188280 0.858758 0.016740 0.030217
7 0.941485 0.272200 0.032950 0.028133
9 0.059445 0.821783 0.015350 0.027900
9 0.053160 0.651633 0.024180 0.027133
7 0.414245 0.528725 0.026530 0.040183
7 0.338695 0.120842 0.028130 0.033483
7 0.263145 0.537433 0.026530 0.030800
7 0.186390 0.183125 0.028940 0.040183
7 0.113250 0.694158 0.028940 0.028117
9 0.048740 0.154342 0.033020 0.037217
9 0.049210 0.324883 0.027440 0.041867
9 0.051535 0.490000 0.030230 0.027900
11 0.021185 0.449692 0.022670 0.214217
10 0.528595 0.899992 0.068430 0.037117
8 0.944420 0.863567 0.025120 0.036433
7 0.867945 0.710900 0.027330 0.026800
8 0.790370 0.863025 0.023720 0.040317
8 0.641300 0.857983 0.018600 0.022467
8 0.488980 0.857208 0.014420 0.025583
8 0.340835 0.859142 0.015810 0.026350
5 0.528495 0.445492 0.913970 0.761583
