7 0.409425 0.425850 0.024110 0.036167
7 0.350350 0.708225 0.025720 0.029483
3 0.530855 0.957408 0.208110 0.056850
2 0.529755 0.036200 0.202750 0.042800
1 0.042405 0.447592 0.060370 0.781717
0 0.528945 0.879458 0.913930 0.095850
7 0.115260 0.520025 0.026520 0.033483
7 0.170715 0.463758 0.023310 0.030817
7 0.227380 0.125792 0.028140 0.041517
7 0.290875 0.430942 0.028930 0.029483
9 0.052530 0.756667 0.022340 0.026000
9 0.052625 0.669267 0.023710 0.030500
9 0.053030 0.581783 0.017520 0.031400
8 0.882325 0.864333 0.029310 0.033333
8 0.766420 0.863025 0.026980 0.034117
8 0.645955 0.860692 0.027910 0.037217
8 0.527580 0.856425 0.021860 0.031783
8 0.408745 0.857983 0.019530 0.027133
8 0.292465 0.854875 0.018610 0.034883
8 0.172465 0.859142 0.018610 0.037217
11 0.024210 0.452683 0.019760 0.055700
10 0.531495 0.901700 0.052150 0.032433
9 0.049265 0.494083 0.027750 0.029167
9 0.049665 0.403917 0.026950 0.026467
9 0.049125 0.315983 0.026950 0.027367
9 0.049300 0.227967 0.029340 0.034533
9 0.049570 0.140717 0.030420 0.033200
7 0.944695 0.315742 0.028150 0.029483
7 0.886430 0.616467 0.030540 0.036167
7 0.827355 0.670050 0.028130 0.014733
7 0.765875 0.195850 0.028930 0.030800
7 0.709210 0.196792 0.027320 0.038850
7 0.648935 0.532750 0.023310 0.042867
7 0.583835 0.682775 0.028130 0.024117
7 0.528775 0.283592 0.033750 0.029483
7 0.470100 0.719608 0.030540 0.030817
5 0.527750 0.446733 0.915460 0.773967
