9 0.048650 0.076817 0.034420 0.034100
7 0.113250 0.477150 0.030540 0.036167
7 0.185185 0.205225 0.031350 0.033483
7 0.261540 0.709558 0.029740 0.032150
7 0.335080 0.543458 0.030540 0.032150
7 0.413040 0.338517 0.030540 0.034833
7 0.491000 0.554850 0.028940 0.022767
7 0.564940 0.405492 0.033760 0.037517
7 0.640490 0.444333 0.035360 0.034833
7 0.717250 0.423575 0.031340 0.033483
7 0.788380 0.278908 0.033760 0.038850
7 0.869555 0.130883 0.028930 0.026800
7 0.941085 0.163033 0.028930 0.034833
5 0.529235 0.449200 0.908030 0.766533
3 0.525285 0.955908 0.201910 0.061917
2 0.529905 0.037942 0.193490 0.043283
1 0.041110 0.443717 0.065020 0.787733
0 0.528475 0.876317 0.913930 0.089567
9 0.052135 0.808217 0.022790 0.030233
9 0.053770 0.715967 0.028840 0.030233
9 0.055395 0.625658 0.030230 0.026350
9 0.049580 0.534958 0.031620 0.035650
9 0.051210 0.442708 0.031160 0.032550
9 0.051210 0.352408 0.033020 0.028683
9 0.050280 0.259767 0.031160 0.032567
9 0.049345 0.165192 0.032090 0.037217
8 0.942335 0.867025 0.029590 0.041850
10 0.530085 0.900617 0.066190 0.037733
11 0.023540 0.449317 0.023800 0.121500
8 0.186615 0.863308 0.017310 0.034417
8 0.339545 0.862842 0.017310 0.035350
8 0.489405 0.860517 0.021210 0.030700
8 0.640660 0.861442 0.024560 0.036283
8 0.792755 0.864233 0.025110 0.040000
