7 0.525960 0.442333 0.034560 0.036167
7 0.586240 0.560208 0.024920 0.033483
8 0.941765 0.871933 0.040930 0.045733
8 0.822465 0.868442 0.039530 0.055817
8 0.706280 0.871708 0.043720 0.049617
8 0.587815 0.870383 0.042790 0.055033
8 0.467115 0.868833 0.041390 0.056600
8 0.349675 0.873875 0.039070 0.060450
8 0.232230 0.871550 0.041400 0.049600
7 0.110840 0.714250 0.025720 0.022767
7 0.169110 0.595033 0.024920 0.030800
7 0.229385 0.412183 0.028130 0.029467
7 0.291275 0.611783 0.029730 0.021433
7 0.344725 0.631200 0.032150 0.028133
7 0.406610 0.128883 0.028940 0.036167
7 0.468495 0.173750 0.036970 0.032133
7 0.645715 0.262833 0.028130 0.036167
8 0.112930 0.870775 0.038140 0.049617
5 0.528500 0.446100 0.915460 0.765300
3 0.524045 0.961025 0.246490 0.057883
2 0.528860 0.038192 0.263060 0.044783
1 0.043175 0.443725 0.061910 0.789450
0 0.530360 0.879458 0.915820 0.100550
11 0.024100 0.453242 0.022220 0.041117
10 0.528780 0.914792 0.045620 0.031183
9 0.049440 0.135350 0.031620 0.027133
9 0.050580 0.224108 0.032140 0.032550
9 0.049440 0.314025 0.028840 0.029450
9 0.050140 0.402017 0.029300 0.027133
9 0.050370 0.489608 0.028840 0.025583
9 0.053860 0.580308 0.023720 0.028683
9 0.053160 0.668683 0.023260 0.030233
9 0.053140 0.753183 0.026100 0.033333
7 0.940680 0.440992 0.031340 0.033483
7 0.885225 0.154992 0.028130 0.032150
7 0.824945 0.223975 0.028130 0.025450
7 0.764665 0.525375 0.018490 0.020083
7 0.706395 0.225317 0.024110 0.028133
