9 0.048385 0.208733 0.028190 0.034600
7 0.945100 0.451033 0.033760 0.040200
7 0.881610 0.493233 0.017680 0.028133
7 0.822535 0.690817 0.018490 0.042867
7 0.766675 0.438975 0.033750 0.037517
7 0.706400 0.551500 0.022500 0.024100
7 0.591870 0.549492 0.016880 0.022783
7 0.646115 0.142267 0.024110 0.041533
7 0.527170 0.178708 0.037780 0.026783
7 0.468895 0.261092 0.036970 0.030817
7 0.408620 0.542117 0.026520 0.029467
7 0.347535 0.657317 0.024910 0.029467
7 0.290875 0.422233 0.036970 0.041533
7 0.230995 0.354583 0.032950 0.029467
7 0.175135 0.193442 0.036170 0.032150
7 0.114455 0.328467 0.032950 0.030800
10 0.529620 0.900617 0.051420 0.039600
11 0.022865 0.451000 0.024250 0.121867
8 0.171745 0.859883 0.023650 0.031667
8 0.291360 0.857075 0.026360 0.025917
8 0.408590 0.856100 0.020580 0.029133
8 0.527015 0.859983 0.027910 0.029133
8 0.645235 0.863217 0.024030 0.035600
8 0.764615 0.865475 0.023250 0.034950
8 0.881085 0.863858 0.037590 0.031717
5 0.531095 0.441150 0.913230 0.755400
3 0.532400 0.956383 0.211200 0.056867
2 0.528110 0.039433 0.207820 0.041300
1 0.041625 0.439425 0.060890 0.780850
0 0.530360 0.875925 0.915820 0.095050
9 0.053070 0.813758 0.021500 0.032383
9 0.052065 0.718317 0.024850 0.037967
9 0.055080 0.611150 0.028200 0.031267
9 0.050730 0.509017 0.030200 0.034600
9 0.049725 0.406875 0.030870 0.033483
9 0.049055 0.308642 0.032210 0.042417
9 0.050060 0.103242 0.032880 0.037950
