8 0.392565 0.855867 0.020650 0.021400
0 0.529180 0.873567 0.914400 0.080900
1 0.041625 0.440708 0.065010 0.790317
2 0.529755 0.036950 0.248730 0.044300
3 0.525905 0.954883 0.229150 0.057800
5 0.527755 0.446100 0.912490 0.765300
7 0.943900 0.183792 0.029740 0.038850
7 0.847450 0.580975 0.031340 0.032150
7 0.757435 0.526050 0.023310 0.045533
7 0.664600 0.652633 0.030540 0.036167
7 0.572980 0.487867 0.027320 0.036167
7 0.480550 0.124850 0.030540 0.036167
7 0.385310 0.511983 0.031340 0.030800
7 0.294895 0.627850 0.024110 0.026800
7 0.205275 0.209250 0.032950 0.033500
7 0.112850 0.716267 0.026520 0.029467
11 0.020285 0.446883 0.024470 0.224300
8 0.205315 0.861908 0.021210 0.027917
8 0.574525 0.856325 0.021770 0.031617
8 0.754520 0.858183 0.025680 0.031633
8 0.940660 0.865158 0.026240 0.034417
9 0.048600 0.146125 0.034420 0.031017
9 0.049345 0.236892 0.032090 0.034883
9 0.048420 0.320617 0.033020 0.033333
9 0.049345 0.403567 0.028370 0.030233
9 0.050510 0.494258 0.028840 0.031783
9 0.053535 0.579533 0.022790 0.033333
9 0.051440 0.664417 0.024180 0.032567
9 0.052370 0.749692 0.025120 0.035650
10 0.529530 0.898433 0.061700 0.032733
