9 0.052910 0.748525 0.026560 0.028683
3 0.527140 0.957467 0.237820 0.046433
2 0.529605 0.037692 0.255010 0.043783
1 0.041885 0.443292 0.059330 0.797183
0 0.529420 0.882600 0.914880 0.103700
8 0.791070 0.866475 0.034420 0.036517
8 0.641070 0.861042 0.020000 0.028750
8 0.490605 0.857167 0.021390 0.025667
8 0.339440 0.859108 0.019540 0.024883
8 0.187350 0.860267 0.019540 0.025667
7 0.791190 0.288950 0.029740 0.042867
7 0.867140 0.716933 0.022500 0.033500
7 0.944700 0.502600 0.023300 0.036167
7 0.112445 0.458400 0.024110 0.022767
7 0.185990 0.146958 0.037780 0.032150
5 0.528495 0.446725 0.912490 0.769017
11 0.023875 0.454925 0.025370 0.164117
10 0.530465 0.900608 0.069550 0.040217
7 0.489795 0.296983 0.029730 0.029467
7 0.565345 0.456392 0.018490 0.032150
9 0.052695 0.663642 0.021390 0.026350
9 0.054555 0.576042 0.024190 0.031017
9 0.050350 0.491942 0.031680 0.031783
9 0.050140 0.405500 0.029300 0.029467
9 0.049415 0.320617 0.029810 0.030233
9 0.049440 0.236508 0.028840 0.034117
9 0.049905 0.150467 0.029770 0.032567
9 0.049420 0.066350 0.032600 0.030233
7 0.641700 0.233358 0.031340 0.033483
7 0.713630 0.122183 0.027320 0.036167
7 0.413445 0.177775 0.036170 0.040183
7 0.262340 0.345883 0.029740 0.030800
7 0.337090 0.483183 0.026520 0.029467
8 0.942000 0.865308 0.030240 0.041950
