7 0.715240 0.303017 0.038580 0.038833
7 0.791990 0.547475 0.021700 0.040183
7 0.867545 0.256125 0.037770 0.025450
7 0.941085 0.134900 0.022510 0.042867
0 0.528475 0.872783 0.912050 0.085633
1 0.041630 0.442425 0.061920 0.785150
2 0.526770 0.039183 0.241560 0.044800
3 0.528690 0.954317 0.223580 0.061000
5 0.527380 0.444242 0.911740 0.761583
9 0.049115 0.148142 0.031630 0.035650
9 0.049350 0.246200 0.029300 0.030233
9 0.048885 0.345808 0.030230 0.029450
9 0.049350 0.445425 0.029300 0.031783
9 0.053300 0.739608 0.024180 0.034117
9 0.054000 0.639992 0.023720 0.031783
9 0.049810 0.543875 0.034880 0.031783
8 0.941780 0.866558 0.030700 0.042783
8 0.792695 0.864425 0.032930 0.043717
8 0.639265 0.863308 0.027350 0.034417
8 0.489685 0.860517 0.026230 0.030700
8 0.339545 0.858192 0.027350 0.033483
8 0.186615 0.861908 0.025110 0.039083
11 0.020060 0.449125 0.025820 0.130850
10 0.529350 0.899367 0.065040 0.035233
7 0.111240 0.706217 0.024920 0.036167
7 0.188800 0.207908 0.028940 0.044217
7 0.261540 0.613792 0.029740 0.030817
7 0.338695 0.607758 0.024910 0.029483
7 0.412640 0.493492 0.035360 0.040183
7 0.490195 0.663350 0.027330 0.036167
7 0.564540 0.270200 0.036160 0.034833
7 0.636875 0.615133 0.029730 0.028133
