0 0.528710 0.872392 0.915340 0.087983
9 0.048720 0.065850 0.038240 0.027900
9 0.048385 0.152917 0.034890 0.039067
9 0.050060 0.240550 0.036900 0.031267
9 0.051735 0.332083 0.030870 0.033500
9 0.050060 0.416925 0.030200 0.031250
9 0.049725 0.508458 0.033550 0.033483
9 0.048720 0.593850 0.032880 0.034600
9 0.052065 0.683150 0.023510 0.032367
9 0.052735 0.775242 0.022170 0.037950
7 0.109235 0.392092 0.027330 0.034817
7 0.203670 0.178442 0.031340 0.030817
7 0.297305 0.337167 0.028930 0.042867
7 0.388925 0.410183 0.028930 0.036167
7 0.482560 0.689475 0.026520 0.045550
7 0.570565 0.140258 0.024110 0.040183
7 0.661790 0.236042 0.031340 0.033483
7 0.756225 0.276892 0.036970 0.034817
7 0.853480 0.260817 0.035360 0.037500
7 0.939880 0.339183 0.034560 0.044200
10 0.528135 0.898900 0.060370 0.033667
11 0.022865 0.448375 0.025150 0.225050
8 0.204920 0.859008 0.019380 0.029783
8 0.388820 0.857075 0.020580 0.032350
8 0.573920 0.856750 0.019380 0.029133
8 0.758025 0.859658 0.021710 0.028483
8 0.941550 0.862567 0.026740 0.030433
5 0.529615 0.442392 0.913230 0.760350
3 0.527450 0.957925 0.242160 0.055817
2 0.527815 0.037450 0.269930 0.043300
1 0.041370 0.436842 0.062440 0.787717
