7 0.710815 0.319758 0.032950 0.040183
9 0.050785 0.762033 0.021530 0.029600
9 0.053070 0.670783 0.022080 0.026467
9 0.054280 0.573667 0.020180 0.031400
9 0.048900 0.483492 0.029880 0.034083
9 0.048760 0.387267 0.032300 0.029167
9 0.050245 0.296200 0.027190 0.032733
9 0.051230 0.200217 0.030040 0.031767
9 0.049005 0.110742 0.034230 0.037683
10 0.530005 0.900617 0.066350 0.032733
11 0.020400 0.450817 0.027840 0.201500
8 0.186880 0.861817 0.016740 0.028767
8 0.339675 0.859883 0.022790 0.035733
8 0.490605 0.859883 0.018610 0.029533
8 0.640835 0.858325 0.019530 0.027983
8 0.791300 0.861817 0.029300 0.038067
8 0.941535 0.866858 0.026510 0.038850
7 0.111245 0.175083 0.032950 0.050900
7 0.188000 0.361283 0.038580 0.045533
7 0.264750 0.548817 0.021700 0.034833
7 0.334675 0.326058 0.032150 0.040183
7 0.415850 0.589675 0.024920 0.028117
7 0.491000 0.126867 0.024120 0.045533
7 0.572175 0.707558 0.022510 0.038850
7 0.641295 0.686117 0.020890 0.036167
7 0.791590 0.252117 0.033760 0.044200
7 0.865535 0.647950 0.032150 0.042867
7 0.943495 0.158342 0.032150 0.041517
5 0.528500 0.443008 0.915460 0.769017
3 0.526520 0.953800 0.284880 0.066133
2 0.530350 0.040183 0.306660 0.042800
1 0.041625 0.439850 0.062950 0.781700
0 0.529650 0.875925 0.912520 0.093483
