7 0.289265 0.507292 0.027330 0.026783
7 0.350755 0.198533 0.028130 0.033500
7 0.407410 0.432950 0.038580 0.022767
7 0.467695 0.146283 0.024110 0.028133
7 0.526770 0.465767 0.034560 0.026800
7 0.588250 0.225325 0.033760 0.038850
7 0.648530 0.363958 0.032140 0.024117
7 0.708810 0.677017 0.021700 0.034833
7 0.765475 0.550158 0.023310 0.016083
7 0.822135 0.614458 0.028930 0.029483
9 0.047890 0.518675 0.027560 0.034883
9 0.052540 0.614600 0.021360 0.031667
9 0.053700 0.716983 0.017480 0.032300
9 0.053315 0.813567 0.022910 0.027767
9 0.048665 0.124617 0.035310 0.033600
9 0.049435 0.220225 0.029110 0.034883
9 0.048275 0.318092 0.032210 0.031650
9 0.048275 0.421775 0.029110 0.034883
0 0.529180 0.873958 0.913460 0.087983
1 0.042405 0.436417 0.060370 0.786867
2 0.529905 0.037692 0.170790 0.043783
3 0.525595 0.957933 0.174050 0.053767
5 0.531470 0.444250 0.911000 0.771500
8 0.882635 0.865475 0.028290 0.033650
8 0.763840 0.864508 0.026360 0.031717
8 0.646145 0.863375 0.023950 0.028717
8 0.526910 0.857317 0.022340 0.025567
8 0.408875 0.857542 0.023150 0.024217
8 0.290980 0.858667 0.019380 0.025567
8 0.171100 0.860058 0.017760 0.023783
11 0.022195 0.451933 0.018410 0.095333
10 0.528510 0.897967 0.045800 0.035533
7 0.941890 0.537700 0.031340 0.029467
7 0.882415 0.704208 0.028930 0.024117
7 0.112045 0.425583 0.032950 0.034833
7 0.174735 0.140267 0.032950 0.042867
7 0.230190 0.547483 0.029740 0.021433
