10 0.529995 0.902483 0.077590 0.036467
8 0.112780 0.864058 0.030500 0.039250
8 0.390200 0.865817 0.024220 0.043367
8 0.666035 0.863825 0.026050 0.040750
8 0.944140 0.862075 0.025840 0.034983
9 0.048680 0.127433 0.030360 0.031233
9 0.050620 0.227292 0.031000 0.032850
9 0.049665 0.324300 0.025230 0.033367
9 0.048700 0.423083 0.029100 0.037133
5 0.528185 0.443008 0.913230 0.769017
0 0.529180 0.879067 0.913460 0.096633
1 0.041370 0.442433 0.063460 0.781700
2 0.528410 0.037692 0.302780 0.043783
3 0.528380 0.954883 0.267540 0.057800
7 0.940280 0.710908 0.032140 0.045550
7 0.665405 0.699517 0.027330 0.033500
7 0.390535 0.140258 0.028930 0.040183
7 0.110040 0.440317 0.038580 0.034833
9 0.051930 0.519983 0.022000 0.037133
9 0.052255 0.617158 0.023290 0.034450
9 0.051605 0.718900 0.023290 0.038767
9 0.056935 0.814725 0.017150 0.026917
11 0.023765 0.450817 0.031870 0.267300
