7 0.789585 0.374275 0.019290 0.040183
7 0.940285 0.530742 0.019290 0.038850
9 0.048200 0.418267 0.031760 0.033200
9 0.050620 0.330333 0.030140 0.032300
9 0.047255 0.241958 0.032030 0.039483
9 0.049305 0.152375 0.031490 0.034983
5 0.528125 0.444867 0.914710 0.762833
3 0.531785 0.957467 0.200050 0.050567
2 0.527220 0.037942 0.195280 0.039317
1 0.040080 0.447592 0.063980 0.805783
0 0.529180 0.874350 0.912520 0.098200
8 0.941975 0.861783 0.029810 0.034100
9 0.054120 0.781183 0.021000 0.031400
9 0.053450 0.689450 0.022340 0.030067
9 0.052505 0.600400 0.025310 0.033200
9 0.049410 0.507992 0.027720 0.035883
8 0.790350 0.863717 0.023300 0.027133
8 0.640115 0.859075 0.017730 0.031783
8 0.488490 0.855967 0.017720 0.030233
8 0.340115 0.857517 0.017730 0.030233
8 0.187560 0.855967 0.017720 0.030233
11 0.020960 0.448383 0.021340 0.168967
10 0.528310 0.899992 0.068620 0.038983
7 0.113655 0.134233 0.031350 0.028133
7 0.190410 0.410850 0.038580 0.037500
7 0.266760 0.467375 0.026520 0.028117
7 0.337890 0.421567 0.037780 0.042867
7 0.414650 0.240725 0.035360 0.026783
7 0.493815 0.140933 0.040990 0.036167
7 0.564140 0.353242 0.028940 0.040183
7 0.643305 0.231350 0.031350 0.034833
7 0.716040 0.711575 0.022500 0.033483
7 0.868350 0.451300 0.035360 0.022767
