1 0.041885 0.444583 0.063470 0.786000
10 0.528875 0.899675 0.081330 0.035850
11 0.022630 0.450058 0.020700 0.195517
9 0.050510 0.531083 0.030700 0.024800
8 0.113495 0.864233 0.032930 0.036267
8 0.391730 0.862375 0.027900 0.034417
8 0.665500 0.863767 0.031820 0.039067
8 0.941775 0.868883 0.026230 0.040000
5 0.529610 0.444250 0.910260 0.771500
9 0.049115 0.425267 0.030690 0.030233
9 0.049580 0.315975 0.032560 0.037983
9 0.049350 0.212475 0.033020 0.034117
9 0.047020 0.104333 0.034880 0.033333
9 0.049345 0.638058 0.030230 0.031017
9 0.050745 0.744258 0.022790 0.026350
0 0.528475 0.880242 0.915810 0.098983
7 0.108830 0.165317 0.040180 0.029467
7 0.388925 0.605750 0.027330 0.033500
7 0.666615 0.198533 0.036170 0.030800
7 0.945105 0.663350 0.024110 0.038833
3 0.524975 0.957408 0.245870 0.056850
2 0.530500 0.037692 0.272320 0.044783
