11 0.022645 0.488750 0.022450 0.187667
8 0.170935 0.929858 0.016730 0.025783
8 0.292230 0.927808 0.016760 0.026483
8 0.409375 0.929258 0.016010 0.026683
8 0.527940 0.929258 0.012200 0.026683
8 0.648550 0.929467 0.020580 0.030500
8 0.764750 0.929683 0.021180 0.027533
7 0.585040 0.275558 0.025720 0.024117
7 0.645315 0.817392 0.027330 0.033483
0 0.529180 0.941517 0.913460 0.077000
1 0.041115 0.477692 0.062950 0.860817
2 0.526320 0.039658 0.271720 0.042850
5 0.528870 0.480775 0.911740 0.844550
9 0.048385 0.587825 0.028030 0.025550
9 0.049230 0.403700 0.025980 0.032400
9 0.048855 0.220058 0.032710 0.023983
9 0.045865 0.774117 0.033830 0.030533
7 0.113250 0.072617 0.022500 0.028133
7 0.171520 0.196517 0.024920 0.029467
7 0.232605 0.828108 0.023310 0.033483
7 0.291680 0.550158 0.022500 0.029483
7 0.350350 0.601725 0.022500 0.025450
7 0.705190 0.442325 0.026520 0.033483
7 0.765070 0.518683 0.028940 0.030800
8 0.886635 0.928708 0.022570 0.025417
7 0.407410 0.082925 0.029740 0.030817
7 0.822535 0.613125 0.024910 0.032150
7 0.884825 0.755775 0.019290 0.025450
7 0.943900 0.140933 0.029740 0.022767
7 0.468095 0.493233 0.026530 0.041533
7 0.527570 0.108783 0.023300 0.033500
10 0.527300 0.961017 0.045820 0.033533
