7 0.466890 0.554842 0.025720 0.025450
7 0.941885 0.762475 0.028930 0.030817
7 0.886835 0.353250 0.023310 0.029467
7 0.824945 0.463767 0.024910 0.036167
7 0.766675 0.223308 0.027330 0.024117
7 0.709210 0.826775 0.018480 0.033483
7 0.644910 0.470458 0.021700 0.030817
7 0.584635 0.593692 0.026530 0.030817
7 0.526365 0.619150 0.032150 0.036167
7 0.405805 0.518675 0.027330 0.033483
7 0.350750 0.069942 0.026520 0.038850
7 0.290475 0.720283 0.028130 0.026800
7 0.230595 0.282258 0.028930 0.032150
7 0.171920 0.163033 0.025720 0.026800
7 0.111640 0.494567 0.025720 0.030800
8 0.884550 0.928200 0.022360 0.027100
8 0.764480 0.928200 0.026540 0.030500
8 0.646595 0.928967 0.025010 0.030000
8 0.527790 0.929733 0.016780 0.024400
8 0.408700 0.926933 0.014060 0.028967
8 0.292795 0.929475 0.018330 0.028983
8 0.170340 0.929475 0.016800 0.026950
11 0.020365 0.485908 0.021530 0.181683
10 0.527495 0.961450 0.047250 0.034833
9 0.049600 0.818200 0.029340 0.027733
9 0.049415 0.725208 0.030470 0.029917
9 0.048295 0.631900 0.034210 0.030233
9 0.050255 0.537500 0.029150 0.031467
9 0.049060 0.440033 0.026360 0.037700
9 0.049135 0.348400 0.027290 0.029600
9 0.048875 0.250300 0.031590 0.025233
9 0.049250 0.159650 0.033460 0.037700
5 0.527385 0.483875 0.913230 0.840850
2 0.529155 0.039433 0.271430 0.042300
1 0.040080 0.477258 0.066040 0.870283
0 0.529420 0.939158 0.916760 0.076983
