9 0.048225 0.081500 0.030410 0.030500
10 0.528405 0.961233 0.045690 0.036567
11 0.020030 0.484233 0.020860 0.180567
8 0.197775 0.928200 0.019210 0.026433
8 0.361195 0.927133 0.017390 0.024900
8 0.527855 0.927275 0.017970 0.026917
0 0.529655 0.944267 0.914410 0.087200
1 0.039820 0.474675 0.066560 0.873717
8 0.695210 0.929017 0.025980 0.034167
8 0.860345 0.927667 0.021350 0.029033
9 0.050005 0.268558 0.029610 0.037683
5 0.527010 0.483883 0.916940 0.848267
2 0.530055 0.038683 0.274410 0.043800
9 0.049570 0.447967 0.032300 0.035433
9 0.048630 0.818958 0.030420 0.033650
9 0.045130 0.635483 0.036880 0.039033
