8 0.885870 0.928458 0.021040 0.028983
1 0.040315 0.479017 0.063470 0.868567
5 0.530355 0.478300 0.917690 0.847033
2 0.527365 0.036700 0.269630 0.049767
0 0.529890 0.939158 0.916760 0.078550
7 0.170715 0.064583 0.028130 0.022767
7 0.112850 0.305967 0.027320 0.029467
7 0.942690 0.743050 0.030540 0.037500
7 0.882815 0.128875 0.026530 0.025450
7 0.823340 0.826100 0.023300 0.026800
7 0.290475 0.174417 0.028130 0.036167
7 0.349545 0.538108 0.024110 0.024117
7 0.408220 0.778550 0.025720 0.030800
7 0.466885 0.675675 0.028130 0.026783
7 0.527565 0.625175 0.028130 0.034817
7 0.585440 0.313058 0.024920 0.026783
7 0.708005 0.439642 0.033750 0.025450
7 0.646920 0.135575 0.022500 0.030817
7 0.764265 0.610433 0.022510 0.029467
9 0.049165 0.096300 0.027990 0.024233
9 0.049840 0.196517 0.032560 0.031400
9 0.048630 0.293242 0.028000 0.034083
8 0.765915 0.928092 0.023510 0.030717
8 0.649185 0.929475 0.019210 0.029983
8 0.527715 0.928458 0.020770 0.025417
8 0.408735 0.927983 0.016270 0.027533
8 0.292830 0.927792 0.014060 0.027450
8 0.170830 0.929575 0.017720 0.033050
11 0.021040 0.483858 0.020180 0.185050
10 0.528080 0.960583 0.046340 0.029633
9 0.049440 0.393058 0.025840 0.033650
9 0.050515 0.494667 0.028530 0.035000
9 0.049030 0.593133 0.027720 0.033633
9 0.048375 0.693575 0.028830 0.037683
9 0.049050 0.793833 0.028020 0.037233
9 0.052280 0.891633 0.021560 0.036333
7 0.234210 0.383392 0.031340 0.033483
