9 0.048735 0.240325 0.030070 0.033383
9 0.048360 0.137933 0.036180 0.031767
8 0.173495 0.928883 0.026790 0.037200
0 0.530830 0.939158 0.914880 0.076983
1 0.040855 0.474250 0.065530 0.869433
2 0.529160 0.035958 0.273820 0.046283
5 0.528495 0.482633 0.913970 0.833400
7 0.588650 0.479158 0.034560 0.032150
7 0.647725 0.574942 0.027330 0.046883
7 0.702785 0.782567 0.028130 0.033500
7 0.767480 0.272208 0.028940 0.033483
7 0.825350 0.380042 0.027320 0.040183
7 0.884020 0.292975 0.020900 0.032150
7 0.944300 0.761400 0.021700 0.042867
9 0.049050 0.844325 0.028780 0.030150
9 0.049700 0.744467 0.029420 0.030700
9 0.050025 0.643800 0.030070 0.036067
9 0.049700 0.545008 0.031360 0.037683
7 0.115665 0.067258 0.032150 0.033483
9 0.049860 0.442733 0.031680 0.032300
7 0.169915 0.551492 0.028130 0.032150
7 0.227380 0.631875 0.032140 0.026783
7 0.290875 0.722958 0.027330 0.029483
7 0.350750 0.116817 0.032960 0.044200
7 0.412640 0.826775 0.021700 0.038850
7 0.465680 0.647950 0.026520 0.034833
7 0.528775 0.393433 0.035370 0.037500
8 0.884010 0.931675 0.027900 0.040917
8 0.765680 0.928883 0.030140 0.033500
8 0.648755 0.928883 0.026230 0.033500
8 0.527360 0.927950 0.027900 0.029767
8 0.407360 0.931208 0.025680 0.034417
8 0.290710 0.932142 0.024560 0.032550
11 0.020250 0.484050 0.020860 0.182433
10 0.526910 0.959717 0.046600 0.039167
9 0.048570 0.343950 0.030400 0.042533
