9 0.048645 0.811300 0.032930 0.032567
9 0.047805 0.470842 0.031250 0.034417
0 0.529180 0.938375 0.914400 0.078550
1 0.041110 0.478542 0.065020 0.865983
2 0.528860 0.040900 0.271420 0.038367
5 0.529615 0.481400 0.917690 0.840833
10 0.527235 0.962642 0.047250 0.030717
11 0.021300 0.484083 0.019760 0.181300
8 0.178185 0.929075 0.021590 0.029283
8 0.303725 0.924192 0.022330 0.023183
8 0.432890 0.928325 0.023720 0.030817
8 0.558945 0.927225 0.017570 0.028617
8 0.687615 0.926167 0.018610 0.030500
8 0.815445 0.927183 0.025630 0.031733
8 0.944280 0.926425 0.023180 0.027950
9 0.050320 0.694092 0.036280 0.041850
9 0.050095 0.360233 0.034610 0.043733
9 0.046690 0.254092 0.040180 0.045583
9 0.048640 0.135950 0.028460 0.049300
9 0.048925 0.587117 0.026790 0.034433
