9 0.049620 0.431300 0.028220 0.027733
7 0.115665 0.231617 0.037770 0.022767
7 0.170720 0.690142 0.031340 0.033483
7 0.230995 0.069933 0.024910 0.030800
7 0.289270 0.388742 0.030540 0.033483
7 0.347135 0.699517 0.028930 0.030800
7 0.408620 0.826100 0.021700 0.029467
7 0.468495 0.116817 0.022510 0.041533
7 0.526365 0.242067 0.033750 0.026800
7 0.588255 0.797975 0.019290 0.024117
7 0.646520 0.775200 0.024920 0.026800
7 0.703985 0.783908 0.022510 0.033483
7 0.943900 0.477825 0.026520 0.037517
7 0.882815 0.093383 0.026530 0.034833
0 0.529885 0.941517 0.912990 0.083267
1 0.038790 0.478542 0.067600 0.874583
10 0.527885 0.961775 0.046210 0.035483
11 0.020285 0.478483 0.021330 0.191033
8 0.171880 0.928783 0.016960 0.030033
8 0.292270 0.928333 0.017300 0.025600
8 0.408590 0.928450 0.016740 0.032133
8 0.527025 0.929200 0.017030 0.028000
8 0.645750 0.929467 0.026180 0.028800
8 0.765600 0.930533 0.021860 0.030933
8 0.884955 0.927442 0.028970 0.031017
2 0.527215 0.038183 0.271730 0.042800
5 0.532585 0.482017 0.916210 0.834633
9 0.049040 0.249025 0.028220 0.030850
7 0.823340 0.724300 0.029740 0.034833
9 0.049600 0.614300 0.029340 0.026800
9 0.048760 0.797008 0.031400 0.030217
7 0.762255 0.237375 0.031350 0.033483
