8 0.153885 0.963808 0.014830 0.027950
8 0.395900 0.965475 0.020080 0.031350
8 0.518185 0.965308 0.023790 0.031517
7 0.940280 0.476483 0.035360 0.029467
7 0.882415 0.198800 0.028130 0.042867
7 0.821735 0.725642 0.028130 0.040183
7 0.758240 0.856242 0.021700 0.030817
7 0.700770 0.589000 0.028940 0.029467
7 0.637680 0.733675 0.023300 0.034817
7 0.579005 0.765150 0.028130 0.028133
7 0.517525 0.269800 0.028130 0.029467
7 0.455235 0.719608 0.024910 0.033483
7 0.396165 0.539442 0.024110 0.029483
7 0.335885 0.070600 0.024110 0.029467
7 0.275600 0.366642 0.030540 0.029483
7 0.212510 0.096725 0.029740 0.038850
7 0.152635 0.743050 0.035370 0.026800
7 0.091550 0.767158 0.030540 0.024117
8 0.640950 0.964808 0.023480 0.033550
8 0.760515 0.964550 0.021050 0.026933
8 0.881875 0.961650 0.021590 0.033567
5 0.517725 0.499350 0.937010 0.874267
2 0.518705 0.039683 0.269630 0.043800
1 0.029500 0.493600 0.045920 0.909833
0 0.518105 0.963117 0.932790 0.062067
9 0.027655 0.068900 0.029390 0.031033
9 0.029060 0.169608 0.028960 0.029917
9 0.030630 0.265500 0.035240 0.025800
9 0.028050 0.365875 0.032320 0.029917
9 0.028160 0.463075 0.030300 0.038883
9 0.028200 0.562892 0.031400 0.033017
9 0.028385 0.661025 0.029530 0.027417
9 0.028760 0.759792 0.030660 0.035517
9 0.028665 0.856833 0.028230 0.033333
8 0.275940 0.962075 0.018180 0.025017
