7 0.292480 0.432950 0.028940 0.036167
0 0.529415 0.941908 0.912990 0.084050
1 0.040595 0.478117 0.062950 0.877167
5 0.529980 0.477683 0.915460 0.830933
2 0.527365 0.039158 0.283970 0.043850
7 0.943495 0.720283 0.028930 0.034833
7 0.880805 0.662675 0.028930 0.032150
7 0.823340 0.814717 0.024920 0.038833
7 0.767080 0.287608 0.026520 0.037517
7 0.706800 0.268858 0.031340 0.029483
7 0.646520 0.290967 0.032960 0.036167
7 0.586640 0.141600 0.030540 0.024100
7 0.526360 0.722958 0.025720 0.024117
7 0.468095 0.635217 0.028130 0.030800
7 0.410230 0.062575 0.026520 0.032150
7 0.348740 0.818067 0.016080 0.037500
7 0.231400 0.404825 0.028940 0.025450
7 0.169915 0.496583 0.028130 0.029467
7 0.111645 0.135575 0.027330 0.033483
9 0.050250 0.797767 0.027480 0.032833
9 0.048685 0.678950 0.031010 0.037133
9 0.048035 0.557825 0.031650 0.038217
9 0.049765 0.440308 0.033630 0.033917
9 0.050085 0.323500 0.032330 0.039300
9 0.048795 0.203983 0.032970 0.032833
9 0.047390 0.084908 0.030360 0.033383
10 0.529200 0.962242 0.046100 0.037317
11 0.020850 0.484083 0.022000 0.182800
8 0.170985 0.928883 0.019530 0.027900
8 0.290705 0.927958 0.021210 0.033483
8 0.410705 0.931208 0.025670 0.034417
8 0.528475 0.927483 0.022330 0.040000
8 0.646520 0.931675 0.030700 0.039083
8 0.765130 0.928417 0.030140 0.038133
8 0.884010 0.929817 0.027900 0.037200
