7 0.231805 0.826108 0.015270 0.040183
9 0.050080 0.171717 0.031220 0.033200
9 0.047955 0.075667 0.033650 0.039467
9 0.047685 0.271925 0.030950 0.033650
9 0.049480 0.365575 0.031620 0.028417
9 0.048580 0.463708 0.030280 0.032517
9 0.050155 0.563342 0.032530 0.033650
9 0.050150 0.658475 0.031180 0.035517
9 0.049595 0.759417 0.028710 0.036267
9 0.049255 0.853808 0.030730 0.032150
8 0.884225 0.925567 0.021530 0.035867
7 0.470505 0.205225 0.028130 0.030817
7 0.410630 0.213267 0.028940 0.044200
7 0.349950 0.069933 0.026520 0.028133
7 0.291275 0.158350 0.023310 0.022767
5 0.527750 0.483250 0.911000 0.839600
7 0.171920 0.127542 0.030540 0.025450
7 0.112045 0.828117 0.023310 0.022767
10 0.527425 0.962642 0.051270 0.038517
11 0.021965 0.487258 0.023350 0.183183
8 0.171780 0.930850 0.020200 0.034400
8 0.291295 0.928867 0.016250 0.032200
8 0.407465 0.926675 0.016690 0.026350
8 0.529565 0.928500 0.017570 0.030000
8 0.647710 0.927042 0.020200 0.030017
8 0.764980 0.929600 0.021960 0.030733
0 0.532010 0.945050 0.918180 0.088767
1 0.042400 0.478550 0.064500 0.872867
2 0.528860 0.037450 0.280380 0.043300
7 0.945910 0.511317 0.025720 0.042867
7 0.886835 0.347217 0.023310 0.028133
7 0.826555 0.109450 0.031350 0.034833
7 0.766275 0.507558 0.030550 0.033483
7 0.706395 0.228000 0.024110 0.033500
7 0.646920 0.686792 0.020900 0.037517
7 0.587850 0.430933 0.034560 0.042867
7 0.527170 0.370658 0.030540 0.040183
