9 0.051715 0.893633 0.026790 0.029767
9 0.049200 0.801533 0.034040 0.039067
8 0.879515 0.927950 0.021530 0.029700
8 0.752735 0.928208 0.022570 0.029483
8 0.624025 0.927950 0.026230 0.028967
8 0.496050 0.929258 0.016520 0.028383
8 0.366040 0.928842 0.015760 0.034317
8 0.241700 0.926767 0.013940 0.026767
8 0.113285 0.927675 0.012770 0.024683
11 0.020960 0.486517 0.022680 0.182433
10 0.528855 0.962208 0.046350 0.037650
9 0.048640 0.137808 0.036280 0.034417
9 0.051710 0.611767 0.031260 0.031633
9 0.050040 0.518750 0.030140 0.040933
5 0.529610 0.479542 0.908780 0.844550
2 0.526320 0.039183 0.271720 0.041800
1 0.040595 0.474250 0.068110 0.869433
0 0.528710 0.941125 0.917240 0.084050
9 0.048365 0.702000 0.027910 0.042800
9 0.050035 0.229908 0.032370 0.036283
9 0.050875 0.422933 0.029590 0.039067
9 0.048920 0.327583 0.031260 0.047433
