8 0.766125 0.928450 0.021390 0.028600
8 0.646770 0.930567 0.022020 0.030000
8 0.528580 0.928267 0.019060 0.024000
8 0.409385 0.928683 0.018890 0.025900
7 0.763460 0.422900 0.030540 0.026800
7 0.826150 0.069267 0.025720 0.037500
0 0.529185 0.942700 0.915350 0.087200
1 0.039820 0.477692 0.067600 0.883183
2 0.526620 0.039933 0.271120 0.041300
5 0.528500 0.480783 0.911000 0.849500
7 0.885625 0.342800 0.031350 0.036167
8 0.293420 0.927650 0.018180 0.022067
7 0.943495 0.555517 0.032150 0.058933
10 0.527690 0.962533 0.046860 0.037867
11 0.020175 0.488008 0.020650 0.185417
8 0.171685 0.928408 0.014570 0.026483
7 0.704390 0.714925 0.029740 0.037517
9 0.051280 0.894208 0.020000 0.032717
9 0.049220 0.793583 0.027120 0.031467
9 0.049505 0.699033 0.027290 0.039867
9 0.049900 0.600000 0.031020 0.033033
9 0.049710 0.496883 0.030280 0.033633
9 0.048480 0.397783 0.028600 0.030533
9 0.049600 0.298875 0.029720 0.033950
9 0.049320 0.196375 0.027660 0.030850
9 0.049600 0.095442 0.025980 0.030217
7 0.586240 0.220633 0.021700 0.034833
7 0.525160 0.826100 0.024920 0.029467
7 0.467290 0.772525 0.024920 0.026783
7 0.409825 0.274883 0.024110 0.036167
7 0.348740 0.655317 0.028940 0.036167
7 0.292080 0.773192 0.021700 0.025450
7 0.230595 0.079983 0.027330 0.029467
7 0.170720 0.755108 0.026520 0.034817
7 0.111645 0.406825 0.028930 0.032150
7 0.643705 0.631200 0.032150 0.030800
8 0.883890 0.928800 0.024360 0.031433
