9 0.049190 0.634517 0.030280 0.029533
9 0.049585 0.529567 0.031790 0.038567
9 0.049715 0.418292 0.037790 0.030150
9 0.047780 0.317892 0.032620 0.038217
9 0.052135 0.208875 0.033590 0.026917
9 0.049490 0.105092 0.033260 0.042517
5 0.528495 0.482017 0.913970 0.842067
8 0.409750 0.927392 0.013980 0.023650
10 0.527820 0.961558 0.047640 0.037650
2 0.528860 0.038442 0.265460 0.045283
1 0.041885 0.478975 0.060370 0.870283
0 0.529890 0.943092 0.916760 0.084850
8 0.171980 0.927758 0.011640 0.023550
8 0.292515 0.928092 0.016310 0.027183
11 0.020735 0.485767 0.019090 0.180200
8 0.527310 0.927033 0.021600 0.029300
8 0.647790 0.926292 0.022620 0.030917
8 0.764630 0.928208 0.028060 0.031517
8 0.884290 0.926508 0.024400 0.031350
7 0.112045 0.822758 0.023310 0.025450
7 0.172325 0.605750 0.021710 0.028133
7 0.231400 0.552842 0.030540 0.024117
7 0.291275 0.822758 0.018490 0.025450
7 0.350755 0.543725 0.032150 0.030817
7 0.407010 0.788600 0.029740 0.026800
7 0.464880 0.659333 0.031340 0.033500
7 0.529190 0.059892 0.036200 0.026783
7 0.584235 0.776542 0.028930 0.034817
7 0.644510 0.409508 0.033760 0.032150
7 0.704790 0.185133 0.025720 0.036167
7 0.764265 0.599050 0.024110 0.030800
7 0.824945 0.203217 0.023310 0.029467
7 0.885625 0.297658 0.024110 0.030817
7 0.943495 0.609100 0.024110 0.037500
9 0.050325 0.845567 0.033370 0.037233
9 0.048490 0.739825 0.029340 0.041717
