8 0.153965 0.963767 0.021210 0.026967
8 0.273965 0.961442 0.016750 0.024183
8 0.397310 0.962375 0.018980 0.027917
8 0.517030 0.963300 0.018420 0.031633
8 0.640940 0.962842 0.027340 0.032550
8 0.760100 0.966092 0.029020 0.037217
9 0.027360 0.082750 0.032300 0.032300
9 0.029590 0.273750 0.031980 0.036600
9 0.028625 0.471050 0.030690 0.033900
9 0.027170 0.655425 0.029720 0.038750
9 0.028140 0.849758 0.031000 0.030150
8 0.879265 0.961908 0.028470 0.028850
1 0.029760 0.491450 0.044380 0.895233
2 0.516915 0.039158 0.273210 0.042850
7 0.092755 0.483850 0.036170 0.030800
7 0.153035 0.100075 0.029730 0.029483
7 0.214520 0.494567 0.027320 0.033500
7 0.274400 0.167058 0.034560 0.040183
7 0.337490 0.673400 0.028940 0.029467
7 0.398975 0.077308 0.029730 0.032150
7 0.456440 0.860925 0.028940 0.032150
7 0.520340 0.380042 0.029740 0.032150
7 0.581015 0.716267 0.032150 0.021433
7 0.638485 0.624508 0.036170 0.038850
7 0.701170 0.745067 0.029740 0.036167
7 0.760250 0.435633 0.030540 0.036167
7 0.819320 0.700183 0.032960 0.037500
7 0.880805 0.785917 0.027330 0.029467
7 0.942290 0.338517 0.029740 0.037500
5 0.519950 0.499358 0.935520 0.866850
0 0.520700 0.961150 0.938920 0.058133
