7 0.152230 0.315742 0.031340 0.032150
7 0.942285 0.180450 0.028130 0.042867
9 0.030045 0.828758 0.027910 0.023250
9 0.028880 0.645417 0.033020 0.033333
9 0.029815 0.460542 0.035810 0.035650
9 0.030045 0.277200 0.029770 0.033333
9 0.027955 0.091942 0.032090 0.034883
7 0.880405 0.286267 0.032950 0.037500
7 0.212110 0.234033 0.033760 0.042867
8 0.882280 0.960700 0.029020 0.037200
8 0.762000 0.965350 0.027340 0.033500
8 0.637030 0.963767 0.030700 0.032567
8 0.518150 0.963300 0.016180 0.027900
7 0.272390 0.629192 0.033760 0.032150
7 0.335880 0.846867 0.025720 0.028133
7 0.396560 0.229342 0.029740 0.038850
7 0.455635 0.709567 0.028930 0.029467
7 0.517120 0.084000 0.029740 0.034833
7 0.581420 0.862267 0.026520 0.029467
7 0.637680 0.069933 0.036160 0.030800
7 0.698765 0.542792 0.028130 0.046883
7 0.761450 0.779225 0.029740 0.040183
8 0.153965 0.965167 0.020090 0.027900
8 0.276755 0.966558 0.018970 0.028850
8 0.396475 0.963300 0.015070 0.027900
5 0.518465 0.498733 0.932550 0.875500
2 0.517815 0.038192 0.274410 0.046783
1 0.028985 0.491450 0.046950 0.890067
0 0.519045 0.962733 0.934670 0.058133
7 0.820930 0.412192 0.031340 0.040183
7 0.090345 0.088025 0.029730 0.024117
