7 0.941080 0.105433 0.030540 0.021433
7 0.337085 0.575608 0.032950 0.040183
7 0.396165 0.218217 0.032950 0.036167
7 0.457245 0.076633 0.027330 0.030800
0 0.518575 0.959983 0.934670 0.052633
1 0.031050 0.495325 0.042820 0.904683
8 0.518490 0.964300 0.018300 0.028467
8 0.639760 0.961958 0.024160 0.029283
8 0.760895 0.963783 0.024150 0.033033
8 0.883125 0.962008 0.024710 0.038117
7 0.885225 0.586325 0.029730 0.040183
7 0.818515 0.839500 0.032950 0.034833
2 0.515870 0.038683 0.272920 0.043800
7 0.762260 0.472467 0.034560 0.040200
7 0.697960 0.806683 0.024920 0.030800
7 0.638885 0.303683 0.017690 0.037500
7 0.577400 0.092033 0.034560 0.021433
9 0.029095 0.807842 0.030210 0.039083
9 0.030100 0.621417 0.029540 0.036833
9 0.028090 0.428300 0.028200 0.043533
9 0.026750 0.234625 0.034900 0.040183
7 0.517525 0.312392 0.033750 0.046883
8 0.396540 0.962517 0.018300 0.026267
8 0.276825 0.963150 0.016270 0.025833
8 0.154630 0.962692 0.014620 0.025050
7 0.093560 0.254117 0.026520 0.034833
7 0.151430 0.860933 0.026520 0.026800
7 0.216530 0.285600 0.026520 0.041533
5 0.518835 0.496883 0.933290 0.881700
7 0.273190 0.096725 0.033760 0.020083
