8 0.409415 0.926667 0.014310 0.026300
8 0.526680 0.928325 0.021080 0.028017
8 0.647275 0.927992 0.025670 0.034317
8 0.765090 0.932267 0.025920 0.038633
8 0.884800 0.931458 0.026720 0.037817
8 0.172370 0.931450 0.016100 0.028067
9 0.048415 0.850850 0.028370 0.030233
9 0.049345 0.736900 0.030230 0.030233
9 0.047955 0.627983 0.032090 0.034100
9 0.049115 0.171392 0.029770 0.038750
9 0.049815 0.513258 0.030230 0.032550
9 0.050510 0.400467 0.028840 0.027133
0 0.528240 0.941125 0.913460 0.074617
1 0.039305 0.478975 0.068630 0.861683
2 0.527665 0.038933 0.275010 0.042300
5 0.527380 0.477067 0.914720 0.832167
11 0.020845 0.485767 0.023350 0.189167
10 0.528075 0.961233 0.048410 0.035700
8 0.291560 0.930025 0.017240 0.031783
9 0.048415 0.285742 0.030230 0.031783
