2 0.516620 0.037417 0.272020 0.047333
5 0.518835 0.494400 0.933290 0.866833
8 0.881500 0.967025 0.024000 0.040917
8 0.760660 0.966100 0.025680 0.039067
8 0.639825 0.964233 0.026230 0.037200
8 0.518430 0.967958 0.022320 0.042783
8 0.395635 0.964233 0.020090 0.033500
8 0.276195 0.963308 0.024550 0.033483
8 0.152845 0.963767 0.022330 0.040000
9 0.026960 0.804875 0.034180 0.031850
7 0.640090 0.336767 0.030540 0.034833
7 0.700370 0.856908 0.032960 0.032150
7 0.758235 0.294975 0.028130 0.033483
7 0.820525 0.063508 0.031350 0.037517
7 0.881610 0.142942 0.030540 0.037517
7 0.939475 0.424242 0.032150 0.034817
7 0.578205 0.345883 0.023310 0.030800
7 0.516720 0.856242 0.030540 0.030817
7 0.457245 0.325792 0.022510 0.038850
7 0.394555 0.356592 0.027330 0.038850
7 0.335880 0.449292 0.031340 0.037517
7 0.272790 0.599725 0.029740 0.026783
7 0.210905 0.251442 0.032950 0.034817
9 0.028575 0.168525 0.032030 0.036783
9 0.029370 0.275200 0.031520 0.034100
9 0.027485 0.379958 0.028830 0.030050
9 0.027490 0.488292 0.031520 0.034083
9 0.028565 0.592600 0.034750 0.036333
9 0.028835 0.700708 0.033670 0.035450
0 0.519520 0.959975 0.936560 0.047917
1 0.029245 0.491450 0.049530 0.884900
7 0.096375 0.745058 0.032150 0.033483
9 0.027900 0.909175 0.033380 0.027817
7 0.155045 0.289217 0.029730 0.036167
