7 0.228990 0.676750 0.035360 0.020100
9 0.049075 0.777883 0.027810 0.036633
9 0.050555 0.601717 0.032710 0.031467
9 0.046725 0.425392 0.032150 0.030217
7 0.527570 0.261492 0.021700 0.030817
7 0.466490 0.299000 0.026520 0.030800
7 0.409825 0.260150 0.024110 0.028133
9 0.048870 0.247808 0.027100 0.032717
9 0.050425 0.069458 0.031850 0.036650
8 0.884255 0.929625 0.020490 0.034150
8 0.408125 0.927592 0.018030 0.027950
0 0.528005 0.939550 0.912990 0.079333
1 0.040595 0.476400 0.067070 0.873733
2 0.530650 0.038942 0.272020 0.045283
7 0.290875 0.070608 0.020890 0.024117
8 0.290840 0.928033 0.017560 0.023733
8 0.766215 0.928400 0.022330 0.026833
8 0.648270 0.929983 0.023480 0.030000
8 0.527690 0.930533 0.017800 0.030067
5 0.531470 0.481392 0.918440 0.835883
7 0.351155 0.815392 0.024110 0.018750
8 0.172405 0.926550 0.018590 0.025833
11 0.019245 0.483675 0.020190 0.185417
10 0.527430 0.960800 0.046340 0.033100
7 0.112045 0.373342 0.032950 0.029483
7 0.587045 0.299258 0.019290 0.032150
7 0.645315 0.830792 0.022510 0.022783
7 0.703985 0.654642 0.024110 0.026783
7 0.767480 0.785250 0.020900 0.028133
7 0.823740 0.652233 0.020100 0.036167
7 0.881610 0.747075 0.022500 0.032150
7 0.943900 0.350567 0.026520 0.029467
7 0.170315 0.116817 0.032150 0.022767
