11 0.020625 0.483708 0.020210 0.182817
10 0.527685 0.959292 0.049970 0.043917
9 0.050000 0.625842 0.029460 0.030350
9 0.045545 0.796058 0.031390 0.029717
7 0.885230 0.238317 0.025720 0.033500
7 0.823340 0.764483 0.021700 0.026800
1 0.040855 0.476833 0.065530 0.859100
7 0.946310 0.434958 0.037780 0.040183
8 0.292730 0.926683 0.015040 0.025767
8 0.407210 0.927142 0.018300 0.031783
7 0.408620 0.357267 0.029740 0.029467
7 0.469300 0.469792 0.025720 0.032150
7 0.527170 0.069267 0.028940 0.029467
7 0.586240 0.826100 0.018480 0.029467
7 0.642500 0.554183 0.039380 0.042867
7 0.704390 0.162625 0.025720 0.032150
7 0.765470 0.699517 0.029740 0.033500
8 0.647535 0.927142 0.022110 0.029217
8 0.764755 0.929008 0.021590 0.031717
8 0.883735 0.925917 0.022270 0.026933
0 0.530830 0.942692 0.916760 0.082483
8 0.527945 0.925975 0.015250 0.023650
2 0.525875 0.038442 0.277990 0.046283
5 0.528870 0.478925 0.916200 0.838350
7 0.112045 0.108117 0.026530 0.029467
7 0.169515 0.264167 0.027330 0.033500
7 0.230190 0.144275 0.026520 0.032150
7 0.289265 0.258142 0.032150 0.037517
7 0.348340 0.347892 0.034560 0.045550
9 0.047350 0.097000 0.034560 0.036167
9 0.049760 0.276492 0.026520 0.044217
9 0.049460 0.451942 0.029460 0.040050
8 0.172675 0.927725 0.016530 0.027583
