7 0.883620 0.334492 0.031340 0.026783
0 0.524705 0.941517 0.928070 0.083267
1 0.040080 0.470808 0.066040 0.859117
2 0.527965 0.040175 0.271430 0.039817
5 0.528500 0.477683 0.911000 0.840833
7 0.940280 0.322442 0.020900 0.026783
7 0.825750 0.791275 0.020100 0.029483
7 0.762255 0.134900 0.032950 0.026800
7 0.704390 0.419550 0.024920 0.022767
7 0.646920 0.242067 0.020900 0.042867
7 0.585840 0.808025 0.017680 0.033483
7 0.525560 0.604408 0.025720 0.030817
7 0.467295 0.501267 0.028130 0.033500
7 0.405405 0.069942 0.036170 0.033483
7 0.349140 0.467775 0.029740 0.033483
8 0.883115 0.926950 0.019850 0.030133
8 0.764960 0.926292 0.020580 0.028383
8 0.647725 0.926858 0.021810 0.028950
8 0.527945 0.926508 0.014830 0.026117
8 0.408170 0.927742 0.015040 0.029317
8 0.291350 0.926150 0.014400 0.026833
8 0.172005 0.927950 0.017690 0.025933
11 0.020625 0.485950 0.024690 0.185800
10 0.527690 0.962317 0.047120 0.036567
7 0.291275 0.821417 0.023310 0.033500
7 0.229390 0.663350 0.029740 0.022767
7 0.171120 0.830792 0.022500 0.028117
7 0.112850 0.816325 0.033760 0.032150
9 0.049200 0.134092 0.031820 0.036283
9 0.049760 0.223858 0.029580 0.033483
9 0.048640 0.320608 0.030700 0.042783
9 0.049480 0.409442 0.029020 0.025117
9 0.050875 0.508050 0.032930 0.038133
9 0.046410 0.600133 0.037400 0.030700
9 0.050315 0.689908 0.028470 0.048383
9 0.050315 0.786650 0.039630 0.048367
9 0.051435 0.877817 0.032930 0.029767
