10 0.512565 0.950417 0.043610 0.036567
11 0.074795 0.510067 0.026270 0.184667
8 0.125290 0.917508 0.012000 0.024717
8 0.252705 0.918617 0.012450 0.033000
5 0.512890 0.503075 0.777260 0.777683
7 0.513505 0.339858 0.035370 0.032150
7 0.641295 0.787258 0.019290 0.037517
7 0.769895 0.548150 0.036970 0.036167
7 0.900095 0.461083 0.032150 0.041533
9 0.103005 0.318408 0.028330 0.027783
9 0.102755 0.149292 0.032170 0.034250
2 0.510495 0.095167 0.278290 0.043300
9 0.100875 0.816792 0.034150 0.034883
9 0.104750 0.651750 0.032600 0.034233
9 0.101840 0.481850 0.026780 0.031667
0 0.515750 0.931700 0.778180 0.090333
1 0.084970 0.497042 0.088740 0.804917
8 0.900360 0.914950 0.015000 0.024467
8 0.769145 0.918308 0.017570 0.029950
8 0.643425 0.916783 0.020130 0.029333
8 0.513120 0.917700 0.015740 0.028733
8 0.380445 0.915867 0.021230 0.032400
7 0.127315 0.347217 0.028130 0.030800
7 0.253905 0.300333 0.032150 0.028133
7 0.381295 0.121508 0.032950 0.032150
