7 0.881610 0.072617 0.028940 0.022767
7 0.824545 0.821417 0.019290 0.036167
7 0.232605 0.547475 0.032950 0.045550
7 0.763865 0.196517 0.031350 0.029467
7 0.704790 0.430942 0.032140 0.029483
7 0.645715 0.517342 0.031350 0.030817
7 0.585840 0.720283 0.032140 0.034833
7 0.526365 0.661342 0.033750 0.037517
7 0.465685 0.726575 0.028930 0.037517
7 0.410630 0.725642 0.028940 0.037517
7 0.347135 0.071950 0.033750 0.029467
7 0.288060 0.408842 0.034560 0.030817
9 0.048955 0.605625 0.033950 0.033917
9 0.048630 0.783033 0.030140 0.033200
11 0.022755 0.487450 0.025810 0.188033
8 0.172940 0.929350 0.021200 0.028833
8 0.291545 0.929817 0.018410 0.029767
8 0.411010 0.928417 0.019580 0.028833
8 0.527635 0.928883 0.021770 0.026033
5 0.528125 0.482642 0.914710 0.835883
2 0.530800 0.038692 0.268140 0.044783
8 0.647080 0.927950 0.025120 0.031633
7 0.109635 0.091367 0.036170 0.036167
7 0.171120 0.411517 0.036980 0.030800
8 0.884570 0.929817 0.031260 0.037200
9 0.049815 0.068217 0.031330 0.035533
9 0.048635 0.244417 0.031370 0.031767
9 0.049325 0.424317 0.031010 0.028533
10 0.527200 0.961692 0.046200 0.037317
8 0.762335 0.927492 0.026790 0.034417
0 0.529650 0.940733 0.913460 0.083267
1 0.040075 0.477683 0.068110 0.881467
7 0.943495 0.765825 0.020890 0.032150
