8 0.409370 0.929683 0.017540 0.032633
9 0.048495 0.810283 0.028970 0.029900
9 0.049370 0.713775 0.025440 0.030217
7 0.112450 0.153658 0.025720 0.032150
7 0.173125 0.828117 0.023310 0.028133
7 0.230595 0.534750 0.025710 0.022767
7 0.292480 0.297658 0.030540 0.028117
7 0.349545 0.745058 0.028930 0.025450
7 0.409825 0.094050 0.025710 0.030800
7 0.467290 0.733008 0.031340 0.033483
7 0.525965 0.467775 0.036170 0.033483
7 0.587850 0.520017 0.021700 0.041533
7 0.649335 0.066583 0.027330 0.029467
7 0.704790 0.808683 0.024120 0.029467
7 0.764265 0.754442 0.027330 0.038850
7 0.822935 0.213267 0.032150 0.025467
7 0.883220 0.305025 0.025720 0.026783
7 0.942290 0.426250 0.031340 0.033500
9 0.048965 0.618067 0.029530 0.029900
9 0.049730 0.522033 0.031780 0.033600
9 0.049535 0.425133 0.029850 0.021967
9 0.048765 0.333725 0.032170 0.027783
9 0.048875 0.236183 0.032950 0.027133
9 0.049790 0.142092 0.033560 0.042417
8 0.886265 0.928708 0.036230 0.034783
8 0.764785 0.932017 0.022870 0.037100
8 0.646165 0.929008 0.020130 0.031717
8 0.527605 0.928583 0.016290 0.028800
8 0.292580 0.926508 0.016260 0.027950
8 0.172590 0.930142 0.014400 0.033183
11 0.020735 0.484458 0.025810 0.190283
10 0.528595 0.961558 0.053090 0.035917
5 0.529255 0.480158 0.915490 0.838350
2 0.526620 0.038692 0.275900 0.046783
1 0.040080 0.472092 0.066040 0.861683
0 0.528945 0.941125 0.912990 0.079350
