8 0.412325 0.930933 0.027910 0.029767
1 0.041370 0.482842 0.063460 0.874583
0 0.531070 0.940733 0.913460 0.080133
9 0.050050 0.890000 0.036280 0.034100
9 0.047485 0.771392 0.033950 0.034117
9 0.049765 0.660467 0.033950 0.036433
9 0.049580 0.545808 0.033480 0.032550
9 0.049580 0.432242 0.030700 0.034883
9 0.050045 0.321400 0.028830 0.036433
9 0.049115 0.199300 0.033490 0.031000
9 0.047720 0.089608 0.031620 0.034883
11 0.020735 0.483525 0.023130 0.179450
10 0.528665 0.961242 0.045210 0.034617
8 0.883450 0.931217 0.029020 0.040000
8 0.766800 0.930742 0.024560 0.035350
8 0.647640 0.929350 0.028460 0.032567
8 0.528755 0.926092 0.016190 0.027917
2 0.529460 0.037450 0.276800 0.043300
8 0.289590 0.931675 0.018980 0.033483
8 0.170985 0.932608 0.019530 0.035350
5 0.529610 0.483258 0.911740 0.844550
