7 0.575390 0.810700 0.027320 0.022767
0 0.518105 0.960767 0.934670 0.049500
1 0.028210 0.493167 0.046440 0.886633
2 0.517065 0.038942 0.274710 0.046283
5 0.517725 0.496875 0.932550 0.861883
8 0.882160 0.963425 0.031100 0.036017
8 0.760135 0.961033 0.023130 0.030067
7 0.518725 0.638567 0.023310 0.037500
7 0.454830 0.110792 0.025720 0.034817
7 0.395760 0.260150 0.029740 0.028133
7 0.335480 0.458400 0.023300 0.041533
7 0.276005 0.858250 0.015270 0.029467
7 0.211705 0.070208 0.027330 0.024117
7 0.152635 0.828783 0.027330 0.034833
7 0.091955 0.289625 0.028130 0.038850
8 0.638560 0.961792 0.021840 0.026150
8 0.517355 0.963392 0.017370 0.027883
8 0.396125 0.963025 0.017610 0.030383
8 0.276100 0.961983 0.016940 0.030700
8 0.153885 0.963392 0.016950 0.027883
7 0.638480 0.371333 0.021700 0.028133
7 0.699165 0.424908 0.027330 0.033483
7 0.760250 0.392758 0.020900 0.033483
7 0.821330 0.167717 0.027320 0.036167
7 0.883215 0.345217 0.024110 0.029467
7 0.943895 0.831458 0.020090 0.024117
9 0.030055 0.869250 0.036070 0.043967
9 0.026985 0.676383 0.031630 0.043733
9 0.026590 0.490775 0.033000 0.039617
9 0.028250 0.296792 0.029180 0.035883
9 0.027210 0.103283 0.032520 0.040000
