7 0.348745 0.422233 0.027330 0.038833
7 0.288865 0.648617 0.029730 0.036167
7 0.229795 0.829450 0.024110 0.028133
7 0.171120 0.489875 0.025720 0.032150
7 0.766275 0.071275 0.029730 0.030817
7 0.823740 0.118833 0.028940 0.037500
7 0.704390 0.667367 0.031340 0.041533
7 0.884420 0.695500 0.026520 0.036167
7 0.942695 0.267517 0.032150 0.037500
5 0.528495 0.483258 0.916950 0.844550
2 0.526920 0.035450 0.276500 0.048267
1 0.040340 0.470808 0.064500 0.867717
0 0.529655 0.946225 0.914410 0.089550
9 0.047820 0.091592 0.031220 0.030950
9 0.046815 0.266283 0.034750 0.039033
9 0.048830 0.440558 0.030180 0.034983
7 0.109635 0.070608 0.026530 0.032150
9 0.048270 0.617208 0.032520 0.032150
9 0.047170 0.793217 0.034320 0.036633
7 0.466890 0.187142 0.028940 0.032150
7 0.527970 0.564892 0.033760 0.032150
7 0.586245 0.202550 0.028130 0.028133
7 0.648530 0.453717 0.035360 0.034833
10 0.527570 0.963875 0.049980 0.043050
11 0.021490 0.488158 0.021980 0.182450
8 0.173495 0.930275 0.027910 0.036283
8 0.289590 0.931675 0.025680 0.040917
8 0.408195 0.931675 0.025110 0.037217
8 0.526520 0.930750 0.017300 0.031633
8 0.648195 0.929817 0.022890 0.039067
8 0.764850 0.929350 0.024000 0.041867
8 0.884010 0.929817 0.024560 0.039067
7 0.407815 0.528050 0.028130 0.036167
