7 0.943495 0.737700 0.024110 0.029467
0 0.530365 0.937200 0.912990 0.074633
1 0.040080 0.491017 0.067080 0.885767
2 0.529605 0.040175 0.273510 0.045783
5 0.527755 0.482017 0.916950 0.837133
7 0.881205 0.743717 0.031350 0.036167
7 0.823745 0.263500 0.036970 0.042867
7 0.768285 0.829458 0.027330 0.025450
7 0.706800 0.358875 0.024120 0.028117
7 0.649335 0.723633 0.020890 0.028133
7 0.586645 0.193175 0.033750 0.022783
7 0.527570 0.598383 0.032960 0.026800
7 0.467295 0.453717 0.028130 0.029467
7 0.408220 0.629867 0.033760 0.028133
7 0.349950 0.221975 0.029740 0.024117
7 0.292885 0.544800 0.036170 0.037500
7 0.231805 0.071942 0.028130 0.032150
7 0.170715 0.136908 0.032950 0.030817
7 0.110840 0.451033 0.038580 0.034833
8 0.883595 0.924983 0.022330 0.028667
8 0.764830 0.926292 0.021860 0.030083
8 0.647910 0.925875 0.021860 0.030083
8 0.527080 0.927325 0.016260 0.025883
8 0.407700 0.928050 0.015280 0.024900
8 0.291625 0.926800 0.013750 0.027100
8 0.172540 0.927317 0.013580 0.027900
11 0.020175 0.486325 0.022010 0.182817
10 0.528790 0.958850 0.046980 0.038300
9 0.046660 0.822842 0.036340 0.053950
9 0.049455 0.637250 0.031870 0.040000
9 0.048060 0.454933 0.040240 0.038133
9 0.046660 0.265625 0.036340 0.033483
9 0.047500 0.083767 0.045820 0.041867
