7 0.231400 0.778550 0.028940 0.033500
10 0.527495 0.960367 0.048030 0.036133
11 0.021745 0.486142 0.022450 0.183183
8 0.172775 0.928667 0.017570 0.024133
8 0.290585 0.926583 0.018330 0.026267
8 0.409250 0.926292 0.015760 0.025850
8 0.528325 0.928625 0.019570 0.028817
8 0.646770 0.926083 0.022620 0.028800
8 0.765245 0.929725 0.018910 0.029483
8 0.883690 0.928025 0.023820 0.029017
5 0.530355 0.480158 0.914710 0.833417
2 0.526770 0.040933 0.282780 0.043300
1 0.040335 0.472533 0.065530 0.881467
9 0.047550 0.816117 0.030360 0.035533
7 0.115260 0.556192 0.034560 0.025450
7 0.167905 0.404817 0.033750 0.041533
9 0.048035 0.724275 0.037150 0.037150
9 0.050620 0.628750 0.031980 0.040867
9 0.050945 0.536192 0.031970 0.030150
9 0.050295 0.441167 0.031330 0.036067
9 0.048040 0.350467 0.030040 0.038767
9 0.051425 0.253558 0.033590 0.034450
9 0.047555 0.161242 0.031010 0.032850
9 0.049810 0.066175 0.030360 0.031217
7 0.290070 0.351508 0.031340 0.032150
7 0.348340 0.254792 0.026520 0.044217
7 0.408220 0.479833 0.030540 0.033500
7 0.466890 0.079983 0.030540 0.040200
7 0.527970 0.428258 0.028940 0.026783
7 0.586645 0.830792 0.022510 0.028117
7 0.646520 0.707550 0.023300 0.028133
7 0.702780 0.699517 0.029740 0.028133
7 0.763460 0.672325 0.021700 0.038850
7 0.825350 0.593692 0.025720 0.020083
7 0.881605 0.206567 0.024110 0.033500
7 0.942690 0.065250 0.028940 0.029467
0 0.528710 0.939942 0.915340 0.075417
