1 0.030790 0.488867 0.040240 0.895233
9 0.028590 0.652783 0.034160 0.041300
9 0.029260 0.842000 0.032820 0.031267
7 0.151025 0.633883 0.024110 0.030800
7 0.210900 0.617800 0.029740 0.028133
7 0.274800 0.681433 0.025720 0.034833
7 0.334680 0.387675 0.025720 0.037517
7 0.397370 0.780558 0.029740 0.032150
7 0.456440 0.549758 0.032960 0.032150
7 0.517120 0.482558 0.034560 0.041450
7 0.578205 0.493233 0.028130 0.036167
7 0.640090 0.346550 0.034560 0.024100
7 0.701980 0.322433 0.034560 0.034833
7 0.760245 0.588333 0.028930 0.030800
7 0.821330 0.721892 0.031340 0.030817
7 0.883620 0.858250 0.024920 0.029467
7 0.941085 0.804667 0.022510 0.034833
0 0.519285 0.961942 0.933250 0.051850
2 0.515570 0.040675 0.272920 0.040817
5 0.516980 0.496875 0.934040 0.876750
9 0.030935 0.084042 0.034830 0.037950
9 0.026915 0.273250 0.030810 0.039067
9 0.027250 0.463017 0.036840 0.039067
7 0.091150 0.070608 0.029740 0.024117
8 0.883885 0.963783 0.023790 0.032533
8 0.762800 0.961750 0.025620 0.026433
8 0.639120 0.962008 0.027760 0.035083
8 0.517265 0.963025 0.015250 0.033050
8 0.396160 0.961667 0.022620 0.029667
8 0.277990 0.963533 0.017380 0.024900
8 0.153550 0.961033 0.018300 0.033467
