9 0.049500 0.541025 0.033620 0.034617
10 0.528660 0.962208 0.049840 0.036783
11 0.020960 0.485583 0.019080 0.180567
8 0.176890 0.928183 0.016800 0.030967
8 0.304625 0.928392 0.017650 0.029417
8 0.431485 0.926508 0.017530 0.031350
8 0.560350 0.930100 0.017540 0.027533
8 0.688580 0.928617 0.021860 0.030500
8 0.814195 0.928717 0.024710 0.036600
8 0.944410 0.927567 0.023640 0.030933
9 0.049715 0.641275 0.028790 0.036450
9 0.048590 0.747042 0.032900 0.034883
9 0.050645 0.852500 0.028790 0.032700
9 0.048655 0.329083 0.027650 0.028133
9 0.049900 0.224133 0.028040 0.034267
9 0.049155 0.122417 0.028790 0.032400
9 0.049175 0.433725 0.031930 0.030717
5 0.528865 0.482642 0.913230 0.845783
2 0.525575 0.039158 0.277390 0.043850
1 0.042400 0.472525 0.064500 0.865983
0 0.530125 0.941908 0.914410 0.080917
