8 0.766525 0.930742 0.026230 0.033483
8 0.885405 0.931208 0.025110 0.034417
8 0.648200 0.927483 0.024000 0.028833
8 0.527635 0.929817 0.021770 0.029767
8 0.407080 0.931208 0.028460 0.041850
8 0.292105 0.934000 0.021770 0.036267
8 0.172100 0.928425 0.025120 0.036283
11 0.020850 0.484458 0.022900 0.177583
10 0.528275 0.961558 0.047510 0.041550
5 0.528125 0.480775 0.913230 0.844550
2 0.530200 0.037442 0.273520 0.046283
1 0.040855 0.478117 0.063470 0.866833
0 0.529415 0.947408 0.913930 0.090350
9 0.048720 0.128917 0.031540 0.039067
9 0.048050 0.241667 0.034220 0.041300
9 0.047380 0.356633 0.032880 0.048000
9 0.050060 0.463242 0.028860 0.037950
9 0.049055 0.572642 0.032210 0.037950
9 0.051065 0.685392 0.032210 0.042417
9 0.050390 0.793100 0.025520 0.048000
