8 0.141350 0.927950 0.014340 0.027967
10 0.523855 0.961775 0.048030 0.040250
9 0.047805 0.814558 0.032370 0.039083
11 0.020395 0.487450 0.020210 0.187300
9 0.049205 0.637817 0.032930 0.042800
9 0.048085 0.458283 0.034050 0.031633
9 0.048920 0.277817 0.030140 0.039067
9 0.046690 0.101542 0.037960 0.045583
5 0.524780 0.482017 0.902080 0.837133
2 0.522740 0.038942 0.273520 0.040317
1 0.040075 0.473392 0.062950 0.869417
0 0.526115 0.942308 0.920530 0.086417
8 0.978135 0.925967 0.023050 0.026833
8 0.837845 0.927917 0.025910 0.032933
8 0.696855 0.927917 0.026790 0.037333
8 0.558505 0.928100 0.020490 0.029900
8 0.417685 0.927192 0.019210 0.033550
8 0.281055 0.926575 0.017110 0.024917
