7 0.386920 0.368650 0.034560 0.022767
7 0.511895 0.694158 0.028930 0.028117
7 0.642100 0.431617 0.027320 0.036167
7 0.769490 0.820750 0.024920 0.029467
7 0.900895 0.801992 0.019290 0.024117
9 0.101785 0.180950 0.030230 0.030367
0 0.513400 0.935233 0.787600 0.092700
9 0.100825 0.864217 0.030490 0.029600
8 0.901090 0.918033 0.016840 0.030500
8 0.769210 0.918792 0.020740 0.035083
8 0.640160 0.915917 0.018040 0.033033
8 0.513150 0.918292 0.016160 0.027950
8 0.382430 0.918250 0.015500 0.027533
8 0.254710 0.917683 0.014820 0.027533
8 0.127320 0.917017 0.021660 0.028467
1 0.093740 0.503917 0.066040 0.792900
2 0.513635 0.093925 0.275010 0.044783
5 0.511780 0.503692 0.773540 0.776450
11 0.074760 0.507225 0.019960 0.183183
10 0.513340 0.950200 0.051400 0.033967
9 0.102320 0.769817 0.028240 0.030833
9 0.102040 0.671367 0.032920 0.035200
9 0.102795 0.571342 0.032150 0.023050
9 0.101455 0.477717 0.029490 0.038767
9 0.100870 0.375325 0.029880 0.039417
9 0.102225 0.276817 0.030270 0.032300
7 0.128125 0.572933 0.028130 0.034833
7 0.253100 0.487867 0.027320 0.028133
