8 0.113750 0.927525 0.014680 0.025683
8 0.296415 0.929367 0.016170 0.024400
8 0.665805 0.927700 0.022570 0.026433
8 0.851200 0.926400 0.020080 0.029267
10 0.529765 0.960583 0.048930 0.039600
11 0.020400 0.484642 0.022900 0.180183
9 0.051965 0.876325 0.019030 0.036283
9 0.050285 0.756325 0.038010 0.028850
9 0.048615 0.643767 0.038010 0.036267
9 0.051405 0.520975 0.036890 0.034417
9 0.050290 0.407958 0.033540 0.035350
9 0.049170 0.294925 0.030200 0.043717
9 0.047220 0.174467 0.040800 0.033500
5 0.528125 0.481400 0.913230 0.840833
2 0.525280 0.038192 0.280980 0.052750
1 0.038015 0.480267 0.070170 0.872867
0 0.530835 0.944267 0.918650 0.090333
8 0.480640 0.926325 0.016780 0.025417
