9 0.032600 0.906133 0.021020 0.033200
0 0.519045 0.965475 0.934670 0.062050
1 0.033110 0.489300 0.040760 0.894367
2 0.517360 0.036942 0.272320 0.045283
5 0.518095 0.499350 0.933290 0.874267
8 0.883430 0.964042 0.027140 0.029983
8 0.763565 0.960992 0.029590 0.035083
8 0.639530 0.962933 0.024400 0.032200
8 0.518520 0.962333 0.013760 0.030000
8 0.396500 0.960608 0.014300 0.026183
8 0.275770 0.962217 0.015360 0.025300
8 0.154080 0.963692 0.013680 0.027450
9 0.029520 0.087333 0.025840 0.031400
9 0.031390 0.187683 0.029360 0.027367
9 0.029370 0.288175 0.028560 0.033650
9 0.027485 0.392475 0.025330 0.034983
9 0.029235 0.495650 0.030990 0.030500
9 0.028845 0.598517 0.028810 0.030067
9 0.028830 0.699992 0.032320 0.038117
9 0.031390 0.801600 0.029900 0.027800
