7 0.941885 0.470450 0.027330 0.036167
9 0.029260 0.910700 0.032060 0.035000
9 0.027515 0.799000 0.029630 0.035900
9 0.028725 0.689317 0.032050 0.033633
9 0.027110 0.581542 0.032320 0.031783
9 0.027670 0.469767 0.030300 0.031767
9 0.028680 0.360792 0.033220 0.031417
9 0.029015 0.253125 0.032550 0.030650
9 0.027555 0.145642 0.031430 0.039250
7 0.700370 0.712242 0.021700 0.026783
7 0.640490 0.124192 0.020900 0.024117
7 0.578605 0.122850 0.022510 0.034833
7 0.517925 0.230017 0.026530 0.029467
7 0.457645 0.132492 0.027330 0.020083
7 0.398170 0.841508 0.023300 0.025450
7 0.337085 0.081317 0.023310 0.034833
7 0.277610 0.758458 0.026520 0.028117
7 0.215725 0.852225 0.031350 0.038850
7 0.155045 0.469117 0.027330 0.033500
7 0.092355 0.081325 0.028930 0.026783
8 0.153870 0.962258 0.013760 0.024450
8 0.275945 0.963550 0.013950 0.028533
8 0.395455 0.961633 0.016310 0.022933
8 0.518410 0.964100 0.016100 0.026467
8 0.639785 0.964458 0.024570 0.030017
8 0.761275 0.964208 0.023390 0.030517
1 0.027180 0.495208 0.046440 0.892650
5 0.518160 0.500125 0.931060 0.881717
2 0.517810 0.038433 0.268440 0.043300
0 0.519050 0.959583 0.932780 0.050267
8 0.882835 0.963392 0.020550 0.027883
7 0.761855 0.064583 0.022510 0.028133
7 0.822535 0.228000 0.028130 0.030800
7 0.880805 0.390758 0.022510 0.040183
