7 0.396560 0.457733 0.029740 0.045533
7 0.939475 0.423842 0.031350 0.042850
7 0.881205 0.858250 0.028130 0.050900
7 0.821330 0.558867 0.027320 0.028133
7 0.759045 0.198533 0.036170 0.033500
7 0.700770 0.808692 0.027320 0.032150
7 0.639690 0.147633 0.028940 0.044200
7 0.578205 0.524708 0.032950 0.032150
7 0.517525 0.797308 0.028930 0.033483
7 0.456840 0.064575 0.026520 0.030817
0 0.520465 0.961550 0.934670 0.055767
1 0.028725 0.491450 0.049530 0.910700
2 0.519900 0.037200 0.272020 0.043800
5 0.518840 0.499358 0.936260 0.876750
9 0.030815 0.833558 0.029350 0.029917
9 0.028330 0.647192 0.032300 0.035517
9 0.026985 0.456908 0.029610 0.034017
9 0.029565 0.273542 0.031630 0.035883
9 0.028890 0.084042 0.030960 0.026917
8 0.152010 0.963308 0.020660 0.033483
8 0.272290 0.963308 0.024560 0.033483
8 0.396755 0.962842 0.018970 0.034417
8 0.521220 0.965158 0.029020 0.033483
8 0.640385 0.965633 0.027350 0.030700
8 0.758710 0.967492 0.025120 0.038150
8 0.883450 0.964233 0.030140 0.033500
7 0.093155 0.502608 0.032150 0.033483
7 0.152630 0.530067 0.030540 0.032133
7 0.214115 0.179783 0.028130 0.036167
7 0.274395 0.785925 0.032950 0.032150
7 0.336285 0.439650 0.023310 0.030800
