7 0.091083 0.605817 0.032036 0.036677
7 0.949028 0.757283 0.031176 0.036683
7 0.861809 0.773706 0.036354 0.033029
7 0.776749 0.758195 0.032039 0.034859
7 0.689528 0.739945 0.037220 0.034859
7 0.606195 0.756371 0.038083 0.042154
7 0.520274 0.766420 0.032033 0.040355
7 0.436074 0.781004 0.034628 0.036683
7 0.349286 0.799253 0.033765 0.036683
7 0.264227 0.818415 0.034628 0.038507
7 0.177438 0.826628 0.032039 0.036683
7 0.091946 0.841227 0.030310 0.036677
7 0.948640 0.082163 0.031089 0.034670
7 0.864399 0.110358 0.034631 0.034853
7 0.778475 0.103060 0.030313 0.038507
7 0.694279 0.075685 0.032902 0.034859
7 0.605763 0.078421 0.030310 0.040330
7 0.518976 0.082075 0.032902 0.036683
7 0.435211 0.091196 0.036354 0.033029
7 0.349719 0.097586 0.031173 0.038501
7 0.263362 0.099409 0.029447 0.034853
7 0.092811 0.116747 0.033765 0.033029
10 0.519903 0.967990 0.034072 0.039602
0 0.519641 0.952570 0.943359 0.094859
11 0.014878 0.485946 0.018740 0.333005
1 0.024471 0.484146 0.048943 0.876603
2 0.519988 0.026943 0.540035 0.052197
5 0.519990 0.481086 0.944463 0.851047
8 0.091949 0.934250 0.037324 0.033752
8 0.262897 0.933002 0.033776 0.033752
8 0.434438 0.934250 0.034958 0.033752
8 0.606570 0.933626 0.034958 0.035000
8 0.777520 0.931750 0.033776 0.033745
8 0.949503 0.934627 0.035491 0.036255
7 0.177870 0.106707 0.032902 0.042154
9 0.032648 0.082118 0.024845 0.031248
9 0.033180 0.268494 0.018928 0.040000
9 0.033477 0.453494 0.020704 0.030000
9 0.033181 0.638498 0.021295 0.042503
9 0.032589 0.825376 0.020110 0.036248
3 0.106445 0.480187 0.101364 0.192601
7 0.947732 0.344856 0.032036 0.036677
7 0.864399 0.372234 0.036357 0.036683
7 0.778475 0.337558 0.035491 0.036683
7 0.691255 0.305624 0.035491 0.042154
7 0.604900 0.302886 0.030310 0.036677
7 0.517682 0.314746 0.033765 0.038501
7 0.433484 0.319302 0.032899 0.036671
7 0.348423 0.328433 0.035491 0.036683
7 0.262068 0.337558 0.032036 0.036683
7 0.177438 0.342121 0.032039 0.027558
7 0.092811 0.349419 0.030313 0.034859
7 0.948164 0.531909 0.031173 0.038507
7 0.863103 0.551068 0.032039 0.033029
7 0.776316 0.531909 0.031173 0.038507
7 0.691688 0.509097 0.027721 0.036677
7 0.605765 0.519134 0.032039 0.038501
7 0.521567 0.531906 0.032899 0.034853
7 0.435643 0.549244 0.033765 0.036677
7 0.348423 0.562020 0.030313 0.036683
7 0.264658 0.578442 0.030313 0.040324
7 0.176575 0.591218 0.035491 0.036683
