7 0.838633 0.785127 0.030224 0.031363
8 0.506040 0.910444 0.043182 0.090696
8 0.543011 0.908057 0.040224 0.090696
8 0.579093 0.908654 0.043771 0.089502
7 0.101458 0.764743 0.030311 0.038331
7 0.137728 0.780424 0.030308 0.034842
7 0.174429 0.769972 0.031175 0.031357
7 0.211993 0.066100 0.030311 0.031363
7 0.248263 0.418035 0.028581 0.034847
7 0.284965 0.711606 0.027721 0.036584
7 0.322529 0.598360 0.032038 0.036584
7 0.359230 0.728156 0.027718 0.038326
7 0.395932 0.678504 0.030311 0.033105
7 0.434359 0.690699 0.029448 0.036589
7 0.469766 0.375348 0.029445 0.047042
7 0.506899 0.347475 0.032902 0.040074
8 0.617837 0.908654 0.049097 0.094276
7 0.542736 0.631462 0.030311 0.040074
7 0.579005 0.431974 0.032038 0.034842
7 0.617435 0.720317 0.031175 0.036584
7 0.653703 0.687214 0.031175 0.036589
7 0.692132 0.711606 0.028581 0.036584
7 0.728834 0.745580 0.029448 0.034847
7 0.765534 0.763872 0.030311 0.033105
7 0.802668 0.779553 0.030308 0.033100
8 0.469071 0.910444 0.044954 0.090696
8 0.430918 0.911041 0.041999 0.091889
0 0.525761 0.924887 0.933546 0.150226
10 0.526308 0.971708 0.072487 0.039525
9 0.037024 0.138125 0.030168 0.031148
8 0.948202 0.909251 0.043771 0.095469
9 0.038207 0.426932 0.027802 0.028761
2 0.526435 0.025840 0.313459 0.044678
8 0.910641 0.908654 0.044365 0.091889
7 0.913202 0.787395 0.032038 0.034847
9 0.038207 0.524794 0.030168 0.033535
8 0.874261 0.908654 0.042590 0.091889
5 0.525414 0.451697 0.934242 0.796041
8 0.395130 0.910444 0.043773 0.093083
8 0.838179 0.909251 0.047320 0.093083
11 0.013192 0.450998 0.017121 0.256058
9 0.037024 0.620263 0.031351 0.033535
8 0.800913 0.908057 0.044954 0.090696
9 0.037024 0.715738 0.028985 0.033535
9 0.038089 0.812585 0.027802 0.033416
8 0.690299 0.906864 0.042588 0.097856
8 0.654512 0.909847 0.044365 0.094276
8 0.357272 0.909251 0.042590 0.093083
8 0.322373 0.908654 0.043771 0.091889
8 0.283925 0.908057 0.042590 0.093083
8 0.247546 0.911041 0.039633 0.089502
8 0.209097 0.910444 0.043179 0.090696
8 0.172424 0.909847 0.041999 0.091889
8 0.135749 0.909847 0.038450 0.089502
7 0.950027 0.787746 0.028509 0.036578
8 0.100554 0.908057 0.043771 0.095469
8 0.763056 0.908654 0.042590 0.089502
1 0.029401 0.461482 0.058803 0.847229
8 0.727564 0.908654 0.042590 0.089502
3 0.929331 0.085814 0.114990 0.042964
9 0.037911 0.232407 0.028394 0.028761
7 0.875206 0.787395 0.030311 0.034847
9 0.037616 0.332059 0.028985 0.029955
