7 0.395069 0.391900 0.042400 0.034842
5 0.523881 0.448592 0.939352 0.798077
3 0.927627 0.084955 0.118394 0.041244
2 0.523881 0.026700 0.269165 0.053275
9 0.042939 0.814197 0.014788 0.025181
9 0.036728 0.687096 0.023661 0.028761
9 0.036433 0.561790 0.026619 0.031148
9 0.036137 0.432899 0.026027 0.028761
9 0.036137 0.306400 0.027211 0.028761
9 0.036019 0.180074 0.028394 0.031029
0 0.523312 0.924887 0.938461 0.150226
10 0.523880 0.971024 0.073255 0.041244
11 0.013659 0.450311 0.018738 0.295588
1 0.027272 0.459762 0.054544 0.826606
8 0.096117 0.909847 0.045545 0.089502
8 0.133678 0.910444 0.047323 0.090696
8 0.171241 0.911041 0.045548 0.089502
8 0.208210 0.909251 0.043771 0.088309
8 0.246067 0.908057 0.044957 0.085922
8 0.280671 0.909847 0.043182 0.089502
8 0.319711 0.909251 0.044362 0.090696
8 0.353723 0.909847 0.042590 0.089502
8 0.393060 0.909847 0.045548 0.089502
8 0.428848 0.908654 0.041407 0.087115
8 0.471733 0.908057 0.056193 0.085922
8 0.506336 0.906864 0.049689 0.085922
8 0.540053 0.908057 0.043773 0.088309
8 0.579685 0.907460 0.044954 0.087115
8 0.615471 0.909251 0.044365 0.090696
8 0.650076 0.908654 0.040224 0.089502
8 0.689707 0.910444 0.044954 0.088309
8 0.726085 0.908654 0.040816 0.089502
8 0.763056 0.909847 0.043773 0.091889
8 0.799729 0.909251 0.041405 0.093083
8 0.837292 0.908057 0.041996 0.090696
8 0.873966 0.909251 0.044365 0.090696
8 0.911232 0.908654 0.044365 0.091889
8 0.948202 0.908654 0.044954 0.089502
7 0.096709 0.273428 0.036355 0.034842
7 0.134706 0.073068 0.038085 0.031363
7 0.171407 0.082650 0.038946 0.026137
7 0.209835 0.066971 0.041536 0.029621
7 0.246968 0.153213 0.039812 0.027873
7 0.282802 0.181089 0.038937 0.034847
7 0.318643 0.236841 0.038082 0.031363
7 0.356639 0.373609 0.038082 0.029615
7 0.430474 0.458979 0.037219 0.036589
7 0.467174 0.433716 0.038082 0.034842
7 0.504741 0.467689 0.037219 0.033105
7 0.541441 0.535636 0.039809 0.036589
7 0.578573 0.580936 0.036355 0.036589
7 0.615708 0.621010 0.038082 0.036589
7 0.653703 0.651496 0.038082 0.041816
7 0.690837 0.654112 0.038085 0.036584
7 0.728402 0.687214 0.033765 0.040074
7 0.763807 0.705506 0.032038 0.034847
7 0.801371 0.722930 0.032902 0.034842
7 0.839801 0.749064 0.032038 0.038331
7 0.876070 0.768230 0.028584 0.034842
7 0.912771 0.780424 0.024264 0.031357
7 0.949905 0.789137 0.024267 0.031363
