1 0.028652 0.441374 0.051107 0.783643
7 0.096283 0.755178 0.029812 0.032653
7 0.192108 0.737992 0.030664 0.042964
7 0.286658 0.750020 0.032369 0.036092
7 0.383336 0.747443 0.029812 0.034367
7 0.475329 0.733693 0.029812 0.037805
7 0.572860 0.713931 0.030664 0.039525
7 0.664853 0.670970 0.030664 0.036092
7 0.757697 0.625427 0.035775 0.034372
7 0.854375 0.493962 0.038332 0.029214
7 0.948923 0.072067 0.040034 0.034372
5 0.523880 0.431063 0.937309 0.754774
9 0.036061 0.080591 0.026678 0.031137
9 0.037083 0.229070 0.028722 0.031137
11 0.013318 0.431063 0.014312 0.391821
9 0.036061 0.378572 0.026678 0.029055
9 0.035549 0.528091 0.027701 0.035266
9 0.035806 0.678529 0.026577 0.032998
0 0.523370 0.901256 0.938329 0.185611
10 0.522450 0.969921 0.108349 0.035057
8 0.077543 0.855880 0.032366 0.072178
8 0.169110 0.866881 0.045144 0.087641
8 0.259826 0.872896 0.051107 0.103111
8 0.356930 0.871346 0.051107 0.103111
8 0.446368 0.876332 0.054514 0.113422
8 0.539638 0.884236 0.062181 0.122014
8 0.631205 0.880628 0.059624 0.118575
8 0.730439 0.881488 0.058775 0.123733
8 0.824561 0.882347 0.059624 0.122014
8 0.916981 0.886643 0.063886 0.130605
2 0.521836 0.026872 0.307665 0.041244
