9 0.043117 0.100715 0.042590 0.034610
5 0.530524 0.438281 0.924020 0.769208
9 0.044123 0.199587 0.040816 0.029955
9 0.042939 0.298643 0.038450 0.029955
9 0.043531 0.394112 0.039633 0.027568
9 0.047376 0.488394 0.036675 0.032342
9 0.047080 0.591626 0.031351 0.035922
9 0.047080 0.687096 0.033717 0.033535
9 0.056840 0.787941 0.014197 0.032342
2 0.529843 0.027559 0.477000 0.048117
8 0.947847 0.891946 0.056193 0.118145
8 0.879585 0.896123 0.056787 0.114564
8 0.810081 0.893736 0.062108 0.116951
8 0.739099 0.894333 0.053830 0.115758
8 0.668649 0.894333 0.058559 0.118145
8 0.600093 0.894333 0.058559 0.118145
8 0.528518 0.893736 0.058562 0.116951
8 0.458719 0.894929 0.058559 0.121725
8 0.389215 0.896719 0.056787 0.115758
8 0.319711 0.895526 0.059742 0.115758
8 0.249320 0.895526 0.057379 0.115758
8 0.180408 0.893736 0.057967 0.116951
8 0.109427 0.894333 0.057967 0.118145
7 0.111864 0.772585 0.018133 0.029615
7 0.180517 0.123594 0.046630 0.038331
7 0.251329 0.298691 0.043179 0.043558
7 0.320414 0.333538 0.048357 0.047042
7 0.391657 0.229002 0.044043 0.040074
7 0.460310 0.083521 0.043176 0.041816
7 0.530690 0.087876 0.044043 0.036589
7 0.600638 0.076553 0.042313 0.041816
7 0.670586 0.070455 0.044043 0.040074
10 0.531845 0.969989 0.037567 0.039525
0 0.530115 0.909910 0.923611 0.173224
1 0.034512 0.445158 0.069024 0.824887
7 0.738807 0.169765 0.044040 0.043558
7 0.810050 0.247294 0.046633 0.041816
7 0.880430 0.138402 0.047494 0.043558
7 0.948307 0.140495 0.044043 0.038331
11 0.013234 0.438281 0.017889 0.329955
3 0.885892 0.084955 0.200171 0.044683
