9 0.039670 0.082291 0.032709 0.037274
9 0.039159 0.194525 0.037819 0.031097
9 0.039670 0.310877 0.034753 0.033156
9 0.039670 0.427229 0.034753 0.031097
9 0.040181 0.542551 0.033731 0.035215
9 0.039159 0.657873 0.035775 0.035215
9 0.039159 0.778343 0.037819 0.033156
11 0.014321 0.463368 0.017378 0.245062
5 0.523860 0.464398 0.921976 0.823727
1 0.032208 0.478815 0.059284 0.856680
7 0.941663 0.805390 0.028111 0.034321
7 0.906739 0.673247 0.034921 0.034321
7 0.872242 0.608894 0.034074 0.032607
7 0.836467 0.569423 0.032367 0.039468
7 0.804524 0.719581 0.033220 0.041188
7 0.767897 0.321448 0.031516 0.034321
7 0.732124 0.267390 0.029812 0.032607
7 0.698435 0.059743 0.030750 0.025741
7 0.663085 0.066606 0.029899 0.029174
7 0.627779 0.166140 0.032369 0.032607
7 0.592855 0.097494 0.034071 0.029174
7 0.557510 0.125812 0.033212 0.030888
7 0.523818 0.184160 0.035862 0.027460
7 0.488043 0.274256 0.032454 0.032607
7 0.454440 0.268249 0.033220 0.037755
7 0.419517 0.329169 0.034924 0.039468
7 0.382889 0.380653 0.031516 0.032607
7 0.348818 0.398671 0.036625 0.034321
7 0.314321 0.442432 0.030663 0.036041
7 0.278544 0.488767 0.035775 0.032602
7 0.242770 0.394381 0.032367 0.036035
7 0.209551 0.474180 0.034071 0.030894
7 0.175053 0.510218 0.031516 0.027460
7 0.139704 0.465600 0.037476 0.027455
7 0.106144 0.613699 0.035775 0.034321
0 0.526416 0.934952 0.931176 0.117381
10 0.522326 0.972022 0.031687 0.026770
8 0.103588 0.925173 0.030663 0.063501
8 0.278546 0.923798 0.026407 0.054915
8 0.449756 0.922941 0.031516 0.063495
8 0.626501 0.924658 0.030665 0.063501
8 0.801543 0.923801 0.029812 0.065215
8 0.975309 0.925518 0.031516 0.061782
2 0.523860 0.028852 0.202386 0.043247
