7 0.940416 0.782258 0.035774 0.034015
3 0.898374 0.096365 0.151245 0.063366
7 0.130791 0.529192 0.036625 0.028568
7 0.410603 0.444159 0.039184 0.029933
7 0.437008 0.521707 0.037479 0.035373
7 0.466397 0.393816 0.034923 0.027215
7 0.493228 0.229865 0.034073 0.034015
7 0.521762 0.482252 0.036628 0.029927
7 0.548590 0.653005 0.035770 0.028568
7 0.577981 0.372733 0.034920 0.028586
7 0.605230 0.204694 0.034904 0.035373
7 0.633772 0.634636 0.039184 0.032650
7 0.661456 0.384290 0.036628 0.032656
7 0.689138 0.298577 0.037479 0.032650
11 0.017548 0.480523 0.021073 0.229700
7 0.718952 0.767289 0.039184 0.034015
7 0.744506 0.544838 0.037479 0.032650
7 0.772613 0.501983 0.037479 0.034015
7 0.801575 0.728513 0.034069 0.035373
7 0.828831 0.508103 0.037479 0.035373
7 0.855238 0.271365 0.035778 0.035373
7 0.885902 0.233947 0.039184 0.031297
7 0.910603 0.415584 0.035774 0.029933
5 0.536379 0.481515 0.892590 0.849504
7 0.353067 0.510823 0.035008 0.029933
7 0.327513 0.325107 0.036713 0.023127
2 0.535759 0.031019 0.278935 0.039602
1 0.046073 0.490425 0.085540 0.871291
0 0.534519 0.949829 0.911184 0.091089
10 0.534766 0.968051 0.040912 0.031683
8 0.129651 0.932341 0.044421 0.033005
8 0.269117 0.933990 0.042356 0.034651
8 0.408586 0.933990 0.044421 0.028054
8 0.549086 0.932338 0.044425 0.034651
8 0.690103 0.933164 0.045456 0.036304
8 0.828536 0.931515 0.045456 0.033005
8 0.966454 0.933990 0.042356 0.028054
7 0.299019 0.314223 0.034069 0.017687
7 0.272615 0.330548 0.039184 0.028574
7 0.215969 0.325786 0.036628 0.032650
7 0.240672 0.533274 0.034923 0.023133
7 0.382496 0.495860 0.034073 0.029933
7 0.185732 0.370006 0.034069 0.028568
7 0.158048 0.621711 0.040034 0.028574
9 0.055992 0.802307 0.045870 0.037625
9 0.057230 0.694385 0.050828 0.035649
9 0.056364 0.583397 0.050828 0.035838
9 0.056364 0.473494 0.050828 0.029902
9 0.056362 0.364581 0.048349 0.033862
9 0.054504 0.253690 0.049590 0.029902
9 0.056362 0.144783 0.048349 0.033862
