9 0.031976 0.252445 0.019422 0.034584
9 0.031465 0.396558 0.018399 0.032283
9 0.030444 0.541821 0.020442 0.041499
9 0.030444 0.685933 0.020442 0.039198
8 0.949303 0.932264 0.010222 0.034590
8 0.776815 0.932264 0.012778 0.034590
8 0.607736 0.932264 0.018738 0.034590
11 0.012760 0.485327 0.019422 0.232882
8 0.432267 0.931304 0.015331 0.032668
7 0.775964 0.756450 0.034072 0.032668
7 0.604329 0.694963 0.040035 0.032668
3 0.931670 0.091040 0.111413 0.048421
8 0.261057 0.931304 0.022146 0.032668
2 0.517189 0.028788 0.380239 0.048421
5 0.518212 0.480716 0.946506 0.850832
9 0.031466 0.831193 0.020442 0.034590
8 0.087973 0.933418 0.014482 0.038427
7 0.430563 0.339489 0.038332 0.040349
10 0.519745 0.969538 0.140033 0.039198
7 0.260205 0.080089 0.038332 0.028819
7 0.088570 0.848681 0.039181 0.028819
0 0.518724 0.949942 0.947528 0.092234
1 0.024007 0.487635 0.043956 0.873886
9 0.032488 0.108335 0.020445 0.036891
