8 0.375570 0.934887 0.032534 0.037362
2 0.518979 0.027439 0.426747 0.051879
5 0.519234 0.480716 0.946508 0.850832
9 0.031366 0.099440 0.021886 0.040031
9 0.031129 0.227476 0.020114 0.034829
9 0.031129 0.355572 0.020114 0.037497
9 0.031720 0.482335 0.018931 0.037497
9 0.030833 0.610438 0.019523 0.034829
9 0.031129 0.737867 0.020114 0.033494
9 0.031129 0.863296 0.020114 0.033494
1 0.022906 0.487635 0.045811 0.899247
11 0.014038 0.478794 0.017887 0.522644
7 0.758167 0.791206 0.040676 0.029412
7 0.854453 0.781466 0.041538 0.029419
7 0.948150 0.776597 0.040673 0.039155
7 0.088909 0.115239 0.038947 0.037209
7 0.854022 0.177580 0.040676 0.033311
7 0.186059 0.117188 0.041538 0.037203
7 0.280620 0.124009 0.040676 0.039155
7 0.375179 0.125955 0.041536 0.035263
7 0.472760 0.134722 0.041538 0.033311
7 0.565594 0.144461 0.044129 0.037209
7 0.949920 0.180205 0.039726 0.033115
10 0.519405 0.968966 0.034072 0.040355
0 0.519664 0.952420 0.947037 0.095159
7 0.661880 0.153225 0.043266 0.039155
7 0.758596 0.165890 0.039818 0.033311
7 0.089342 0.844774 0.038082 0.039155
7 0.183901 0.839905 0.038947 0.041108
7 0.280187 0.831138 0.039810 0.039155
7 0.374316 0.828219 0.039810 0.041102
7 0.470171 0.825294 0.038085 0.039155
7 0.567321 0.817503 0.042401 0.035263
7 0.662311 0.804844 0.038947 0.033311
3 0.921613 0.482629 0.131164 0.121071
8 0.948458 0.933553 0.033123 0.037362
8 0.757397 0.932218 0.031940 0.037362
8 0.568110 0.936221 0.035494 0.034694
8 0.184805 0.934220 0.033125 0.036028
