8 0.478007 0.939285 0.034556 0.029836
9 0.037498 0.109070 0.030168 0.032223
9 0.037911 0.264630 0.031943 0.033535
9 0.037024 0.421561 0.028985 0.034729
9 0.037911 0.575515 0.029577 0.032342
9 0.040869 0.728269 0.022478 0.029955
9 0.041461 0.882217 0.022478 0.025181
7 0.949601 0.650105 0.027634 0.033105
11 0.013660 0.482104 0.015332 0.359174
7 0.101890 0.857955 0.029448 0.036589
7 0.194724 0.205478 0.035492 0.038331
7 0.289282 0.792622 0.032902 0.038331
7 0.386001 0.098331 0.039812 0.033100
7 0.479265 0.774327 0.031175 0.036584
7 0.571665 0.398872 0.038082 0.031363
7 0.667090 0.077424 0.033765 0.036589
7 0.854048 0.472045 0.041536 0.038331
5 0.524902 0.482622 0.935265 0.862008
3 0.891853 0.084106 0.189947 0.042986
2 0.525158 0.027557 0.329644 0.041244
7 0.761217 0.283012 0.038946 0.033105
1 0.028989 0.490699 0.057917 0.895345
10 0.525585 0.971024 0.037477 0.041244
0 0.525209 0.956193 0.933423 0.087613
8 0.949745 0.938787 0.037511 0.030831
8 0.855102 0.938289 0.033569 0.029836
8 0.760458 0.937296 0.034553 0.031821
8 0.666555 0.935803 0.033075 0.032817
8 0.572404 0.937296 0.033078 0.031821
8 0.383117 0.938778 0.037017 0.030814
8 0.289460 0.940280 0.032091 0.031827
8 0.195310 0.938787 0.033075 0.028840
8 0.101899 0.938787 0.032585 0.028840
