9 0.037089 0.659357 0.031790 0.038168
11 0.012711 0.437759 0.014310 0.203569
7 0.948061 0.072316 0.037480 0.028274
7 0.707857 0.596269 0.034071 0.030045
7 0.585197 0.647517 0.034071 0.033575
7 0.462115 0.625429 0.034922 0.028274
7 0.342865 0.640448 0.036626 0.022968
7 0.219355 0.645749 0.031516 0.030039
7 0.099168 0.774749 0.034922 0.033575
1 0.028043 0.446242 0.055196 0.810056
3 0.115436 0.082567 0.111414 0.044532
0 0.524295 0.910654 0.937308 0.173903
10 0.523274 0.971077 0.144122 0.031810
8 0.097038 0.896682 0.061329 0.125468
8 0.218504 0.897567 0.056218 0.120167
8 0.339458 0.898449 0.059624 0.121932
8 0.459985 0.895799 0.060475 0.120161
8 0.583921 0.896682 0.057923 0.118396
8 0.704875 0.896682 0.052810 0.114866
8 0.826255 0.894914 0.057072 0.121932
8 0.948061 0.898449 0.055365 0.121932
9 0.036221 0.747361 0.028621 0.038174
2 0.523784 0.028494 0.335266 0.042411
5 0.524295 0.437759 0.935263 0.771888
9 0.037601 0.574535 0.030768 0.033925
9 0.036578 0.485470 0.028722 0.033925
9 0.036578 0.401709 0.028722 0.031804
9 0.036067 0.314766 0.027700 0.036047
9 0.036067 0.228884 0.029745 0.033925
9 0.036067 0.146183 0.027700 0.033925
9 0.035556 0.059240 0.030768 0.033925
