7 0.174511 0.653925 0.035856 0.030249
7 0.252595 0.715679 0.028778 0.027726
7 0.330264 0.727025 0.030025 0.030249
7 0.330680 0.754751 0.027527 0.025204
7 0.407516 0.587969 0.034606 0.031086
7 0.484720 0.597113 0.036095 0.031510
7 0.560549 0.708790 0.029498 0.033609
7 0.639676 0.693037 0.031581 0.039910
7 0.716545 0.827121 0.031234 0.030803
7 0.794978 0.819768 0.027068 0.034310
7 0.793762 0.525696 0.035744 0.032907
7 0.872616 0.647141 0.038946 0.040074
7 0.872616 0.587904 0.038946 0.036589
7 0.950336 0.647141 0.040673 0.043558
7 0.949905 0.857955 0.032902 0.036589
2 0.524306 0.028419 0.317718 0.049836
8 0.483858 0.940874 0.030760 0.036997
9 0.037024 0.528374 0.025436 0.033535
9 0.036137 0.378001 0.026027 0.031148
9 0.035841 0.226439 0.026619 0.033535
8 0.406074 0.940277 0.027802 0.035803
0 0.522756 0.956193 0.938329 0.087613
9 0.035545 0.679338 0.024844 0.034729
9 0.038977 0.832873 0.020112 0.040577
8 0.174790 0.940277 0.055013 0.035803
5 0.523880 0.483241 0.937309 0.859943
3 0.901224 0.100421 0.169507 0.075617
8 0.096058 0.939680 0.047911 0.032223
8 0.251982 0.937294 0.039041 0.034610
8 0.949089 0.940277 0.065657 0.033416
1 0.027272 0.488119 0.054544 0.900503
9 0.035545 0.075475 0.026027 0.029955
11 0.013234 0.479525 0.017889 0.164977
10 0.523880 0.969304 0.042590 0.037805
7 0.717899 0.276377 0.035024 0.032856
7 0.640021 0.318809 0.036689 0.028648
7 0.561749 0.077670 0.036647 0.032014
7 0.484059 0.245710 0.034606 0.032008
7 0.407662 0.161270 0.035817 0.031171
7 0.096426 0.834573 0.027110 0.031929
7 0.097049 0.649726 0.036689 0.025209
7 0.175343 0.714002 0.029195 0.026046
7 0.252596 0.396821 0.034606 0.026889
8 0.329767 0.939084 0.032532 0.033416
8 0.871008 0.939680 0.065660 0.032223
8 0.794407 0.939680 0.050872 0.034610
8 0.717509 0.938487 0.069798 0.036997
8 0.639132 0.937294 0.043182 0.032223
8 0.561644 0.940874 0.026619 0.034610
