9 0.038681 0.150837 0.033717 0.029830
9 0.039982 0.262839 0.033717 0.032342
9 0.039686 0.375017 0.031943 0.029955
9 0.042644 0.484217 0.026027 0.026374
9 0.042644 0.596400 0.024844 0.028761
9 0.041756 0.704997 0.026619 0.026374
9 0.050334 0.815390 0.015380 0.037115
7 0.796190 0.783037 0.039809 0.036584
7 0.874343 0.783037 0.040673 0.036584
11 0.013190 0.450141 0.015419 0.391821
7 0.952063 0.788266 0.030311 0.033105
5 0.526437 0.450656 0.930154 0.798077
1 0.031106 0.452890 0.062212 0.809423
8 0.872782 0.910444 0.041999 0.088309
8 0.948202 0.910444 0.042588 0.085922
10 0.527288 0.971021 0.074957 0.037811
0 0.527602 0.924890 0.929865 0.150221
2 0.527714 0.027559 0.445486 0.054994
3 0.882480 0.084095 0.208694 0.039525
8 0.102624 0.909847 0.044362 0.087115
8 0.179522 0.911637 0.043182 0.088309
8 0.257306 0.909251 0.046140 0.093083
8 0.332725 0.907460 0.044362 0.089502
8 0.411102 0.907460 0.044957 0.089502
8 0.487703 0.908057 0.043182 0.090696
8 0.564896 0.908654 0.044954 0.089502
8 0.638541 0.906864 0.045548 0.095469
8 0.718692 0.910444 0.044954 0.093083
8 0.794407 0.908654 0.043773 0.087115
7 0.102754 0.406711 0.048447 0.036589
7 0.182634 0.064358 0.054491 0.031363
7 0.258195 0.556544 0.044990 0.040068
7 0.335050 0.449395 0.043266 0.034842
7 0.411908 0.546092 0.044993 0.036584
7 0.488764 0.566999 0.046717 0.040074
7 0.566484 0.668049 0.048444 0.040068
7 0.641183 0.750806 0.038946 0.034847
7 0.718471 0.778682 0.038085 0.031357
