9 0.032488 0.690542 0.020445 0.039198
9 0.031976 0.524526 0.019422 0.034584
9 0.030955 0.358510 0.019419 0.034584
9 0.029932 0.189039 0.023511 0.036891
0 0.518365 0.953412 0.947632 0.093176
10 0.519235 0.968387 0.079729 0.041499
8 0.087973 0.935340 0.043440 0.046114
8 0.372812 0.937069 0.038332 0.042277
8 0.661568 0.935147 0.033218 0.038433
8 0.947344 0.932264 0.042588 0.032668
7 0.949303 0.502815 0.040033 0.044198
11 0.012760 0.479565 0.017377 0.216744
9 0.030648 0.858865 0.020445 0.034584
2 0.518724 0.029939 0.229981 0.041506
7 0.660547 0.846759 0.040035 0.040349
3 0.931670 0.091040 0.113459 0.048421
5 0.518722 0.481870 0.945486 0.848525
7 0.376049 0.082010 0.040035 0.036506
7 0.087718 0.718981 0.040884 0.034584
1 0.023288 0.479565 0.044976 0.853133
