8 0.948793 0.909251 0.047320 0.088309
8 0.650371 0.908057 0.041999 0.085922
8 0.314092 0.907460 0.044954 0.087115
8 0.353427 0.907460 0.041999 0.087115
8 0.389807 0.910444 0.041407 0.088309
8 0.426482 0.907460 0.041407 0.091889
8 0.463747 0.909847 0.042588 0.084729
8 0.501308 0.909251 0.041999 0.081148
0 0.522075 0.923651 0.943347 0.152698
10 0.521755 0.970164 0.072386 0.039536
8 0.278010 0.907466 0.041407 0.087104
8 0.240743 0.907469 0.043773 0.089485
7 0.094118 0.779553 0.019086 0.033100
7 0.131683 0.782166 0.016493 0.027873
7 0.167952 0.770843 0.018220 0.029615
7 0.205517 0.064358 0.031175 0.031363
7 0.241786 0.438942 0.020813 0.034842
7 0.278056 0.734256 0.017356 0.036589
7 0.317780 0.631462 0.020813 0.036589
7 0.354913 0.747322 0.019083 0.034847
7 0.392477 0.713348 0.018220 0.040068
7 0.429179 0.708119 0.019086 0.036589
7 0.466312 0.412808 0.020810 0.031363
7 0.503876 0.347475 0.021674 0.043558
7 0.539714 0.660209 0.022540 0.038326
7 0.577711 0.514731 0.022537 0.036589
7 0.614411 0.738611 0.019947 0.031363
7 0.651976 0.687214 0.022540 0.043558
7 0.687815 0.731643 0.019947 0.034847
7 0.726242 0.759516 0.019083 0.034847
7 0.763375 0.768230 0.017359 0.034842
7 0.800941 0.783037 0.018220 0.029615
7 0.838504 0.786521 0.015629 0.029615
7 0.875638 0.785650 0.017359 0.027873
7 0.912340 0.789137 0.013039 0.034847
7 0.948302 0.788611 0.011217 0.031363
8 0.538574 0.910444 0.043182 0.083535
2 0.522603 0.026700 0.307494 0.046397
5 0.521836 0.450653 0.941396 0.793954
11 0.013618 0.450141 0.016274 0.244027
8 0.203773 0.907460 0.041996 0.087115
1 0.025568 0.459765 0.051135 0.830040
8 0.166213 0.908057 0.042590 0.085922
8 0.091681 0.909251 0.044954 0.088309
8 0.129833 0.908654 0.040816 0.087115
8 0.575544 0.909847 0.041405 0.082342
3 0.931888 0.084955 0.108178 0.041244
8 0.613401 0.909251 0.041407 0.088309
8 0.910049 0.909251 0.040816 0.088309
8 0.874261 0.909847 0.041407 0.091889
8 0.835813 0.908057 0.043771 0.090696
8 0.798252 0.908057 0.040816 0.093083
8 0.760985 0.907460 0.044365 0.091889
8 0.722832 0.908654 0.042590 0.094276
8 0.687637 0.908057 0.040813 0.085922
9 0.033475 0.814197 0.021887 0.029955
9 0.034066 0.693660 0.025436 0.032342
9 0.034658 0.571934 0.021887 0.032342
9 0.034658 0.451397 0.021887 0.032342
9 0.035250 0.330269 0.021887 0.031148
9 0.034066 0.207344 0.023070 0.033535
9 0.034836 0.085798 0.022478 0.033416
