7 0.781281 0.082644 0.025763 0.031995
7 0.446366 0.671310 0.025763 0.025337
7 0.279767 0.853978 0.024044 0.028005
2 0.529493 0.030028 0.302266 0.041585
8 0.944842 0.933179 0.040390 0.033029
8 0.781169 0.935640 0.055266 0.031353
8 0.614836 0.934816 0.052077 0.036304
8 0.444785 0.934813 0.052077 0.033005
8 0.282708 0.935640 0.059519 0.034657
8 0.113189 0.935636 0.052077 0.036304
10 0.530132 0.968644 0.096929 0.033666
0 0.528857 0.950820 0.918274 0.089106
7 0.110250 0.835845 0.022330 0.025337
11 0.019340 0.486466 0.021683 0.095049
9 0.048676 0.825080 0.034434 0.035643
9 0.048037 0.643791 0.036989 0.037827
9 0.047399 0.459633 0.030611 0.033856
9 0.047399 0.276475 0.035711 0.039829
9 0.048037 0.091316 0.034434 0.037821
3 0.891064 0.091414 0.181104 0.045545
1 0.035495 0.485474 0.070989 0.861389
7 0.945735 0.715312 0.026622 0.025337
5 0.529493 0.480523 0.919547 0.847521
7 0.614253 0.115309 0.026622 0.027999
