7 0.289282 0.685472 0.036355 0.036589
8 0.759965 0.937791 0.035540 0.030831
1 0.029615 0.486227 0.059229 0.883314
9 0.037911 0.101731 0.033126 0.027568
9 0.038503 0.219876 0.029577 0.034729
9 0.038207 0.337429 0.028985 0.028761
9 0.037320 0.573128 0.028394 0.034729
10 0.524732 0.971881 0.034073 0.039531
0 0.525209 0.956193 0.933423 0.087613
8 0.854856 0.936301 0.033075 0.033812
7 0.855343 0.323083 0.038946 0.029615
7 0.950034 0.475008 0.037135 0.031363
8 0.949424 0.935404 0.033521 0.030831
7 0.195156 0.342248 0.036355 0.036589
7 0.102321 0.729898 0.033765 0.034842
11 0.013616 0.485370 0.016271 0.256058
8 0.101898 0.937791 0.033569 0.030831
8 0.194570 0.937294 0.033569 0.029836
9 0.037024 0.452590 0.030168 0.027568
7 0.760785 0.689827 0.038082 0.034847
8 0.384103 0.937791 0.036033 0.030831
5 0.525415 0.481589 0.932198 0.859943
8 0.477761 0.938289 0.035046 0.029836
7 0.666225 0.077424 0.040676 0.033105
9 0.038681 0.805424 0.030168 0.033416
3 0.917407 0.084955 0.137140 0.044683
8 0.572651 0.937296 0.034553 0.031821
7 0.571665 0.860568 0.038082 0.031363
7 0.477107 0.376222 0.040673 0.034842
9 0.036433 0.688289 0.030168 0.035922
7 0.384267 0.196768 0.036344 0.041816
8 0.666061 0.938289 0.035049 0.031827
2 0.526009 0.027557 0.268312 0.037805
8 0.289954 0.937296 0.035046 0.031821
