7 0.575987 0.471108 0.037219 0.031628
11 0.013624 0.483403 0.015418 0.403684
1 0.033409 0.484321 0.066818 0.867931
9 0.042352 0.759651 0.039040 0.035802
9 0.041760 0.596545 0.037855 0.035808
9 0.042648 0.428341 0.037267 0.030710
9 0.041760 0.261414 0.037855 0.040906
9 0.041760 0.092509 0.039043 0.033133
5 0.529509 0.480101 0.926062 0.849945
2 0.528912 0.027420 0.362011 0.053213
3 0.170820 0.089801 0.195060 0.044021
8 0.203156 0.934419 0.034369 0.035679
8 0.389486 0.934419 0.036733 0.035679
8 0.576109 0.931867 0.039690 0.035679
8 0.762439 0.933779 0.037327 0.034400
8 0.948561 0.933525 0.035491 0.038225
7 0.949001 0.260337 0.040588 0.027907
7 0.855348 0.101839 0.039810 0.033482
7 0.762516 0.075796 0.037219 0.029767
7 0.667956 0.317632 0.038082 0.037209
7 0.482291 0.472968 0.036355 0.031628
7 0.388595 0.476689 0.037219 0.035349
7 0.294036 0.644116 0.038082 0.035343
7 0.202499 0.635744 0.038082 0.033482
7 0.108803 0.843167 0.035491 0.042785
10 0.528486 0.970581 0.032369 0.042203
0 0.529467 0.952580 0.924838 0.094841
