9 0.056983 0.702206 0.047107 0.035845
9 0.059462 0.804189 0.049590 0.033862
7 0.632452 0.474091 0.036713 0.029933
7 0.661456 0.418305 0.033218 0.027209
9 0.055372 0.073592 0.052069 0.029706
9 0.056983 0.178442 0.047107 0.033862
1 0.047933 0.495376 0.084303 0.885147
7 0.131600 0.637356 0.035008 0.032656
7 0.159709 0.712188 0.038414 0.029933
7 0.186542 0.614229 0.034157 0.027209
7 0.214649 0.635994 0.034157 0.029933
7 0.241056 0.765248 0.034157 0.029933
7 0.271720 0.627834 0.035862 0.032656
9 0.056983 0.280425 0.054548 0.031879
5 0.535140 0.481515 0.890111 0.849504
7 0.521293 0.537356 0.035858 0.028568
8 0.688554 0.933164 0.044425 0.032999
7 0.297316 0.576812 0.037475 0.031297
7 0.326661 0.597218 0.035008 0.028574
7 0.353492 0.667289 0.034157 0.027209
7 0.381602 0.612188 0.032452 0.031291
7 0.409284 0.602662 0.035011 0.028568
7 0.438670 0.679535 0.035862 0.027209
7 0.465077 0.557081 0.035862 0.027209
7 0.494036 0.416264 0.034157 0.031291
7 0.691268 0.410823 0.036628 0.031291
7 0.717672 0.531912 0.040034 0.028574
8 0.828538 0.933164 0.043391 0.026401
7 0.548977 0.619670 0.036713 0.027209
2 0.534519 0.030028 0.207031 0.041585
8 0.967489 0.931515 0.042356 0.033005
7 0.746209 0.421028 0.037475 0.032656
7 0.771762 0.370006 0.035778 0.028568
3 0.145251 0.095376 0.095460 0.061389
7 0.801149 0.288372 0.038330 0.025851
7 0.828408 0.378167 0.034923 0.031291
7 0.856090 0.204697 0.035774 0.027215
7 0.885477 0.139388 0.034923 0.027209
7 0.911881 0.276126 0.033218 0.025851
7 0.942504 0.277488 0.033307 0.028574
7 0.577511 0.454360 0.034157 0.031291
9 0.056983 0.386365 0.049590 0.037821
9 0.058222 0.491304 0.049586 0.029878
9 0.058222 0.594284 0.049586 0.029902
0 0.541956 0.950820 0.908709 0.093072
10 0.535747 0.971613 0.040920 0.043568
8 0.129134 0.935640 0.045456 0.033005
7 0.604333 0.321025 0.035027 0.031291
11 0.016941 0.480523 0.019835 0.134657
8 0.269634 0.933164 0.043391 0.032999
8 0.409619 0.933164 0.046487 0.036304
8 0.549086 0.933164 0.044425 0.029706
