7 0.410547 0.624829 0.035776 0.034590
7 0.482522 0.752607 0.034924 0.036512
7 0.519575 0.523950 0.035776 0.040349
7 0.554074 0.706490 0.031517 0.036506
7 0.805776 0.724746 0.034069 0.038427
9 0.030955 0.517610 0.019419 0.039198
9 0.030955 0.635205 0.023511 0.039198
7 0.590274 0.501854 0.037477 0.034590
7 0.626474 0.839073 0.034924 0.032662
7 0.661654 0.458813 0.035776 0.038433
5 0.519236 0.480716 0.946503 0.846218
2 0.518724 0.031092 0.274957 0.034584
7 0.841125 0.679590 0.036628 0.036512
9 0.031466 0.757408 0.022488 0.039198
9 0.031670 0.876157 0.022488 0.036891
8 0.984396 0.932264 0.019590 0.044198
8 0.806371 0.933225 0.022998 0.038433
8 0.624942 0.932264 0.019590 0.040355
8 0.447343 0.934186 0.020442 0.032668
8 0.268037 0.931304 0.017897 0.038433
8 0.088825 0.934379 0.019593 0.044192
10 0.517906 0.970233 0.077683 0.034590
0 0.519745 0.948788 0.953663 0.085312
7 0.770001 0.432681 0.037480 0.038433
7 0.735503 0.649807 0.036628 0.026897
3 0.933207 0.091040 0.112425 0.048421
7 0.698025 0.403859 0.036625 0.034584
1 0.022990 0.494550 0.045979 0.878501
9 0.031465 0.274351 0.018399 0.036891
9 0.030954 0.154449 0.017377 0.041506
11 0.013783 0.480716 0.019422 0.223660
9 0.031976 0.395401 0.019422 0.039198
7 0.948870 0.708412 0.034056 0.036506
7 0.912676 0.485520 0.036628 0.032668
7 0.088996 0.763173 0.038329 0.038427
7 0.124345 0.854446 0.037480 0.032662
7 0.159695 0.754529 0.034924 0.040355
7 0.195043 0.679590 0.037477 0.036512
7 0.877326 0.619064 0.034072 0.046120
7 0.232520 0.573908 0.035773 0.040349
7 0.268724 0.495129 0.040035 0.032668
7 0.303648 0.769899 0.036628 0.036506
7 0.339422 0.699764 0.034921 0.038427
7 0.373919 0.700725 0.034072 0.032662
7 0.447173 0.081050 0.035773 0.030741
