7 0.239896 0.809669 0.028921 0.028648
7 0.948737 0.644007 0.027634 0.034847
11 0.012808 0.481244 0.018741 0.316210
8 0.874557 0.937890 0.017154 0.031029
8 0.837290 0.937294 0.018338 0.029836
8 0.799731 0.936697 0.020112 0.031029
8 0.762168 0.938487 0.015971 0.029836
8 0.725493 0.937890 0.020704 0.031029
8 0.687934 0.937890 0.015380 0.033416
8 0.649780 0.938487 0.018338 0.032223
8 0.613105 0.937890 0.017154 0.028643
8 0.574657 0.937890 0.018335 0.031029
8 0.537687 0.936100 0.017746 0.032223
8 0.500421 0.936697 0.017746 0.028643
8 0.464929 0.938487 0.021295 0.032223
8 0.426777 0.938487 0.013605 0.032223
8 0.389807 0.938487 0.014197 0.032223
8 0.351061 0.939680 0.015971 0.034610
8 0.314980 0.937294 0.013605 0.027449
8 0.276826 0.939084 0.013014 0.028643
8 0.238377 0.937890 0.015380 0.031029
8 0.202296 0.939075 0.014197 0.031012
5 0.520303 0.481587 0.944463 0.855820
3 0.915706 0.085814 0.140552 0.042964
9 0.032883 0.630407 0.019521 0.032342
8 0.165325 0.938487 0.011239 0.032223
8 0.127461 0.937882 0.013594 0.033399
8 0.091029 0.937294 0.014197 0.032223
9 0.032588 0.489587 0.018929 0.034729
9 0.033475 0.348767 0.018338 0.034729
9 0.031405 0.208538 0.022478 0.035922
9 0.032588 0.065928 0.020112 0.034729
10 0.520346 0.972568 0.075893 0.034367
0 0.519076 0.956193 0.945688 0.087613
2 0.517918 0.026700 0.270869 0.049836
9 0.031109 0.774217 0.019521 0.028761
7 0.912338 0.595744 0.030311 0.034847
7 0.875638 0.539992 0.029448 0.034847
7 0.836347 0.462463 0.028584 0.033105
7 0.799212 0.357056 0.030311 0.038331
7 0.762676 0.247955 0.027505 0.030402
7 0.725226 0.150223 0.028371 0.028648
7 0.688061 0.104417 0.028082 0.028066
7 0.650900 0.084873 0.027794 0.028648
7 0.613160 0.078156 0.029235 0.030407
7 0.575416 0.102667 0.028371 0.031567
7 0.538253 0.159556 0.030395 0.027483
7 0.500513 0.281210 0.027794 0.035068
7 0.091391 0.686847 0.029790 0.026895
7 0.127974 0.714270 0.026608 0.030396
7 0.165137 0.744613 0.026316 0.030402
7 0.203017 0.774661 0.026330 0.030984
8 0.911824 0.936100 0.019521 0.029836
7 0.277750 0.836247 0.026529 0.027110
7 0.314833 0.859844 0.025388 0.027110
7 0.351776 0.859270 0.026815 0.027104
7 0.388574 0.803156 0.026815 0.031131
7 0.426086 0.658411 0.028242 0.029412
7 0.464882 0.452947 0.029383 0.032862
1 0.023440 0.489839 0.046880 0.900503
8 0.948497 0.939084 0.021884 0.031029
