7 0.573398 0.182472 0.029362 0.040796
8 0.759815 0.931695 0.034901 0.034137
8 0.574050 0.935490 0.037323 0.031616
8 0.384468 0.934856 0.039098 0.035404
8 0.196068 0.934859 0.038508 0.040465
7 0.666663 0.078173 0.036270 0.035257
7 0.760356 0.435376 0.030218 0.033409
7 0.949910 0.382766 0.031088 0.042644
7 0.854488 0.720591 0.031952 0.038953
11 0.013779 0.482852 0.018740 0.327760
3 0.891377 0.091184 0.189098 0.043703
2 0.525279 0.031279 0.329642 0.054627
9 0.038162 0.128996 0.032534 0.030343
9 0.038517 0.234835 0.030759 0.034137
5 0.525193 0.480300 0.932196 0.852166
9 0.039403 0.339155 0.031351 0.032876
9 0.038221 0.443476 0.028987 0.036671
9 0.038516 0.545269 0.026026 0.032876
9 0.039405 0.649587 0.030169 0.031610
9 0.038520 0.753271 0.028371 0.029076
9 0.038222 0.857595 0.032534 0.032876
7 0.101464 0.842705 0.030223 0.031383
7 0.197320 0.708589 0.037131 0.044486
1 0.029888 0.491955 0.059777 0.881304
7 0.290152 0.588599 0.029362 0.040796
7 0.386006 0.430762 0.029362 0.035257
7 0.479704 0.302463 0.031952 0.037105
0 0.524785 0.952099 0.932199 0.095802
10 0.525279 0.968115 0.036628 0.038237
8 0.949399 0.930682 0.034309 0.035404
