7 0.125937 0.674957 0.041930 0.031354
9 0.064514 0.209148 0.057073 0.037826
7 0.394643 0.533867 0.040829 0.036301
11 0.022869 0.481721 0.029133 0.324754
5 0.543289 0.476761 0.887226 0.821803
0 0.541964 0.943108 0.887226 0.106928
10 0.543687 0.965089 0.125801 0.039601
2 0.543951 0.036176 0.340324 0.051483
8 0.226909 0.920994 0.029795 0.039608
8 0.409102 0.920830 0.025381 0.036301
3 0.859776 0.106490 0.235710 0.049473
8 0.587869 0.920007 0.023174 0.034654
8 0.768296 0.923307 0.028689 0.041254
8 0.946513 0.923304 0.040834 0.037954
1 0.052000 0.477762 0.095343 0.835638
9 0.062595 0.856971 0.055620 0.041582
9 0.064514 0.695285 0.059724 0.035845
9 0.064516 0.537862 0.049128 0.041782
9 0.064516 0.371525 0.054428 0.037819
7 0.929852 0.314394 0.036416 0.029701
7 0.838258 0.472812 0.040834 0.036301
7 0.749976 0.427434 0.040829 0.034654
7 0.660593 0.084195 0.034209 0.031354
7 0.573413 0.456308 0.040829 0.033001
7 0.482374 0.555321 0.037521 0.029701
7 0.302500 0.837498 0.041930 0.029708
7 0.210357 0.380403 0.036416 0.039608
