0 0.530363 0.952800 0.919850 0.089113
7 0.948075 0.854113 0.057080 0.027148
7 0.784537 0.083378 0.055367 0.027136
7 0.623123 0.105768 0.059624 0.025783
7 0.462136 0.461282 0.061329 0.031206
9 0.059499 0.687353 0.053450 0.033862
9 0.058876 0.531909 0.054695 0.031885
9 0.060119 0.843791 0.057180 0.029896
7 0.135050 0.671603 0.057922 0.020355
7 0.297741 0.687209 0.056220 0.018996
1 0.049927 0.482503 0.090741 0.871285
2 0.542171 0.030028 0.307030 0.041585
5 0.541550 0.483491 0.894994 0.849504
11 0.017607 0.484483 0.018648 0.233666
8 0.946464 0.933179 0.040380 0.033029
8 0.785912 0.933164 0.050757 0.036304
8 0.623798 0.933164 0.053865 0.032999
8 0.459614 0.933164 0.048686 0.029706
8 0.299053 0.931515 0.052828 0.029700
9 0.058876 0.375474 0.054695 0.031879
9 0.061114 0.218149 0.055935 0.033666
9 0.059249 0.063693 0.062155 0.033666
3 0.199091 0.090425 0.195156 0.047521
8 0.137768 0.933990 0.053869 0.026401
10 0.542171 0.969633 0.090741 0.043562
