10 0.518872 0.969924 0.062352 0.030933
0 0.516214 0.954861 0.952641 0.082472
9 0.032994 0.532214 0.020544 0.035266
9 0.032482 0.430136 0.021567 0.033201
9 0.031455 0.324966 0.019512 0.033201
9 0.032994 0.221852 0.022590 0.037325
9 0.031972 0.118742 0.022588 0.029078
8 0.376946 0.937339 0.035775 0.030933
11 0.014851 0.481589 0.019420 0.212410
5 0.520202 0.481176 0.944463 0.857885
1 0.024561 0.492933 0.044973 0.882630
8 0.089893 0.936649 0.033221 0.030933
8 0.949774 0.936307 0.057070 0.035747
8 0.663148 0.938199 0.068141 0.036092
7 0.090704 0.059177 0.040118 0.030933
7 0.376947 0.133934 0.040034 0.029214
7 0.662296 0.224157 0.043443 0.037805
7 0.949350 0.841960 0.041738 0.036092
3 0.939793 0.084200 0.093014 0.043309
2 0.518771 0.027902 0.291312 0.039186
9 0.032739 0.842477 0.018396 0.035057
9 0.032994 0.738436 0.016456 0.035266
9 0.031461 0.635325 0.023611 0.035266
