8 0.721650 0.938487 0.069798 0.032223
5 0.529502 0.482619 0.921976 0.853756
9 0.043827 0.756315 0.041407 0.040696
3 0.945095 0.118467 0.083462 0.108269
7 0.415728 0.242862 0.051018 0.028077
7 0.493291 0.155690 0.050670 0.030181
7 0.569121 0.161290 0.049630 0.030181
7 0.646165 0.077969 0.049627 0.028778
7 0.721647 0.209251 0.049282 0.030877
7 0.797823 0.182296 0.050320 0.027376
7 0.873825 0.327231 0.051015 0.028773
7 0.950003 0.330382 0.050670 0.029474
9 0.043827 0.906683 0.040224 0.031148
2 0.529843 0.026700 0.306644 0.049836
7 0.950349 0.492822 0.051362 0.032274
7 0.874521 0.499123 0.051015 0.029480
7 0.796955 0.574745 0.052750 0.028077
7 0.949134 0.857262 0.049627 0.035781
7 0.874347 0.801250 0.049282 0.032975
7 0.797997 0.778142 0.050667 0.031578
7 0.721821 0.717930 0.046849 0.027376
7 0.722862 0.607302 0.050322 0.027376
7 0.644776 0.400184 0.050392 0.025775
7 0.644896 0.388512 0.050151 0.024796
7 0.569120 0.511889 0.051640 0.035373
7 0.569329 0.421145 0.052058 0.028648
7 0.491452 0.617336 0.048724 0.029491
7 0.492082 0.573224 0.049983 0.028654
7 0.417532 0.676988 0.050807 0.027811
7 0.417740 0.598012 0.049560 0.031171
7 0.340906 0.683292 0.049975 0.030328
7 0.340280 0.628676 0.048724 0.030328
7 0.340488 0.252684 0.048310 0.031171
7 0.264069 0.679508 0.051222 0.026131
7 0.265318 0.635820 0.050390 0.026131
7 0.264277 0.260246 0.049142 0.027811
7 0.188267 0.672367 0.050378 0.025288
7 0.188483 0.640020 0.048310 0.027811
7 0.187651 0.274531 0.049975 0.026131
7 0.113312 0.663544 0.052058 0.027811
7 0.111647 0.615656 0.047892 0.029491
7 0.111647 0.277050 0.050392 0.024451
0 0.530115 0.956193 0.923611 0.087613
10 0.531121 0.969304 0.043443 0.044683
8 0.949622 0.936697 0.066840 0.031029
8 0.873670 0.937890 0.062703 0.033416
8 0.798251 0.936697 0.050278 0.031029
8 0.644456 0.937294 0.049097 0.032223
8 0.568741 0.940874 0.026616 0.032223
8 0.490660 0.939680 0.028985 0.034610
8 0.415243 0.937294 0.030760 0.032223
8 0.338640 0.941471 0.030165 0.033416
8 0.264404 0.936697 0.041407 0.033416
8 0.186619 0.939680 0.055010 0.032223
8 0.111496 0.940277 0.050280 0.035803
1 0.034938 0.493275 0.069877 0.907376
11 0.013660 0.482964 0.017037 0.264649
9 0.043413 0.156804 0.039633 0.036991
9 0.043235 0.306400 0.040224 0.028761
9 0.042644 0.457961 0.041407 0.035922
9 0.043827 0.607138 0.041407 0.035916
