10 0.543951 0.965880 0.358866 0.041582
8 0.248537 0.920830 0.041935 0.029701
8 0.352269 0.921657 0.037521 0.031354
8 0.457102 0.921654 0.035310 0.034654
8 0.563041 0.921654 0.050763 0.034654
8 0.670634 0.920830 0.049657 0.039608
8 0.776573 0.921654 0.049657 0.034654
8 0.880303 0.922480 0.047450 0.039601
7 0.586602 0.088239 0.038732 0.033172
7 0.545770 0.594840 0.036525 0.029865
7 0.631845 0.665798 0.036530 0.036472
7 0.674883 0.688072 0.036525 0.034818
7 0.717919 0.617117 0.036525 0.034818
7 0.251683 0.520581 0.033213 0.043072
7 0.760405 0.838239 0.035424 0.038118
7 0.845377 0.737577 0.035424 0.031518
7 0.801787 0.589066 0.034318 0.038118
7 0.886756 0.546158 0.036525 0.044718
7 0.929242 0.528011 0.035424 0.031518
7 0.505493 0.610517 0.037631 0.034818
7 0.463005 0.397648 0.036525 0.031518
0 0.542626 0.941115 0.891201 0.102944
11 0.022207 0.480731 0.027807 0.322773
3 0.859113 0.105485 0.234385 0.051483
2 0.542624 0.033207 0.570739 0.045545
7 0.123730 0.776604 0.039728 0.037954
5 0.543949 0.476771 0.888556 0.821782
7 0.209199 0.683122 0.038732 0.038118
1 0.050017 0.495584 0.096668 0.859408
7 0.166711 0.804412 0.035424 0.033172
7 0.420522 0.710353 0.033217 0.033165
7 0.334995 0.746664 0.036530 0.036450
7 0.377486 0.467776 0.037631 0.033172
7 0.293065 0.526361 0.036530 0.034818
9 0.064583 0.862908 0.051644 0.041582
9 0.066501 0.755681 0.053098 0.037819
9 0.063854 0.649740 0.055753 0.035845
9 0.062529 0.542808 0.053103 0.039800
9 0.064516 0.433899 0.049128 0.039800
9 0.063854 0.326971 0.050453 0.039800
9 0.064516 0.221026 0.054428 0.037819
9 0.062529 0.112117 0.050453 0.041782
8 0.138630 0.920167 0.038622 0.031354
