7 0.947199 0.698378 0.022996 0.036071
7 0.784081 0.677668 0.027257 0.026720
9 0.052599 0.792405 0.045447 0.029706
9 0.053923 0.623987 0.044311 0.033862
8 0.945568 0.933990 0.039977 0.037956
8 0.781966 0.934813 0.053671 0.029700
0 0.525384 0.949819 0.930417 0.087154
1 0.041869 0.494385 0.079532 0.879211
7 0.617130 0.797246 0.023851 0.025386
8 0.451637 0.933164 0.049446 0.039608
9 0.051399 0.280425 0.044311 0.031879
7 0.451875 0.697708 0.023835 0.029394
9 0.052663 0.452702 0.044311 0.031879
2 0.534854 0.029039 0.411557 0.043562
3 0.842889 0.091414 0.277741 0.045545
8 0.288570 0.932338 0.055759 0.034651
9 0.052661 0.107157 0.041787 0.029896
7 0.286637 0.853360 0.027257 0.025386
7 0.123092 0.085122 0.028962 0.033403
11 0.018513 0.479535 0.025252 0.354455
5 0.536114 0.481512 0.908958 0.845545
8 0.617331 0.933164 0.052602 0.032999
8 0.121297 0.933987 0.051553 0.041255
10 0.534095 0.968051 0.090897 0.031683
