7 0.544031 0.776940 0.031175 0.031357
8 0.950430 0.939383 0.020580 0.035633
8 0.913050 0.939799 0.023045 0.036465
8 0.875873 0.942282 0.027564 0.039779
8 0.838698 0.940212 0.025509 0.038954
8 0.803782 0.939383 0.021402 0.035633
8 0.764142 0.938142 0.023457 0.033150
8 0.727789 0.938139 0.020580 0.031493
8 0.692874 0.938142 0.023045 0.029836
8 0.654875 0.938555 0.019350 0.032325
8 0.618727 0.939383 0.019350 0.030667
8 0.581758 0.937311 0.021811 0.029836
8 0.544376 0.937313 0.018525 0.024864
8 0.506995 0.936069 0.016883 0.027353
8 0.471257 0.936898 0.017704 0.027347
8 0.433673 0.938968 0.018116 0.029836
8 0.397112 0.937726 0.013188 0.027353
2 0.526009 0.028416 0.239352 0.046403
8 0.358705 0.936898 0.016064 0.025696
8 0.324610 0.938139 0.014418 0.024864
8 0.284355 0.939383 0.014418 0.027353
8 0.249027 0.938555 0.016064 0.029010
8 0.213084 0.938968 0.016473 0.026521
8 0.174881 0.937726 0.019759 0.027353
8 0.138527 0.939796 0.014418 0.028179
8 0.101353 0.938139 0.018113 0.031493
0 0.525828 0.956193 0.934662 0.087613
10 0.524732 0.971021 0.076658 0.048117
7 0.248263 0.100074 0.028581 0.033100
7 0.101458 0.186315 0.032038 0.031363
3 0.925499 0.084955 0.120956 0.044683
7 0.950812 0.218546 0.031088 0.033100
7 0.912813 0.267330 0.029361 0.040068
7 0.875250 0.339635 0.031951 0.034847
7 0.838549 0.433716 0.032815 0.027873
7 0.802278 0.548705 0.029361 0.034842
9 0.037499 0.081024 0.033720 0.035803
9 0.037616 0.185266 0.028985 0.034729
9 0.038503 0.286111 0.029577 0.033535
9 0.037320 0.388145 0.028394 0.037115
9 0.038207 0.488394 0.027802 0.034729
9 0.037911 0.589239 0.028394 0.028761
9 0.037911 0.687692 0.030760 0.034729
9 0.037320 0.793908 0.031943 0.034729
9 0.036728 0.893555 0.031943 0.035922
11 0.013659 0.482964 0.018738 0.274966
7 0.137728 0.168020 0.028581 0.033100
7 0.765146 0.664564 0.031088 0.036584
7 0.726719 0.777811 0.031951 0.033100
7 0.690879 0.822237 0.029361 0.038331
7 0.654610 0.839661 0.031088 0.031357
7 0.617047 0.860568 0.030224 0.031363
7 0.579437 0.832692 0.029448 0.034842
5 0.525925 0.482209 0.935265 0.857879
7 0.174861 0.150600 0.030311 0.036584
7 0.506468 0.652367 0.028584 0.036589
7 0.469765 0.458979 0.034629 0.033105
7 0.433496 0.242938 0.031175 0.033105
7 0.395932 0.119239 0.032038 0.033105
7 0.359230 0.077424 0.034631 0.040074
7 0.321665 0.078295 0.028584 0.038331
7 0.285828 0.083521 0.029448 0.034847
7 0.210266 0.124465 0.028584 0.033105
1 0.029373 0.497398 0.058007 0.909095
