7 0.095803 0.759621 0.036627 0.027600
8 0.482685 0.888906 0.068995 0.139896
8 0.559347 0.888906 0.070698 0.139896
8 0.638563 0.888920 0.070698 0.139869
8 0.715478 0.889165 0.068144 0.136268
8 0.791459 0.888041 0.068144 0.134719
8 0.869398 0.887182 0.068995 0.139896
8 0.948187 0.888906 0.068141 0.136448
9 0.035070 0.068742 0.027597 0.033121
9 0.035070 0.166031 0.027597 0.033121
9 0.036603 0.464100 0.020442 0.033121
9 0.038136 0.561388 0.021466 0.033121
9 0.037625 0.662815 0.020445 0.037261
9 0.037113 0.760311 0.019421 0.026907
3 0.112752 0.079296 0.111414 0.039334
1 0.026381 0.446713 0.051107 0.794855
11 0.012582 0.431189 0.017379 0.204921
8 0.405172 0.889768 0.067290 0.138172
9 0.035070 0.364744 0.025555 0.033121
2 0.521611 0.028584 0.297446 0.033121
9 0.035070 0.266421 0.025555 0.026907
5 0.523144 0.429119 0.938330 0.755532
7 0.949720 0.070502 0.044294 0.029329
7 0.871781 0.355120 0.036627 0.032771
7 0.793843 0.457755 0.034071 0.031047
7 0.717182 0.457755 0.037478 0.031047
7 0.639670 0.487079 0.042589 0.031047
7 0.562584 0.516402 0.036627 0.031047
7 0.484219 0.550038 0.038330 0.032777
7 0.405854 0.582812 0.036627 0.032771
7 0.329617 0.625074 0.035776 0.034501
7 0.252531 0.665611 0.041738 0.032771
7 0.172464 0.707872 0.038332 0.027594
0 0.522989 0.902515 0.940482 0.192504
10 0.521100 0.973513 0.114480 0.035188
8 0.093246 0.878816 0.057069 0.119018
8 0.172635 0.884594 0.063885 0.127823
8 0.249721 0.886318 0.068144 0.138167
8 0.326808 0.888906 0.067290 0.136448
