2 0.531968 0.029697 0.257627 0.046205
7 0.671050 0.856414 0.043266 0.039774
7 0.808222 0.469451 0.044250 0.034819
7 0.947361 0.077537 0.041301 0.039768
1 0.037364 0.495040 0.074729 0.920792
7 0.255108 0.858063 0.043266 0.029870
9 0.047482 0.819449 0.040290 0.032200
10 0.532951 0.969463 0.100300 0.037952
9 0.048165 0.683080 0.041655 0.034497
9 0.048165 0.548430 0.040286 0.035639
8 0.117064 0.941663 0.060775 0.037817
8 0.256367 0.939372 0.063505 0.040113
8 0.393962 0.939372 0.087405 0.035520
8 0.532241 0.939372 0.070334 0.033235
8 0.671886 0.939946 0.049164 0.032087
8 0.810846 0.939946 0.067604 0.032087
8 0.948783 0.940173 0.058726 0.036669
0 0.533328 0.955945 0.914719 0.088111
11 0.015236 0.485139 0.020650 0.244225
9 0.047823 0.411490 0.040971 0.032200
5 0.531181 0.480520 0.914483 0.855441
7 0.116951 0.858889 0.042282 0.031521
9 0.047482 0.273979 0.040290 0.032200
3 0.155359 0.084972 0.145527 0.042907
9 0.047413 0.138012 0.040974 0.036669
7 0.393755 0.465325 0.039333 0.033173
7 0.531911 0.858066 0.040317 0.033167
