7 0.483058 0.305282 0.035667 0.030663
7 0.304285 0.509284 0.036559 0.028004
7 0.213337 0.388617 0.034776 0.032003
7 0.123279 0.797947 0.034776 0.034669
5 0.543284 0.477762 0.887235 0.819800
7 0.930346 0.086589 0.033217 0.034818
0 0.527398 0.941126 0.916358 0.106928
10 0.541699 0.962117 0.124476 0.041582
8 0.228565 0.920994 0.026482 0.036301
8 0.407336 0.920004 0.022069 0.037954
8 0.587760 0.920004 0.023174 0.031354
8 0.767636 0.920014 0.020972 0.034669
8 0.947507 0.922480 0.032002 0.042908
9 0.064583 0.086671 0.051644 0.041582
9 0.063854 0.199244 0.050453 0.037819
9 0.064516 0.309145 0.046478 0.039800
9 0.065179 0.422017 0.047803 0.035837
9 0.065839 0.530927 0.046482 0.039800
9 0.065841 0.644793 0.049128 0.033863
9 0.064516 0.759644 0.046478 0.037819
9 0.062529 0.869544 0.050453 0.035837
11 0.022207 0.476768 0.027807 0.322773
3 0.228122 0.106475 0.235710 0.053464
2 0.544745 0.038354 0.316487 0.045545
1 0.053325 0.487662 0.097993 0.847527
7 0.839716 0.832616 0.039233 0.034669
7 0.750105 0.608617 0.034776 0.042666
7 0.659159 0.614615 0.032989 0.033336
7 0.572669 0.547951 0.040124 0.030670
7 0.392557 0.285952 0.031206 0.034669
