8 0.346709 0.866881 0.069846 0.149508
7 0.949350 0.713071 0.041738 0.036086
1 0.025073 0.431066 0.043950 0.758897
7 0.177201 0.273985 0.045991 0.027483
7 0.261529 0.283445 0.042588 0.029219
8 0.433165 0.833368 0.045147 0.085922
8 0.519195 0.869457 0.079215 0.164977
8 0.606078 0.822200 0.033221 0.060147
8 0.691682 0.820481 0.032369 0.060147
8 0.776009 0.839383 0.047701 0.097952
8 0.861615 0.824777 0.031517 0.068739
8 0.948922 0.827353 0.035775 0.077330
7 0.346709 0.459590 0.040886 0.034372
9 0.031972 0.106369 0.022588 0.037330
9 0.032994 0.211544 0.020544 0.033201
9 0.032994 0.316717 0.020544 0.037325
11 0.013318 0.416629 0.016353 0.206222
7 0.432739 0.477636 0.044295 0.036086
8 0.261105 0.833368 0.041738 0.085922
7 0.519195 0.523176 0.041738 0.034372
9 0.031972 0.420857 0.018500 0.035266
2 0.519793 0.027902 0.258604 0.035057
7 0.603523 0.598792 0.040036 0.030933
7 0.691682 0.609963 0.042590 0.032653
0 0.519793 0.887837 0.945484 0.216521
7 0.091172 0.050758 0.039181 0.025781
5 0.519791 0.412503 0.945486 0.725899
9 0.032482 0.527062 0.021567 0.037325
3 0.942344 0.083167 0.089958 0.041244
10 0.519793 0.973430 0.043953 0.033003
7 0.776011 0.628866 0.039181 0.032653
7 0.862893 0.632302 0.040886 0.036086
9 0.032994 0.630173 0.020544 0.037325
9 0.032739 0.735240 0.018396 0.030933
8 0.089469 0.837837 0.044292 0.091080
8 0.174647 0.835947 0.044292 0.091080
