7 0.105653 0.706199 0.045997 0.034367
7 0.104801 0.844536 0.044292 0.039525
5 0.527457 0.482619 0.930154 0.857885
1 0.032227 0.485713 0.060306 0.868190
7 0.525158 0.171739 0.046846 0.030933
7 0.949732 0.585902 0.042677 0.030933
7 0.950158 0.524036 0.041825 0.034372
7 0.527714 0.202673 0.045144 0.027494
7 0.103096 0.585045 0.047701 0.039525
9 0.039383 0.761018 0.033731 0.032998
9 0.039638 0.588925 0.033832 0.033201
9 0.039638 0.416734 0.033832 0.031137
9 0.040150 0.246598 0.034856 0.029078
9 0.039127 0.073371 0.034856 0.033201
7 0.526011 0.646049 0.043443 0.034372
7 0.103096 0.444126 0.049406 0.036092
11 0.013318 0.485713 0.018399 0.171165
7 0.949732 0.497401 0.042677 0.029214
7 0.948923 0.466468 0.044295 0.029214
7 0.948923 0.357339 0.044295 0.034372
3 0.947560 0.167101 0.079728 0.218592
2 0.526435 0.024808 0.335265 0.045373
7 0.526435 0.059177 0.044292 0.029214
7 0.527288 0.086674 0.042588 0.029219
0 0.527459 0.951773 0.932198 0.080424
10 0.528071 0.969924 0.105282 0.030933
8 0.104375 0.940088 0.058775 0.034372
8 0.525585 0.937339 0.034073 0.025775
8 0.949774 0.937339 0.066440 0.032653
