9 0.031492 0.767014 0.022485 0.035215
9 0.031492 0.668167 0.022485 0.035215
9 0.032003 0.565204 0.021463 0.035215
9 0.032514 0.465322 0.020441 0.033156
8 0.443791 0.922941 0.029812 0.063495
8 0.620112 0.923801 0.029815 0.065215
8 0.798136 0.921225 0.028108 0.060062
0 0.518243 0.935981 0.945491 0.123558
10 0.515173 0.969963 0.029643 0.035006
8 0.087830 0.924316 0.029815 0.065215
8 0.264917 0.922944 0.029812 0.066929
9 0.032514 0.365447 0.020441 0.035215
9 0.032514 0.263512 0.018397 0.033156
8 0.976161 0.922944 0.029812 0.066929
5 0.516706 0.464398 0.936286 0.823727
9 0.031492 0.163634 0.022485 0.031092
2 0.515173 0.026793 0.352642 0.039129
9 0.032514 0.868954 0.020441 0.033156
11 0.013810 0.467489 0.018400 0.146210
9 0.031492 0.064785 0.022485 0.035215
3 0.923010 0.100928 0.115503 0.080317
1 0.025564 0.476756 0.045997 0.860798
