7 0.308895 0.480170 0.046387 0.028801
2 0.520284 0.027822 0.366951 0.037070
11 0.013808 0.466456 0.016353 0.395390
5 0.519260 0.464398 0.929133 0.823727
8 0.976161 0.923798 0.028111 0.061782
8 0.800265 0.923801 0.030665 0.068643
8 0.623946 0.926374 0.032367 0.063495
8 0.448050 0.922084 0.029812 0.065209
8 0.270027 0.923801 0.033220 0.068643
8 0.095496 0.925173 0.028111 0.060062
10 0.520487 0.968314 0.027600 0.032952
0 0.520793 0.934952 0.940373 0.117381
9 0.037114 0.076111 0.025553 0.029033
9 0.036092 0.185255 0.029641 0.033156
9 0.036603 0.293371 0.028619 0.035215
9 0.035070 0.401488 0.027597 0.037274
9 0.035581 0.511657 0.026575 0.035215
9 0.038647 0.619774 0.020444 0.029038
9 0.039158 0.727890 0.021465 0.035215
9 0.039363 0.835076 0.018400 0.032947
7 0.942941 0.515368 0.050255 0.030894
7 0.906314 0.354910 0.053661 0.029174
7 0.871391 0.450156 0.053664 0.027460
7 0.835615 0.525665 0.048551 0.030888
7 0.801544 0.806247 0.045143 0.032607
7 0.767045 0.061456 0.056218 0.036035
7 0.733582 0.095537 0.053728 0.028801
1 0.029141 0.474695 0.053150 0.848439
7 0.696093 0.092854 0.052793 0.024825
7 0.484380 0.290484 0.052302 0.024825
7 0.519871 0.216994 0.050331 0.026816
7 0.556348 0.232882 0.052302 0.030786
7 0.590632 0.205076 0.053728 0.026816
7 0.097180 0.640557 0.045893 0.033761
7 0.131686 0.581963 0.044905 0.027805
7 0.166684 0.537274 0.045890 0.029796
7 0.203901 0.511454 0.046387 0.027805
7 0.239392 0.492582 0.047369 0.027811
7 0.274636 0.507986 0.044905 0.028824
7 0.345372 0.416114 0.053287 0.033767
7 0.379656 0.389299 0.052743 0.027805
7 0.414161 0.319282 0.054716 0.028801
7 0.450613 0.325243 0.050823 0.030792
7 0.624125 0.131086 0.052793 0.023835
7 0.661096 0.142014 0.051805 0.023835
