9 0.037911 0.776007 0.034309 0.034729
9 0.038385 0.897913 0.031943 0.027443
10 0.525585 0.970164 0.032369 0.042964
1 0.029401 0.487260 0.058803 0.898784
2 0.525156 0.027557 0.305786 0.041244
0 0.525209 0.956193 0.933423 0.087613
3 0.149519 0.084955 0.170359 0.041244
5 0.525414 0.484680 0.934242 0.862008
7 0.948307 0.076900 0.038862 0.033100
8 0.950163 0.936889 0.038940 0.033801
9 0.037911 0.410223 0.031943 0.035922
8 0.760705 0.936796 0.032091 0.028840
8 0.667293 0.936796 0.031598 0.028840
8 0.571911 0.936799 0.036033 0.036799
8 0.478253 0.938289 0.037017 0.031827
8 0.383612 0.937296 0.034065 0.033812
8 0.289214 0.935806 0.034553 0.028840
8 0.195310 0.937294 0.034062 0.029836
8 0.100914 0.936301 0.032582 0.031821
8 0.855840 0.937294 0.033075 0.029836
9 0.037911 0.533148 0.029577 0.038309
9 0.039390 0.654276 0.031351 0.034729
9 0.037024 0.286111 0.031351 0.038309
7 0.101890 0.330051 0.038082 0.029615
7 0.194724 0.640173 0.035492 0.029621
7 0.289282 0.634075 0.038082 0.034847
7 0.384272 0.612296 0.038082 0.033100
7 0.478402 0.308272 0.038082 0.031363
7 0.572529 0.757774 0.032902 0.031363
7 0.667520 0.452882 0.039812 0.034847
7 0.761220 0.857955 0.042405 0.036589
7 0.854912 0.509505 0.041536 0.029621
11 0.014937 0.482964 0.019591 0.316210
9 0.038799 0.163784 0.028985 0.032342
