10 0.531419 0.970848 0.070782 0.037805
3 0.915711 0.084095 0.140533 0.042964
7 0.877037 0.784621 0.049661 0.027308
5 0.531546 0.447562 0.921976 0.808394
8 0.620795 0.909847 0.041999 0.089502
8 0.584121 0.909251 0.041996 0.090696
8 0.548631 0.908654 0.044365 0.089502
8 0.510477 0.907460 0.041407 0.091889
8 0.474394 0.908057 0.044954 0.090696
8 0.438015 0.911041 0.044362 0.087115
8 0.401637 0.910444 0.042590 0.090696
8 0.364666 0.910444 0.043182 0.090696
8 0.327993 0.908654 0.040813 0.089502
8 0.291911 0.909251 0.041999 0.093083
8 0.256714 0.908654 0.040224 0.089502
8 0.217675 0.908654 0.039038 0.091889
8 0.184254 0.909251 0.043182 0.088309
2 0.529843 0.027559 0.291309 0.048117
8 0.146988 0.908057 0.039633 0.085922
8 0.110608 0.908057 0.040224 0.085922
11 0.014512 0.451171 0.015332 0.262930
7 0.110957 0.689827 0.052764 0.041816
7 0.148089 0.269072 0.059672 0.033100
7 0.183929 0.407582 0.062262 0.034847
7 0.222788 0.064358 0.060535 0.031363
7 0.259488 0.285625 0.059672 0.031363
7 0.293654 0.587172 0.055214 0.028710
7 0.331134 0.615178 0.058685 0.028705
7 0.366187 0.473744 0.057993 0.032907
7 0.403321 0.526606 0.055910 0.029412
7 0.439413 0.689047 0.049664 0.029406
7 0.475852 0.553561 0.057990 0.030107
7 0.512639 0.663490 0.057295 0.031505
7 0.547865 0.722656 0.048621 0.032212
8 0.729338 0.908654 0.042590 0.089502
8 0.765422 0.908057 0.041407 0.090696
8 0.802096 0.909847 0.040221 0.089502
8 0.839066 0.909251 0.044362 0.090696
8 0.875149 0.909251 0.040816 0.090696
8 0.911824 0.909847 0.041999 0.089502
8 0.949385 0.908654 0.047320 0.091889
1 0.034938 0.463535 0.069877 0.835192
9 0.043117 0.694434 0.042590 0.033416
9 0.043531 0.526584 0.040816 0.029955
9 0.044123 0.355928 0.040816 0.029955
9 0.042939 0.182879 0.041999 0.034729
7 0.586213 0.721256 0.047581 0.026606
7 0.621438 0.680645 0.050704 0.032206
7 0.658052 0.632330 0.057993 0.033609
7 0.693797 0.752412 0.051049 0.032913
7 0.731277 0.718804 0.048968 0.031510
7 0.767544 0.708651 0.047928 0.028003
7 0.914170 0.788473 0.048968 0.026606
7 0.949602 0.115232 0.060449 0.029615
8 0.693256 0.908654 0.043771 0.091889
8 0.656287 0.908654 0.040816 0.091889
7 0.804156 0.655789 0.055910 0.032913
7 0.840943 0.628832 0.056605 0.029406
0 0.529502 0.924021 0.922386 0.151957
