9 0.043235 0.184072 0.040224 0.034729
10 0.531121 0.971024 0.031517 0.041244
0 0.530723 0.956193 0.922394 0.087613
5 0.530526 0.480557 0.921976 0.857879
7 0.112253 0.078295 0.055355 0.038331
7 0.205086 0.578323 0.054488 0.038331
7 0.297918 0.277783 0.055355 0.036584
7 0.390318 0.678504 0.053628 0.040074
7 0.484446 0.249907 0.053625 0.043558
7 0.577711 0.424132 0.053628 0.036589
7 0.670111 0.294335 0.055355 0.041816
7 0.764671 0.425874 0.052761 0.036589
7 0.857072 0.697667 0.049310 0.036589
7 0.948307 0.854819 0.050950 0.038326
1 0.035151 0.487947 0.070303 0.876437
3 0.875244 0.084955 0.221466 0.044683
2 0.530695 0.027551 0.339013 0.044695
9 0.044418 0.355925 0.040224 0.034723
9 0.044123 0.524794 0.039633 0.031148
9 0.043827 0.691869 0.041407 0.028761
9 0.043413 0.861516 0.041999 0.033416
11 0.012808 0.483824 0.017037 0.372919
8 0.112218 0.937477 0.036557 0.030667
8 0.205074 0.937726 0.034135 0.029005
8 0.298731 0.938968 0.034957 0.029836
8 0.390746 0.937311 0.032492 0.029836
8 0.485430 0.938142 0.033726 0.029836
8 0.578675 0.938139 0.036190 0.028179
8 0.671102 0.936898 0.032902 0.027347
8 0.762293 0.937313 0.032083 0.031493
8 0.856567 0.938555 0.035781 0.033976
8 0.950020 0.938555 0.032902 0.030662
