10 0.523028 0.970164 0.069846 0.039525
0 0.523308 0.924887 0.938452 0.150226
9 0.035841 0.691869 0.027802 0.033535
9 0.043413 0.820342 0.013605 0.029836
9 0.035545 0.304610 0.026027 0.032342
9 0.035841 0.173928 0.025436 0.033535
9 0.036137 0.432305 0.026027 0.029960
8 0.096009 0.911934 0.042391 0.092489
8 0.132732 0.911437 0.043872 0.091493
8 0.169948 0.908951 0.042391 0.084531
8 0.206919 0.909449 0.042394 0.087517
8 0.242903 0.909449 0.039437 0.089508
8 0.279872 0.907958 0.041405 0.090498
3 0.925499 0.085814 0.120956 0.042964
8 0.317335 0.909449 0.042391 0.091499
8 0.354059 0.909946 0.039927 0.088512
8 0.390784 0.909449 0.042391 0.087517
8 0.428985 0.908456 0.039927 0.083541
8 0.465461 0.908951 0.040914 0.086521
8 0.503172 0.908453 0.042391 0.087517
8 0.540388 0.906965 0.040911 0.086521
8 0.577355 0.909449 0.039936 0.083535
8 0.615067 0.909946 0.042391 0.084531
8 0.651545 0.911439 0.041407 0.087517
8 0.687529 0.909946 0.041405 0.088512
1 0.027244 0.463889 0.053748 0.835198
8 0.726469 0.908456 0.042397 0.089502
7 0.949170 0.752025 0.018133 0.034842
7 0.913203 0.746451 0.019947 0.033105
7 0.875638 0.712477 0.022540 0.031357
7 0.839369 0.652367 0.027721 0.036589
7 0.800507 0.484239 0.029448 0.038331
7 0.763375 0.516473 0.027721 0.036589
7 0.727539 0.513860 0.028584 0.031363
7 0.688677 0.342248 0.026857 0.036589
9 0.036433 0.562387 0.026619 0.032342
7 0.652840 0.364024 0.027721 0.031363
7 0.615276 0.361411 0.026857 0.033105
7 0.579870 0.062616 0.026854 0.034847
11 0.014043 0.452718 0.015419 0.180447
8 0.762948 0.907958 0.043378 0.090498
8 0.799179 0.910444 0.040914 0.089508
8 0.835409 0.910444 0.042391 0.089508
8 0.874104 0.908951 0.045842 0.090503
8 0.910827 0.909449 0.044362 0.087517
8 0.947304 0.910444 0.047320 0.091499
5 0.524392 0.449624 0.936285 0.796012
2 0.523880 0.026700 0.349235 0.046397
7 0.542736 0.191541 0.028584 0.034847
7 0.505172 0.499050 0.025994 0.036584
7 0.468471 0.607059 0.025128 0.036561
7 0.430474 0.623623 0.026857 0.034847
7 0.393773 0.594002 0.027721 0.038331
7 0.356640 0.679375 0.022537 0.031363
7 0.319075 0.697667 0.023403 0.036589
7 0.282373 0.718575 0.019083 0.040068
7 0.243513 0.662822 0.027721 0.033100
7 0.207676 0.668049 0.026857 0.036584
7 0.170974 0.785650 0.015629 0.031357
7 0.133410 0.788266 0.018220 0.033105
7 0.097572 0.784779 0.019086 0.033100
