7 0.885050 0.212858 0.034069 0.032656
7 0.856088 0.340753 0.037479 0.032656
7 0.828831 0.478182 0.037479 0.027234
7 0.803703 0.711509 0.040034 0.028574
7 0.771330 0.438715 0.038345 0.035373
7 0.744506 0.526472 0.037479 0.039455
7 0.717672 0.698583 0.034923 0.032650
8 0.967489 0.933164 0.044425 0.032999
8 0.829054 0.931515 0.046490 0.033005
8 0.690103 0.932341 0.051655 0.031353
8 0.550636 0.930688 0.045456 0.034657
8 0.410651 0.933164 0.044421 0.036304
8 0.273251 0.931515 0.048556 0.033005
8 0.133266 0.933990 0.047521 0.029706
10 0.534519 0.966662 0.038433 0.033666
0 0.535140 0.948840 0.912425 0.089113
9 0.056983 0.138840 0.049590 0.033862
9 0.056983 0.235872 0.052065 0.033862
9 0.057603 0.334881 0.048349 0.033862
9 0.056983 0.429930 0.049590 0.033862
9 0.056364 0.528941 0.050828 0.029902
9 0.058222 0.625970 0.049586 0.033862
9 0.056983 0.726958 0.049590 0.037821
9 0.055992 0.823097 0.050828 0.035643
5 0.535138 0.481515 0.892590 0.849504
7 0.689138 0.307420 0.037479 0.031291
7 0.662308 0.348234 0.040034 0.031291
7 0.632069 0.570679 0.035778 0.032668
7 0.606088 0.230548 0.038330 0.032650
7 0.576703 0.355719 0.034073 0.032650
7 0.550724 0.616267 0.036628 0.034015
7 0.521337 0.415584 0.032368 0.029933
7 0.494079 0.200615 0.035774 0.035379
7 0.464693 0.347555 0.036628 0.032650
7 0.435305 0.393136 0.035774 0.031291
7 0.409326 0.404697 0.031517 0.029933
7 0.380791 0.374767 0.034073 0.032656
7 0.353534 0.442118 0.035774 0.025851
7 0.323720 0.286331 0.032368 0.032650
7 0.298169 0.320343 0.039180 0.027209
7 0.268780 0.262521 0.034923 0.025851
7 0.243653 0.489734 0.035774 0.023127
7 0.213414 0.360483 0.033218 0.025851
7 0.187437 0.404018 0.037479 0.031291
7 0.157197 0.647561 0.034923 0.025857
7 0.130366 0.568647 0.035774 0.025851
1 0.045454 0.491414 0.086778 0.873268
2 0.535759 0.029039 0.256621 0.043562
7 0.938713 0.779535 0.035778 0.034015
11 0.018180 0.481512 0.022314 0.200000
3 0.907052 0.097356 0.133889 0.061383
7 0.911031 0.377488 0.038330 0.032650
