5 0.521325 0.413535 0.942419 0.723835
8 0.262382 0.818761 0.031514 0.065305
8 0.177628 0.820481 0.027255 0.061867
8 0.093301 0.842135 0.048553 0.092800
10 0.521427 0.971985 0.040886 0.035057
0 0.517236 0.886807 0.950597 0.218580
2 0.521222 0.029553 0.269846 0.041244
1 0.025589 0.437251 0.049075 0.779514
9 0.034528 0.063060 0.025657 0.033201
9 0.033506 0.202262 0.023614 0.039389
9 0.035039 0.339400 0.024634 0.033201
9 0.034017 0.477568 0.020544 0.029072
9 0.034017 0.611612 0.022590 0.033201
9 0.033761 0.749678 0.024533 0.035057
11 0.015873 0.416629 0.017376 0.350577
7 0.949350 0.710495 0.028108 0.037811
7 0.863744 0.707056 0.028963 0.034372
7 0.777714 0.707056 0.027258 0.034372
7 0.692534 0.704480 0.027255 0.029219
7 0.606078 0.692449 0.026403 0.036086
7 0.520893 0.615119 0.026395 0.032658
7 0.435720 0.479355 0.031514 0.025781
7 0.348838 0.468184 0.029815 0.034367
7 0.264085 0.419205 0.028960 0.029214
7 0.177202 0.308363 0.028960 0.027494
7 0.092875 0.055741 0.027258 0.027500
8 0.347560 0.837667 0.043440 0.092800
3 0.937752 0.086261 0.099153 0.043303
8 0.948880 0.829072 0.036712 0.082489
8 0.862893 0.864301 0.072403 0.146069
8 0.777714 0.837664 0.041735 0.089367
8 0.691256 0.835085 0.040886 0.080769
8 0.605226 0.869457 0.080067 0.170136
8 0.519622 0.823917 0.033221 0.075617
8 0.434444 0.833368 0.041738 0.084202
