7 0.759922 0.857955 0.044990 0.036589
3 0.899519 0.084095 0.172916 0.039525
8 0.949992 0.936799 0.033075 0.032817
8 0.855348 0.937294 0.035046 0.029836
8 0.760212 0.939782 0.037020 0.032822
8 0.666061 0.936799 0.032089 0.030826
8 0.570925 0.935806 0.035049 0.028840
8 0.476529 0.937296 0.032582 0.031821
8 0.381392 0.938787 0.032585 0.030831
8 0.286503 0.937296 0.035046 0.031821
8 0.193338 0.937791 0.031105 0.030831
8 0.096897 0.936898 0.034012 0.031827
5 0.523884 0.481578 0.937317 0.859921
2 0.523880 0.027557 0.308349 0.044683
9 0.036137 0.815390 0.026027 0.032342
9 0.036433 0.687096 0.023070 0.033535
9 0.036433 0.556420 0.026619 0.029955
9 0.035545 0.426932 0.026027 0.028761
9 0.035841 0.296852 0.026619 0.028761
9 0.036728 0.167961 0.026027 0.033535
0 0.523298 0.955820 0.938433 0.088360
10 0.523029 0.969304 0.034071 0.037805
11 0.013183 0.482794 0.015405 0.329955
7 0.098004 0.317856 0.044127 0.036584
7 0.192996 0.401485 0.045856 0.029621
7 0.285828 0.536507 0.043263 0.031363
7 0.381682 0.388416 0.043263 0.034842
7 0.475378 0.080037 0.045856 0.038331
7 0.569507 0.176734 0.045854 0.033105
7 0.666657 0.657596 0.044993 0.040068
1 0.027272 0.490699 0.054544 0.878162
7 0.853618 0.577452 0.047583 0.033105
7 0.949170 0.485461 0.047496 0.034847
