7 0.094559 0.807964 0.025553 0.036041
7 0.129907 0.620051 0.026407 0.034321
7 0.164406 0.715294 0.023849 0.039468
7 0.198477 0.662952 0.023849 0.034321
7 0.235956 0.559986 0.023849 0.034327
7 0.269176 0.602031 0.018739 0.032602
8 0.622668 0.922944 0.033220 0.066929
8 0.798136 0.923801 0.028108 0.065215
8 0.974882 0.925518 0.028961 0.061782
5 0.517727 0.465427 0.934242 0.821669
8 0.092941 0.922599 0.028111 0.068648
10 0.517216 0.966875 0.033731 0.028829
0 0.519260 0.934952 0.941395 0.117381
1 0.026586 0.482933 0.048040 0.869033
7 0.516621 0.549689 0.024702 0.027455
7 0.765769 0.163566 0.025553 0.027460
7 0.729142 0.341182 0.027257 0.036041
7 0.553673 0.489624 0.022148 0.037755
7 0.694645 0.343756 0.024702 0.034321
7 0.659295 0.368640 0.023852 0.039474
2 0.517727 0.026793 0.224871 0.043247
9 0.035069 0.666100 0.025556 0.039350
9 0.036092 0.536372 0.023509 0.035209
9 0.034559 0.408693 0.020444 0.035215
9 0.033537 0.279986 0.022487 0.033150
9 0.035070 0.152308 0.023509 0.033156
9 0.034764 0.792859 0.021465 0.035006
7 0.589023 0.571140 0.022998 0.025741
7 0.304951 0.592593 0.022148 0.030888
7 0.341157 0.487050 0.024705 0.032607
7 0.376926 0.672390 0.022998 0.036035
7 0.623520 0.603744 0.020444 0.029174
7 0.410573 0.655229 0.023852 0.036035
7 0.446348 0.525662 0.025553 0.034321
7 0.481270 0.623481 0.023849 0.030888
7 0.942514 0.480187 0.024702 0.029174
7 0.906741 0.057166 0.022998 0.034321
7 0.871391 0.095781 0.022148 0.029174
7 0.836042 0.156702 0.022998 0.027455
7 0.800692 0.498204 0.020441 0.030888
11 0.013808 0.465427 0.016353 0.195639
8 0.268324 0.922941 0.031516 0.063495
8 0.445070 0.923801 0.028961 0.068643
