7 0.134197 0.082699 0.056216 0.028494
7 0.339906 0.853433 0.058774 0.031212
7 0.541779 0.524379 0.055367 0.029847
3 0.884629 0.090425 0.196396 0.047521
9 0.058876 0.795275 0.054695 0.035838
9 0.058876 0.663592 0.054695 0.037821
9 0.060119 0.532901 0.057180 0.029902
9 0.058876 0.398247 0.057176 0.033862
9 0.060119 0.266564 0.052209 0.035845
9 0.059499 0.133889 0.053450 0.039798
7 0.745357 0.571870 0.057069 0.032564
11 0.017607 0.481512 0.021129 0.227723
0 0.537199 0.947849 0.906177 0.087130
10 0.539685 0.969633 0.160353 0.039608
8 0.136214 0.933990 0.073550 0.036304
8 0.339453 0.933164 0.071475 0.029706
8 0.541965 0.932338 0.070438 0.028054
8 0.744996 0.931512 0.072512 0.036304
8 0.948025 0.933164 0.068367 0.032999
2 0.540930 0.030028 0.394045 0.041585
7 0.947230 0.525058 0.055367 0.031206
5 0.542793 0.479535 0.894990 0.845545
1 0.047649 0.484483 0.095298 0.859406
