8 0.945375 0.910193 0.046517 0.082786
10 0.523708 0.965321 0.059700 0.027729
11 0.018917 0.458686 0.017400 0.090886
8 0.101163 0.906771 0.046242 0.078057
8 0.193912 0.908014 0.051342 0.074943
8 0.286392 0.905043 0.042367 0.069286
8 0.381883 0.905050 0.039533 0.070500
8 0.475787 0.905350 0.040242 0.072929
8 0.569325 0.906929 0.042700 0.073629
8 0.660933 0.906100 0.041483 0.076343
8 0.757025 0.905579 0.043950 0.071643
8 0.849808 0.909436 0.040667 0.075157
7 0.100400 0.721321 0.022983 0.021386
7 0.196925 0.435407 0.026917 0.021386
7 0.291479 0.630143 0.025608 0.034886
7 0.380454 0.425271 0.034142 0.030400
7 0.477637 0.752836 0.015758 0.034900
7 0.573504 0.495629 0.028892 0.036029
7 0.665433 0.238414 0.034150 0.052914
7 0.755721 0.296386 0.026925 0.033771
7 0.850604 0.417393 0.021008 0.034900
7 0.945162 0.787736 0.022325 0.025900
7 0.102496 0.109671 0.019158 0.021229
7 0.195850 0.260486 0.018900 0.017657
7 0.288950 0.200143 0.018500 0.021771
7 0.384908 0.737514 0.018250 0.021686
7 0.475488 0.187214 0.022892 0.025600
7 0.570133 0.387586 0.020217 0.018657
7 0.663808 0.630879 0.013267 0.017414
7 0.757900 0.435464 0.019800 0.022014
7 0.852304 0.669921 0.015692 0.020986
7 0.945542 0.637450 0.015550 0.020243
9 0.041454 0.097429 0.026958 0.024286
9 0.040167 0.190179 0.027317 0.026071
9 0.042067 0.285414 0.026283 0.027543
9 0.041117 0.379029 0.024383 0.023400
9 0.041129 0.472186 0.024708 0.022514
9 0.044488 0.566536 0.016958 0.026357
9 0.043971 0.659407 0.020058 0.021929
9 0.044317 0.753750 0.018333 0.025186
9 0.044317 0.850771 0.019367 0.029629
5 0.524050 0.449636 0.931733 0.799900
3 0.918788 0.098014 0.139375 0.075371
2 0.521400 0.032921 0.223650 0.036386
1 0.035946 0.459350 0.053708 0.841186
0 0.525904 0.916579 0.931375 0.125243
