7 0.194521 0.477250 0.020908 0.023100
7 0.289596 0.785414 0.014858 0.016886
2 0.519012 0.034971 0.222458 0.034343
3 0.916933 0.099607 0.133183 0.074300
5 0.525533 0.450271 0.930250 0.798629
9 0.041108 0.356486 0.022117 0.028143
9 0.041412 0.249443 0.023042 0.025429
9 0.038892 0.137371 0.028367 0.024429
9 0.045438 0.803521 0.019192 0.025186
9 0.044325 0.693764 0.018667 0.023100
9 0.044921 0.578829 0.018158 0.029029
7 0.382908 0.220664 0.020050 0.021329
7 0.476254 0.516414 0.015142 0.018829
7 0.570762 0.371386 0.020642 0.023457
7 0.664758 0.835786 0.013100 0.018514
7 0.662675 0.453300 0.022983 0.040514
8 0.940388 0.908493 0.051275 0.081329
8 0.851183 0.907257 0.043417 0.073714
8 0.756962 0.905800 0.042008 0.069600
8 0.661563 0.903686 0.043242 0.069000
8 0.568738 0.905257 0.046175 0.073343
8 0.473208 0.905257 0.043217 0.069000
8 0.383721 0.905621 0.044692 0.074071
8 0.287450 0.906929 0.039150 0.071029
8 0.193371 0.908036 0.046392 0.077386
8 0.100038 0.908564 0.045175 0.082614
11 0.018037 0.457550 0.016075 0.093900
10 0.523392 0.963800 0.064917 0.031657
7 0.945817 0.067314 0.023633 0.028143
7 0.759133 0.297286 0.022033 0.022714
7 0.851025 0.471714 0.022117 0.026371
7 0.945546 0.413436 0.021892 0.027900
7 0.569238 0.759029 0.020358 0.033771
7 0.473367 0.773664 0.026917 0.022500
7 0.381438 0.784921 0.021675 0.027014
7 0.288196 0.585679 0.020358 0.027014
7 0.849950 0.066193 0.019700 0.032643
7 0.757358 0.155679 0.019700 0.029271
7 0.192654 0.386436 0.028892 0.027014
1 0.036204 0.449179 0.056292 0.824386
0 0.524017 0.920221 0.927600 0.130900
7 0.100396 0.384186 0.032175 0.029257
9 0.040771 0.470407 0.024042 0.026071
7 0.102800 0.610943 0.014867 0.019257
