7 0.194954 0.598064 0.020358 0.024757
7 0.101054 0.456793 0.024292 0.030386
0 0.527212 0.914086 0.928542 0.126857
9 0.043408 0.850500 0.019467 0.024429
9 0.043979 0.753650 0.016792 0.024871
9 0.044362 0.661900 0.018325 0.025086
9 0.044679 0.569286 0.018708 0.018771
9 0.040658 0.473029 0.022600 0.024171
9 0.041021 0.381836 0.023758 0.025643
9 0.041479 0.289279 0.023242 0.021357
9 0.040554 0.194964 0.023508 0.023329
1 0.033879 0.454486 0.055775 0.831457
2 0.522892 0.032921 0.216483 0.037414
3 0.918788 0.096957 0.131942 0.079600
5 0.526275 0.452814 0.924300 0.803714
8 0.660687 0.906350 0.042158 0.077557
7 0.102237 0.614200 0.019108 0.025086
7 0.196400 0.669950 0.014667 0.023043
7 0.290013 0.715250 0.018542 0.022529
7 0.381179 0.284057 0.022125 0.022514
7 0.476667 0.515164 0.016800 0.014929
7 0.570500 0.417800 0.017000 0.016000
7 0.662979 0.123257 0.022808 0.020257
7 0.758158 0.837579 0.014933 0.022043
7 0.850575 0.727064 0.015117 0.023700
7 0.943887 0.651771 0.017708 0.020743
9 0.039604 0.103507 0.024142 0.026357
10 0.522879 0.964229 0.063892 0.026857
11 0.019688 0.457929 0.017175 0.087114
8 0.100037 0.906536 0.041458 0.073214
8 0.194967 0.905450 0.040183 0.070157
8 0.288721 0.903664 0.039658 0.068843
8 0.381421 0.906100 0.043192 0.075286
8 0.475029 0.904271 0.041792 0.068486
8 0.570283 0.905471 0.041000 0.076543
8 0.755996 0.905600 0.045675 0.073029
8 0.847354 0.904321 0.043042 0.077557
8 0.944200 0.907479 0.047000 0.079814
7 0.943517 0.245171 0.026917 0.025886
7 0.854221 0.449486 0.019058 0.027029
7 0.759658 0.574986 0.017733 0.030400
7 0.664121 0.234471 0.022325 0.022514
7 0.568904 0.719071 0.015758 0.025886
7 0.477304 0.059429 0.025608 0.028143
7 0.380454 0.229407 0.022325 0.030386
7 0.287542 0.108957 0.021667 0.025886
