7 0.664225 0.381364 0.015550 0.021043
5 0.522933 0.452814 0.928017 0.803714
7 0.102367 0.795614 0.021667 0.028143
7 0.193967 0.287379 0.024950 0.036014
7 0.290492 0.649279 0.026267 0.025900
7 0.385050 0.654343 0.027583 0.033771
7 0.945542 0.699907 0.013533 0.018271
7 0.851008 0.653871 0.014833 0.024943
7 0.570483 0.447721 0.020217 0.021043
7 0.195508 0.523114 0.015033 0.020143
9 0.041738 0.067714 0.025708 0.024000
9 0.040529 0.169593 0.024558 0.026186
9 0.041421 0.271479 0.022525 0.024443
9 0.041425 0.371721 0.023800 0.028586
9 0.041104 0.471529 0.022658 0.023114
9 0.046575 0.572536 0.019083 0.023557
9 0.043904 0.674529 0.017308 0.023343
9 0.043717 0.777179 0.019217 0.021814
7 0.476738 0.748693 0.015892 0.019843
1 0.034396 0.444750 0.053708 0.826157
0 0.524021 0.919000 0.929492 0.130086
7 0.101558 0.408207 0.020883 0.020157
7 0.382304 0.620121 0.015375 0.019843
10 0.524087 0.966414 0.063775 0.029914
11 0.017487 0.461700 0.020258 0.094657
8 0.101292 0.906100 0.040900 0.078429
8 0.192267 0.904471 0.043483 0.075286
8 0.289754 0.900936 0.043092 0.073786
8 0.383767 0.904093 0.043483 0.071529
8 0.473804 0.907857 0.045242 0.074543
8 0.568975 0.903743 0.040567 0.074771
8 0.662667 0.905600 0.043483 0.079057
8 0.755533 0.902436 0.044400 0.074529
8 0.849329 0.908236 0.043475 0.079814
8 0.943650 0.910643 0.046600 0.083571
7 0.756904 0.408279 0.023642 0.027014
7 0.664121 0.177064 0.028892 0.029271
7 0.568908 0.190007 0.030200 0.025900
7 0.475996 0.116279 0.025608 0.027014
7 0.946800 0.066750 0.024300 0.029271
7 0.849158 0.319343 0.020350 0.031514
3 0.920333 0.096957 0.136283 0.077486
2 0.520654 0.033179 0.222158 0.038957
7 0.756688 0.479964 0.017425 0.018757
7 0.291175 0.583457 0.020233 0.019257
