7 0.848704 0.107329 0.020592 0.024429
7 0.664658 0.136564 0.020283 0.025300
7 0.570400 0.835171 0.013917 0.019543
7 0.477758 0.559200 0.011283 0.014800
7 0.382708 0.650500 0.011250 0.013571
7 0.289317 0.346143 0.020317 0.021686
7 0.195142 0.579100 0.014950 0.025171
7 0.101371 0.760943 0.015675 0.025600
0 0.524725 0.916986 0.927133 0.124429
1 0.034658 0.449179 0.052167 0.829700
2 0.521400 0.032150 0.220067 0.039986
3 0.921263 0.098543 0.139375 0.070057
5 0.524787 0.450900 0.927275 0.805000
10 0.524021 0.963471 0.062625 0.028371
11 0.018479 0.460193 0.017392 0.086357
8 0.103663 0.906314 0.040892 0.078371
8 0.193258 0.904014 0.047033 0.082829
8 0.286150 0.904429 0.047483 0.083657
8 0.381242 0.903636 0.041767 0.076043
8 0.471058 0.902136 0.045717 0.082071
8 0.569663 0.902136 0.044408 0.073043
8 0.662333 0.903264 0.042650 0.081329
8 0.757862 0.901000 0.043092 0.081314
8 0.848408 0.905300 0.047433 0.074543
8 0.945250 0.908686 0.049633 0.088857
7 0.099083 0.273307 0.029550 0.023643
7 0.194296 0.712879 0.024292 0.027014
7 0.289050 0.559114 0.034800 0.029257
7 0.475533 0.592321 0.034800 0.041643
7 0.567925 0.742707 0.021667 0.037157
7 0.660508 0.641964 0.020350 0.029271
7 0.759658 0.761850 0.020350 0.032643
7 0.848304 0.595807 0.025608 0.040529
7 0.945488 0.555850 0.021675 0.019129
9 0.041633 0.111371 0.023650 0.023629
9 0.040050 0.218871 0.024300 0.026371
9 0.041108 0.329914 0.024283 0.029086
9 0.040450 0.437943 0.024283 0.025086
9 0.044300 0.550657 0.019467 0.027714
9 0.043333 0.659821 0.019983 0.026186
9 0.043154 0.768271 0.018708 0.031429
7 0.384221 0.660571 0.016108 0.013429
7 0.944821 0.195950 0.022175 0.021957
7 0.757179 0.169436 0.019075 0.023043
