7 0.949754 0.744400 0.030208 0.031514
7 0.289071 0.107907 0.020325 0.022043
7 0.383171 0.833036 0.016925 0.018757
7 0.475212 0.547164 0.018042 0.019900
7 0.570496 0.291571 0.020325 0.024171
7 0.665362 0.233600 0.018042 0.023114
7 0.757908 0.632329 0.017417 0.024314
7 0.850400 0.624357 0.017667 0.023457
7 0.945613 0.411900 0.019908 0.020257
7 0.195592 0.140143 0.020317 0.027029
7 0.100867 0.657293 0.017667 0.021329
9 0.038629 0.080064 0.028325 0.032186
9 0.040425 0.177164 0.021267 0.024871
9 0.041625 0.275114 0.024050 0.026400
9 0.040358 0.373729 0.026483 0.025743
7 0.759004 0.070693 0.030858 0.034900
7 0.850933 0.782100 0.016417 0.028143
8 0.944342 0.906721 0.045383 0.087843
8 0.853062 0.906350 0.045675 0.080557
8 0.756942 0.904543 0.044400 0.078314
8 0.662008 0.904843 0.042167 0.074543
8 0.570208 0.905636 0.041517 0.075814
8 0.473508 0.904536 0.043617 0.074243
8 0.381238 0.903221 0.040158 0.074071
8 0.288721 0.904536 0.040242 0.074071
8 0.195858 0.902879 0.042467 0.071900
8 0.101396 0.902350 0.038642 0.072329
11 0.020125 0.461321 0.018933 0.094671
10 0.522879 0.965100 0.060592 0.028600
9 0.042642 0.471793 0.024050 0.028357
9 0.044625 0.570950 0.018467 0.027929
9 0.043925 0.665186 0.018850 0.025743
9 0.044179 0.765329 0.018342 0.027057
7 0.191671 0.639143 0.024292 0.028143
7 0.100071 0.546279 0.021008 0.024757
3 0.916000 0.099079 0.132567 0.079614
2 0.523642 0.030364 0.216783 0.038443
1 0.035429 0.450057 0.052675 0.833229
0 0.524725 0.918200 0.929017 0.130086
5 0.524417 0.452821 0.928017 0.806271
7 0.285567 0.697121 0.022983 0.029271
7 0.380121 0.191693 0.025608 0.029271
7 0.475333 0.352664 0.029550 0.024757
7 0.568250 0.706693 0.017067 0.032643
7 0.663462 0.692621 0.024958 0.038271
