7 0.945288 0.834293 0.019875 0.015700
7 0.851263 0.608300 0.016175 0.017771
7 0.757708 0.436764 0.021083 0.022214
7 0.663850 0.161193 0.024883 0.023043
7 0.570167 0.584557 0.020150 0.022600
7 0.475733 0.155250 0.024050 0.020271
7 0.288400 0.365414 0.017133 0.022714
7 0.196283 0.107500 0.022817 0.019543
7 0.102254 0.508771 0.017992 0.021914
5 0.524879 0.457707 0.925792 0.803729
0 0.524021 0.921836 0.928542 0.137357
1 0.032592 0.447414 0.056300 0.815543
2 0.523492 0.029850 0.216483 0.039471
3 0.918137 0.099607 0.130025 0.080671
10 0.524150 0.964557 0.061350 0.035800
11 0.019029 0.458871 0.020258 0.088257
8 0.101033 0.903543 0.039650 0.066400
7 0.102313 0.594543 0.018125 0.033771
7 0.196083 0.625614 0.019700 0.025657
7 0.288271 0.592521 0.021275 0.013500
7 0.382829 0.412193 0.022858 0.017557
7 0.474625 0.564150 0.020483 0.032414
7 0.569500 0.336007 0.022850 0.022957
7 0.664525 0.385179 0.023633 0.031071
7 0.755929 0.269007 0.020492 0.033757
7 0.851587 0.108193 0.021125 0.025529
8 0.474421 0.905579 0.039342 0.070071
8 0.570592 0.903800 0.040567 0.071114
8 0.662088 0.904321 0.041175 0.074243
8 0.758321 0.901971 0.043308 0.073714
8 0.849667 0.905893 0.040567 0.075300
8 0.944071 0.908243 0.043925 0.082086
9 0.043679 0.768386 0.022742 0.024829
9 0.042671 0.671157 0.019625 0.026400
9 0.045146 0.573607 0.017975 0.030471
9 0.041492 0.474336 0.024183 0.029214
9 0.041217 0.373493 0.021433 0.029843
9 0.040921 0.277364 0.024925 0.024186
9 0.040562 0.179036 0.024208 0.027957
9 0.042029 0.079764 0.026775 0.027957
8 0.381025 0.903800 0.044533 0.070057
8 0.287692 0.906157 0.039650 0.071629
8 0.194821 0.904321 0.041175 0.070071
