8 0.661496 0.904243 0.045308 0.074286
8 0.568908 0.905929 0.049250 0.075429
8 0.474354 0.905364 0.043992 0.074300
5 0.525158 0.448993 0.926533 0.808814
7 0.197554 0.634679 0.017775 0.019071
8 0.286554 0.907057 0.047942 0.079914
8 0.379471 0.906493 0.048592 0.078786
7 0.101742 0.120664 0.020900 0.021329
7 0.946733 0.112814 0.029867 0.020114
3 0.914454 0.095893 0.135658 0.075357
2 0.522746 0.033436 0.219775 0.037414
1 0.035429 0.460679 0.058875 0.852700
0 0.524962 0.919807 0.928542 0.128471
7 0.758346 0.478179 0.017725 0.028129
7 0.853758 0.787057 0.016417 0.039400
7 0.477042 0.813957 0.013967 0.018257
7 0.382092 0.692614 0.021667 0.022514
7 0.475663 0.690364 0.015758 0.024757
7 0.569562 0.063936 0.023642 0.032643
7 0.661492 0.338600 0.024950 0.028143
7 0.663879 0.283907 0.017625 0.021043
7 0.758058 0.319993 0.021600 0.023700
7 0.850504 0.137814 0.019592 0.017286
7 0.570221 0.187779 0.020042 0.025471
9 0.041875 0.505857 0.024050 0.024171
9 0.043433 0.612500 0.016383 0.022743
9 0.044050 0.720914 0.018867 0.024886
9 0.041462 0.395657 0.023225 0.026314
9 0.041254 0.287414 0.021975 0.025943
9 0.041254 0.181486 0.026542 0.033057
9 0.041421 0.073136 0.027992 0.028071
8 0.943517 0.911557 0.051217 0.086686
7 0.290058 0.549586 0.014500 0.019714
7 0.944608 0.263957 0.019150 0.026171
7 0.100067 0.728079 0.026267 0.023643
7 0.196300 0.621600 0.011400 0.014057
7 0.289837 0.361107 0.024958 0.032643
8 0.104337 0.907614 0.052525 0.085543
8 0.193312 0.908179 0.049242 0.079929
10 0.522433 0.966850 0.062250 0.027300
11 0.018037 0.459064 0.021792 0.097671
9 0.043325 0.828450 0.021150 0.028786
7 0.382238 0.446886 0.018958 0.020571
8 0.849287 0.905929 0.043992 0.073171
8 0.756046 0.905929 0.050558 0.075429
