7 0.756808 0.330679 0.020117 0.020614
9 0.041629 0.135393 0.023758 0.022957
9 0.041771 0.242657 0.026642 0.022714
9 0.040792 0.347279 0.022467 0.026414
9 0.042275 0.454464 0.025050 0.022214
9 0.045371 0.561107 0.016842 0.022214
9 0.044221 0.667864 0.017425 0.022957
9 0.044292 0.774264 0.019000 0.024929
7 0.853558 0.547971 0.020350 0.039400
7 0.758871 0.789871 0.024958 0.036029
7 0.665104 0.179879 0.026925 0.030386
7 0.945271 0.771886 0.017908 0.019400
0 0.525200 0.918600 0.929017 0.124429
7 0.476913 0.414250 0.022808 0.022214
1 0.035171 0.449621 0.055258 0.818186
2 0.524838 0.034714 0.222158 0.033829
3 0.921571 0.100136 0.135042 0.081729
5 0.526275 0.447714 0.925783 0.798629
7 0.571862 0.618321 0.024292 0.027014
7 0.478950 0.098271 0.026267 0.036029
7 0.382750 0.612129 0.017733 0.025886
7 0.288850 0.235036 0.029550 0.032643
7 0.193313 0.392629 0.021008 0.034886
7 0.100071 0.429214 0.023642 0.033771
8 0.946650 0.906043 0.048317 0.079686
8 0.845888 0.906100 0.049042 0.080314
8 0.755792 0.905579 0.047583 0.075300
8 0.662458 0.903743 0.038433 0.069543
8 0.569688 0.903379 0.038475 0.072014
8 0.476067 0.903807 0.037067 0.076243
8 0.381883 0.905650 0.040950 0.072929
8 0.286608 0.903664 0.040967 0.074100
8 0.195058 0.904971 0.047017 0.073200
8 0.101183 0.905479 0.038550 0.070443
11 0.018479 0.460757 0.019592 0.095800
10 0.523067 0.964564 0.063517 0.028814
7 0.101992 0.634986 0.013250 0.021229
7 0.193862 0.446879 0.016708 0.021729
7 0.289013 0.482521 0.015275 0.017529
7 0.382992 0.162600 0.020217 0.018971
7 0.946142 0.608193 0.021667 0.036014
7 0.569788 0.107350 0.020908 0.022214
7 0.664742 0.775557 0.019700 0.022400
7 0.849779 0.707886 0.014625 0.017914
