0 0.524492 0.915771 0.931367 0.128486
7 0.195550 0.139686 0.025983 0.017914
7 0.102363 0.745800 0.012192 0.013229
7 0.663462 0.789421 0.021008 0.027014
7 0.569892 0.624514 0.017733 0.032657
7 0.383079 0.618886 0.022325 0.014629
8 0.196267 0.905364 0.051217 0.078786
8 0.286225 0.908179 0.051217 0.077671
8 0.382421 0.905929 0.046625 0.070914
8 0.476321 0.908743 0.050558 0.083286
8 0.571208 0.904807 0.045967 0.075414
7 0.476321 0.561371 0.019692 0.014400
8 0.659850 0.908743 0.047283 0.078800
8 0.756379 0.905371 0.042025 0.076543
8 0.849946 0.908179 0.046625 0.086671
8 0.943846 0.909300 0.050558 0.082171
10 0.523262 0.965871 0.064408 0.029686
11 0.018917 0.458307 0.019150 0.099186
7 0.289837 0.136543 0.024958 0.022514
7 0.193313 0.269364 0.022325 0.027014
7 0.103025 0.076321 0.022983 0.023643
7 0.755063 0.063371 0.033492 0.036029
7 0.853888 0.706686 0.023642 0.041657
7 0.948771 0.196764 0.024292 0.032643
7 0.942729 0.670250 0.017625 0.023100
7 0.850938 0.419721 0.023042 0.029129
7 0.756162 0.246721 0.021358 0.021814
7 0.664083 0.773357 0.010833 0.017286
7 0.568479 0.495229 0.019925 0.018514
7 0.476742 0.552186 0.012500 0.015257
7 0.382354 0.180021 0.020558 0.016586
7 0.287954 0.213257 0.021942 0.017171
8 0.101713 0.908179 0.048592 0.073157
9 0.044454 0.786214 0.018475 0.026657
9 0.042696 0.681536 0.017858 0.021329
9 0.044663 0.581464 0.018475 0.023100
9 0.041037 0.482821 0.023658 0.024871
9 0.040929 0.382043 0.025942 0.023114
9 0.039688 0.281264 0.026358 0.022043
9 0.040829 0.180843 0.023242 0.028086
9 0.040517 0.078286 0.028017 0.024886
5 0.527021 0.456636 0.925792 0.808814
3 0.917237 0.102793 0.135042 0.082786
2 0.523787 0.033171 0.218275 0.034857
1 0.035429 0.452279 0.058875 0.825271
