7 0.944783 0.223857 0.026133 0.020257
7 0.940562 0.690929 0.019692 0.034886
7 0.848304 0.428086 0.024292 0.029257
7 0.757358 0.117407 0.024950 0.027014
7 0.663792 0.335221 0.028233 0.032643
7 0.572521 0.385314 0.030858 0.024771
7 0.477179 0.313157 0.028892 0.025886
7 0.384392 0.196200 0.024950 0.033771
7 0.289179 0.197886 0.022325 0.019143
7 0.192987 0.312707 0.025608 0.025900
7 0.101213 0.172857 0.018392 0.014857
8 0.942517 0.910179 0.054900 0.090986
8 0.850446 0.903443 0.043208 0.076257
8 0.759292 0.901836 0.049633 0.071529
8 0.662225 0.904093 0.042600 0.077557
8 0.569112 0.904471 0.044358 0.082829
8 0.475562 0.905600 0.045675 0.082829
8 0.382446 0.902964 0.043925 0.077557
8 0.287633 0.905100 0.042500 0.079057
8 0.194667 0.905721 0.038833 0.072786
8 0.101154 0.903529 0.041392 0.075914
11 0.018479 0.461886 0.020475 0.085229
10 0.523771 0.965000 0.061858 0.029686
9 0.043538 0.780614 0.016925 0.030714
9 0.043042 0.681650 0.021900 0.021329
9 0.043412 0.580336 0.019658 0.029443
9 0.041300 0.481586 0.025383 0.023029
9 0.039933 0.383050 0.024633 0.023043
9 0.040929 0.283657 0.023142 0.029857
9 0.039808 0.184050 0.027367 0.027729
9 0.040554 0.085093 0.027875 0.021757
7 0.850762 0.834450 0.017108 0.018957
7 0.758054 0.381214 0.017625 0.017771
7 0.664017 0.213014 0.019083 0.018486
7 0.569013 0.196371 0.020392 0.014229
7 0.475742 0.106193 0.019583 0.017786
7 0.382504 0.117671 0.018858 0.018514
7 0.289100 0.608014 0.017200 0.019657
7 0.102196 0.160314 0.017042 0.014400
7 0.196238 0.149107 0.020158 0.021186
3 0.918479 0.095357 0.135042 0.084914
2 0.524388 0.033686 0.221258 0.035886
1 0.036200 0.455371 0.051133 0.831457
0 0.523550 0.918200 0.929483 0.130086
5 0.522933 0.448993 0.925050 0.790986
