5 0.524792 0.453943 0.930250 0.798629
9 0.041075 0.077900 0.026767 0.030229
9 0.040867 0.187207 0.023450 0.021329
9 0.040767 0.292964 0.025317 0.025957
7 0.100071 0.723571 0.018392 0.028143
9 0.041179 0.401564 0.022825 0.021329
8 0.286179 0.901443 0.041942 0.075171
8 0.193408 0.907621 0.039400 0.074443
9 0.041075 0.508021 0.024700 0.023100
7 0.853558 0.787171 0.016417 0.024771
7 0.758017 0.671229 0.024950 0.029257
7 0.661033 0.207907 0.024950 0.031529
7 0.570550 0.634086 0.021667 0.033771
7 0.476979 0.065057 0.023642 0.028143
7 0.379138 0.681921 0.022325 0.032643
7 0.294438 0.427521 0.031525 0.023643
9 0.045225 0.613779 0.019300 0.024871
9 0.043867 0.722550 0.018250 0.029157
9 0.044283 0.829900 0.021567 0.024886
8 0.100250 0.906100 0.043467 0.075829
0 0.522371 0.919007 0.927125 0.128471
7 0.945292 0.304143 0.018083 0.014286
7 0.851154 0.744343 0.013392 0.016286
7 0.757713 0.575100 0.012442 0.019857
7 0.664138 0.443571 0.018142 0.021629
7 0.569996 0.438857 0.019008 0.022457
7 0.476221 0.562507 0.014858 0.018357
7 0.382387 0.791643 0.017975 0.023400
7 0.289596 0.600407 0.015158 0.022043
7 0.196387 0.650707 0.012458 0.023100
7 0.102696 0.838829 0.018658 0.017429
11 0.018587 0.456607 0.020692 0.083729
10 0.522942 0.964779 0.064283 0.029243
7 0.194954 0.551907 0.025608 0.018014
8 0.943958 0.910707 0.050200 0.082786
8 0.847267 0.906529 0.045333 0.075171
8 0.756146 0.902357 0.037108 0.071457
8 0.661296 0.905807 0.042792 0.069357
8 0.569158 0.903536 0.036717 0.077157
8 0.473950 0.905257 0.038767 0.071171
8 0.380967 0.908164 0.045967 0.082786
1 0.035171 0.452271 0.053192 0.834114
2 0.525583 0.033436 0.214100 0.038443
3 0.915692 0.101736 0.136900 0.080671
7 0.943821 0.313993 0.020525 0.014586
