8 0.568017 0.902586 0.041283 0.077543
8 0.756033 0.904850 0.046483 0.074043
8 0.849329 0.905221 0.044358 0.078300
8 0.941562 0.912371 0.050508 0.089600
7 0.476825 0.827043 0.017100 0.022514
7 0.382821 0.397064 0.020225 0.019843
7 0.290750 0.287700 0.018667 0.019914
7 0.945892 0.154750 0.022467 0.025786
7 0.852163 0.748350 0.012008 0.015843
9 0.044475 0.545929 0.016417 0.025743
9 0.041487 0.441971 0.023675 0.020286
9 0.041358 0.336486 0.023417 0.027057
9 0.041421 0.231993 0.022275 0.026186
7 0.289508 0.578929 0.021667 0.031514
7 0.193642 0.412886 0.022983 0.037143
7 0.099413 0.572171 0.021008 0.036029
3 0.919100 0.098543 0.137517 0.078543
2 0.522746 0.031386 0.219175 0.037429
1 0.034142 0.451393 0.052167 0.828814
0 0.523550 0.922643 0.927600 0.132514
9 0.040613 0.125500 0.023342 0.025457
7 0.664483 0.564879 0.011233 0.018957
7 0.380650 0.074514 0.026267 0.037143
7 0.477175 0.063821 0.030200 0.027014
7 0.567925 0.555286 0.022983 0.036029
7 0.663462 0.611000 0.017075 0.028143
7 0.852900 0.210836 0.021667 0.024757
7 0.947129 0.220964 0.019692 0.031529
7 0.195075 0.171429 0.018867 0.017057
7 0.102737 0.506286 0.015925 0.018771
7 0.570267 0.824379 0.015917 0.017471
9 0.044921 0.758186 0.017558 0.020943
7 0.760337 0.792529 0.015758 0.014457
5 0.526458 0.459743 0.929500 0.794800
9 0.043650 0.651514 0.015783 0.022686
10 0.523833 0.964450 0.062500 0.030786
11 0.017267 0.458500 0.018050 0.094286
8 0.099975 0.904536 0.042367 0.071900
8 0.194421 0.906493 0.040158 0.070157
8 0.287704 0.905407 0.040158 0.077557
8 0.382004 0.904271 0.042392 0.072686
8 0.476708 0.905057 0.041483 0.078429
8 0.661083 0.903221 0.039950 0.073729
