9 0.042383 0.704036 0.020783 0.026957
9 0.043600 0.597121 0.017817 0.025529
9 0.040967 0.484114 0.022600 0.024000
9 0.040283 0.372114 0.023233 0.024914
9 0.040417 0.260393 0.025350 0.025443
9 0.041946 0.150164 0.022992 0.021814
7 0.102400 0.681686 0.013800 0.021771
7 0.194800 0.108171 0.017033 0.020371
7 0.289533 0.110843 0.019567 0.020571
7 0.476133 0.566057 0.015717 0.020143
7 0.570308 0.209700 0.021600 0.021914
7 0.662875 0.764179 0.016800 0.020986
7 0.756675 0.414543 0.020733 0.019857
7 0.850938 0.307529 0.017275 0.021971
7 0.943542 0.791193 0.017417 0.017414
5 0.523675 0.456636 0.925050 0.803729
3 0.919100 0.096421 0.132567 0.080671
2 0.522146 0.033693 0.219175 0.031786
1 0.034913 0.449621 0.053708 0.830586
0 0.524962 0.919007 0.931375 0.131700
7 0.100725 0.719064 0.024950 0.023643
7 0.195608 0.169179 0.029550 0.027014
7 0.288525 0.239543 0.031517 0.028143
7 0.380121 0.191700 0.032175 0.033771
7 0.476979 0.788293 0.018392 0.027014
7 0.567925 0.320586 0.028233 0.021400
7 0.662808 0.067314 0.026267 0.023629
7 0.754079 0.607064 0.024958 0.020271
7 0.852771 0.512964 0.017075 0.024757
7 0.944504 0.300886 0.022325 0.029257
8 0.943542 0.907729 0.046117 0.079057
8 0.849975 0.904221 0.043000 0.074243
8 0.756342 0.903957 0.043617 0.073714
8 0.662396 0.905007 0.038742 0.075814
8 0.569521 0.905000 0.040258 0.071629
8 0.474875 0.903486 0.041483 0.071114
8 0.381025 0.903693 0.042700 0.072157
8 0.287296 0.905057 0.043925 0.076343
8 0.194971 0.905264 0.043925 0.076329
8 0.100879 0.908143 0.043008 0.074771
11 0.018804 0.462079 0.017175 0.093900
10 0.524217 0.964129 0.062500 0.029257
9 0.043846 0.817729 0.020625 0.022257
