8 0.195817 0.906829 0.045467 0.074771
7 0.380779 0.601436 0.019042 0.027014
7 0.286554 0.193950 0.031525 0.036014
7 0.194625 0.172000 0.024950 0.028143
7 0.103025 0.141043 0.026917 0.022514
7 0.850400 0.334543 0.017200 0.018000
8 0.474479 0.905621 0.044058 0.071900
8 0.568733 0.902171 0.041517 0.070800
8 0.662142 0.905621 0.040667 0.075529
8 0.381088 0.905579 0.042392 0.081557
8 0.286996 0.905157 0.049775 0.082200
7 0.474879 0.472436 0.020358 0.024757
8 0.101579 0.907357 0.044842 0.076857
11 0.018696 0.458871 0.019592 0.098800
10 0.523579 0.963036 0.065808 0.028814
7 0.945038 0.696579 0.013392 0.017529
8 0.754813 0.907436 0.045542 0.076986
8 0.851408 0.902450 0.043617 0.070043
8 0.941054 0.908607 0.060025 0.084071
7 0.101792 0.640307 0.017017 0.019957
7 0.197567 0.687250 0.017350 0.019957
7 0.289112 0.250343 0.019075 0.024886
7 0.381975 0.110071 0.019100 0.024886
7 0.477279 0.776721 0.018508 0.021500
9 0.041421 0.153650 0.024258 0.031986
9 0.039792 0.263314 0.026150 0.025229
9 0.040517 0.371736 0.021383 0.023814
9 0.040829 0.479979 0.021592 0.022043
9 0.043625 0.590886 0.020133 0.028429
9 0.042383 0.699836 0.023450 0.025957
9 0.044250 0.805586 0.017650 0.024886
5 0.527017 0.452179 0.921333 0.810100
3 0.919408 0.101200 0.138133 0.077486
2 0.522150 0.034457 0.219767 0.037429
1 0.034142 0.454929 0.062483 0.832343
0 0.524729 0.916586 0.928075 0.123629
7 0.568517 0.496936 0.027200 0.022529
7 0.664946 0.837643 0.015825 0.019457
7 0.757675 0.265300 0.017217 0.015600
7 0.943383 0.142621 0.024950 0.038271
7 0.851263 0.564857 0.010508 0.030400
7 0.757233 0.235486 0.022983 0.030400
7 0.663987 0.355364 0.021675 0.027014
7 0.567133 0.660986 0.019700 0.025886
