7 0.757887 0.563843 0.012442 0.016286
7 0.570479 0.466914 0.019192 0.013657
7 0.477479 0.320086 0.019408 0.015771
7 0.383367 0.833800 0.014033 0.018943
7 0.286029 0.105393 0.022992 0.028157
7 0.197042 0.701736 0.017017 0.025071
7 0.101492 0.123650 0.020400 0.020471
7 0.104996 0.509700 0.032175 0.028143
7 0.192329 0.424714 0.033492 0.031514
7 0.291808 0.577236 0.021017 0.025900
7 0.381767 0.358300 0.026267 0.031514
9 0.043979 0.690250 0.018392 0.026214
9 0.044371 0.586093 0.017075 0.026957
9 0.040979 0.481029 0.022275 0.023486
9 0.041200 0.377779 0.024133 0.020014
9 0.040008 0.271879 0.024217 0.024243
9 0.040758 0.167650 0.022883 0.022729
9 0.041638 0.062957 0.024308 0.023629
10 0.523771 0.964671 0.062625 0.030771
11 0.019358 0.461893 0.019600 0.093529
8 0.101417 0.905621 0.040883 0.077329
8 0.194888 0.905257 0.041092 0.069714
8 0.287450 0.906100 0.039183 0.063543
8 0.381750 0.906929 0.042700 0.075371
8 0.475288 0.904093 0.041175 0.070586
8 0.570037 0.906364 0.042092 0.070586
8 0.662358 0.906493 0.037617 0.075386
8 0.756142 0.907150 0.043717 0.074071
8 0.849808 0.906279 0.042950 0.070586
8 0.943062 0.910543 0.046358 0.083143
0 0.524492 0.921429 0.929483 0.133314
1 0.035425 0.454486 0.051650 0.822629
2 0.522000 0.032157 0.216483 0.034857
3 0.916933 0.098543 0.136900 0.076429
5 0.525904 0.453450 0.930992 0.810100
7 0.476650 0.541214 0.019050 0.028143
7 0.571863 0.770286 0.021675 0.036029
7 0.663787 0.520957 0.025608 0.025886
7 0.757033 0.156243 0.024300 0.037143
7 0.851917 0.110093 0.026267 0.032643
7 0.944504 0.474800 0.021008 0.046143
9 0.042792 0.796979 0.019183 0.024243
7 0.850017 0.287307 0.024467 0.020614
7 0.665096 0.693329 0.014925 0.018343
