7 0.101054 0.262057 0.021675 0.028143
1 0.034654 0.448736 0.054225 0.834129
7 0.851971 0.253543 0.023325 0.019543
7 0.944629 0.362229 0.021775 0.019543
9 0.043779 0.778993 0.016975 0.027271
9 0.043408 0.675993 0.015800 0.022900
9 0.044400 0.573679 0.017683 0.024214
7 0.289171 0.834057 0.016608 0.023400
7 0.195292 0.302500 0.017917 0.013571
7 0.101562 0.106107 0.018675 0.026071
9 0.041888 0.468336 0.023125 0.020729
9 0.040242 0.366586 0.022983 0.022429
2 0.521704 0.031643 0.221858 0.043057
3 0.918167 0.099607 0.136900 0.078557
7 0.193312 0.321621 0.023642 0.023814
5 0.524500 0.455157 0.926533 0.802457
9 0.041775 0.060343 0.024817 0.022171
9 0.040912 0.162343 0.021925 0.025143
9 0.040658 0.264136 0.023650 0.024357
7 0.570083 0.625014 0.014933 0.018486
7 0.663675 0.604179 0.014117 0.019557
7 0.757225 0.500236 0.016800 0.019900
0 0.527083 0.917786 0.932783 0.132514
7 0.945354 0.528721 0.021008 0.027014
7 0.851788 0.552921 0.020358 0.021386
7 0.759529 0.543914 0.011825 0.030400
7 0.663329 0.399829 0.026925 0.025886
7 0.569429 0.470750 0.012475 0.032643
7 0.476325 0.523200 0.019700 0.025886
7 0.385246 0.467936 0.017075 0.020271
7 0.286750 0.240550 0.034150 0.024757
7 0.384038 0.579436 0.016175 0.020900
7 0.476967 0.410521 0.020933 0.022614
8 0.943671 0.911593 0.048192 0.089414
8 0.848633 0.906100 0.048683 0.076543
8 0.755763 0.904100 0.043458 0.074943
8 0.660687 0.904471 0.047442 0.075000
8 0.568792 0.902786 0.042750 0.074943
8 0.474267 0.907929 0.043917 0.080000
8 0.381546 0.903486 0.045142 0.071114
8 0.286942 0.904093 0.042200 0.074071
8 0.194892 0.907250 0.040667 0.076614
8 0.101296 0.905136 0.040442 0.074129
11 0.018367 0.460571 0.018933 0.092400
10 0.523579 0.965214 0.064542 0.027943
