5 0.524046 0.449629 0.930242 0.794800
7 0.856842 0.080257 0.040050 0.029257
7 0.759004 0.734829 0.019042 0.025886
7 0.664775 0.374614 0.036767 0.037143
7 0.569567 0.125279 0.026267 0.027014
7 0.475663 0.795050 0.023642 0.024757
7 0.381767 0.341971 0.026267 0.030400
7 0.288854 0.098264 0.025608 0.018014
7 0.194296 0.377993 0.025608 0.034900
7 0.099413 0.066193 0.024958 0.032643
7 0.943558 0.230143 0.018833 0.019543
7 0.852404 0.205907 0.020108 0.019186
7 0.756913 0.777686 0.016592 0.025943
7 0.662150 0.703064 0.015200 0.016643
9 0.041054 0.061200 0.026875 0.024314
7 0.571037 0.630414 0.016425 0.023029
9 0.040554 0.160164 0.025875 0.023471
9 0.040679 0.262329 0.023142 0.023886
9 0.041796 0.361714 0.022392 0.023886
9 0.040679 0.460686 0.022642 0.026457
9 0.044658 0.562636 0.017667 0.026443
9 0.043542 0.663943 0.017417 0.024314
9 0.042421 0.763121 0.017175 0.028157
7 0.944050 0.551821 0.019700 0.028129
3 0.919717 0.099079 0.133800 0.075357
2 0.522446 0.033436 0.219775 0.038443
1 0.032333 0.448293 0.058867 0.833243
0 0.524492 0.916579 0.929483 0.120386
7 0.477808 0.423993 0.020317 0.023100
7 0.382217 0.108836 0.018317 0.021614
7 0.102279 0.542807 0.011408 0.020443
7 0.195942 0.225843 0.016933 0.019857
7 0.289371 0.323986 0.023158 0.017771
10 0.523579 0.963143 0.061225 0.028171
11 0.018696 0.456236 0.019592 0.092014
8 0.101350 0.905993 0.042117 0.074243
8 0.194225 0.903643 0.039383 0.067457
8 0.288471 0.903386 0.041208 0.076343
8 0.380887 0.904164 0.041208 0.070586
8 0.475337 0.904793 0.039958 0.070586
8 0.568467 0.905207 0.040600 0.073729
8 0.663633 0.908086 0.043650 0.074257
8 0.757571 0.904950 0.038158 0.067986
8 0.849075 0.905736 0.042433 0.067443
8 0.944546 0.909914 0.050358 0.077914
