7 0.101054 0.175936 0.020358 0.027014
7 0.289217 0.761871 0.015967 0.017771
7 0.381954 0.460907 0.015725 0.018957
7 0.477975 0.700164 0.019417 0.020900
7 0.571225 0.435721 0.018867 0.022386
7 0.664296 0.496050 0.020342 0.021329
7 0.758408 0.542964 0.015433 0.021329
7 0.851325 0.611221 0.011200 0.023471
7 0.939492 0.391107 0.030483 0.028443
7 0.193642 0.062814 0.022983 0.028143
7 0.288850 0.419079 0.021667 0.027014
7 0.380121 0.341407 0.032175 0.029271
7 0.476192 0.789871 0.021667 0.022514
7 0.569567 0.161864 0.026267 0.032643
7 0.663792 0.208021 0.037433 0.030386
7 0.757692 0.595250 0.022983 0.030386
7 0.848633 0.283443 0.024950 0.037143
7 0.949625 0.099843 0.024300 0.029257
10 0.524217 0.964893 0.062500 0.026414
11 0.018921 0.458121 0.019592 0.095786
8 0.100221 0.907914 0.043192 0.078429
8 0.193733 0.907921 0.045017 0.075929
8 0.287796 0.908236 0.043042 0.078300
8 0.381175 0.903793 0.043483 0.077557
8 0.473362 0.906350 0.044358 0.077557
8 0.571704 0.904843 0.045675 0.066257
8 0.662662 0.907107 0.041725 0.076043
8 0.756263 0.904850 0.043042 0.073786
8 0.848054 0.902964 0.042158 0.073043
8 0.942858 0.911171 0.051000 0.089600
5 0.524417 0.457271 0.928017 0.807543
3 0.917858 0.099079 0.136283 0.081729
2 0.523492 0.032921 0.217683 0.036386
1 0.032850 0.450507 0.055783 0.818186
0 0.523313 0.917793 0.927125 0.127671
9 0.043742 0.763164 0.016450 0.027443
9 0.043371 0.655171 0.018258 0.025629
9 0.045754 0.546364 0.017508 0.022900
9 0.040938 0.434471 0.022275 0.023457
9 0.040404 0.329114 0.021858 0.022543
9 0.040879 0.219764 0.022808 0.021643
9 0.040775 0.111136 0.021117 0.023643
7 0.101658 0.419193 0.018250 0.020614
7 0.196242 0.375571 0.020967 0.016343
