9 0.040304 0.130950 0.024392 0.026443
7 0.946471 0.782664 0.017075 0.027014
7 0.849813 0.363814 0.025608 0.028143
7 0.755392 0.554164 0.023633 0.029271
7 0.662804 0.065057 0.021008 0.039400
7 0.571075 0.440921 0.013133 0.018014
7 0.475667 0.419079 0.021017 0.027014
7 0.377500 0.175943 0.034800 0.031514
7 0.289838 0.212521 0.027575 0.021386
7 0.195283 0.428086 0.027583 0.018000
8 0.567629 0.906914 0.043225 0.074657
8 0.475854 0.905786 0.047575 0.073400
8 0.383179 0.905036 0.043925 0.072157
8 0.287908 0.904536 0.039167 0.069643
8 0.195217 0.905036 0.042867 0.073414
8 0.099525 0.905350 0.045383 0.069014
11 0.018696 0.462829 0.016958 0.092400
10 0.523962 0.964021 0.064025 0.027729
7 0.945008 0.386450 0.024467 0.018843
7 0.850558 0.280879 0.020117 0.018843
7 0.758054 0.323921 0.021775 0.027729
7 0.664979 0.345221 0.019375 0.023700
7 0.569171 0.398543 0.020908 0.017771
7 0.475167 0.177936 0.022900 0.017529
9 0.043292 0.787221 0.020400 0.026014
7 0.289033 0.546786 0.014250 0.017286
7 0.195404 0.524914 0.014692 0.017771
7 0.101937 0.385514 0.021775 0.021029
0 0.524017 0.916986 0.927600 0.122829
1 0.035688 0.449179 0.050108 0.820843
2 0.524537 0.031386 0.216192 0.042543
3 0.917550 0.100671 0.131950 0.082800
5 0.525163 0.452814 0.929508 0.796086
9 0.041550 0.674179 0.020900 0.022614
7 0.100729 0.419079 0.028892 0.027014
8 0.942842 0.910993 0.047950 0.082186
8 0.848779 0.907543 0.043558 0.076543
8 0.756362 0.905979 0.045392 0.074671
8 0.661529 0.904093 0.040625 0.070271
9 0.043792 0.566471 0.017917 0.023886
9 0.040804 0.460471 0.022892 0.024314
9 0.040679 0.347000 0.025625 0.023457
9 0.041800 0.241850 0.024883 0.021329
