9 0.044350 0.694514 0.020667 0.024286
9 0.041433 0.486157 0.026667 0.021000
9 0.040142 0.378871 0.025917 0.026143
8 0.101946 0.905314 0.039342 0.075286
11 0.018808 0.462457 0.019367 0.096171
10 0.524979 0.965000 0.063775 0.031429
9 0.040892 0.068729 0.024583 0.023571
7 0.849038 0.107793 0.023675 0.018957
7 0.757392 0.688957 0.015967 0.018486
7 0.663396 0.777686 0.016175 0.027371
7 0.570300 0.412293 0.019717 0.016700
7 0.287867 0.205200 0.019700 0.033771
7 0.195937 0.765221 0.023642 0.028129
0 0.524729 0.919000 0.929958 0.130086
1 0.034912 0.443871 0.052675 0.827914
2 0.522150 0.032914 0.220367 0.035371
3 0.921571 0.097486 0.131325 0.084914
5 0.522929 0.454093 0.930992 0.808814
7 0.476979 0.404971 0.022808 0.019914
7 0.382725 0.750671 0.013917 0.020971
7 0.289408 0.742671 0.013917 0.023457
7 0.948442 0.656593 0.018383 0.029271
7 0.849946 0.238971 0.021008 0.033771
9 0.038804 0.277371 0.025258 0.024571
9 0.040975 0.171871 0.028250 0.025571
7 0.102037 0.564850 0.023642 0.021386
7 0.756704 0.528271 0.018392 0.036029
7 0.665104 0.402193 0.030858 0.036014
7 0.568250 0.699936 0.019700 0.034900
7 0.474679 0.160743 0.017725 0.034886
7 0.381304 0.637914 0.022325 0.022514
8 0.195887 0.907150 0.042392 0.084186
8 0.288821 0.903279 0.040992 0.069643
8 0.382721 0.905664 0.042858 0.070900
8 0.473896 0.904779 0.042125 0.071529
8 0.572483 0.903750 0.045750 0.073729
8 0.662758 0.904536 0.039650 0.069014
8 0.757467 0.906364 0.041183 0.073729
8 0.850950 0.907929 0.046967 0.071629
8 0.943429 0.911114 0.048675 0.080314
7 0.196833 0.835100 0.013683 0.018486
7 0.101242 0.272943 0.020733 0.026371
9 0.043721 0.800729 0.016592 0.029000
9 0.045125 0.589357 0.014917 0.032429
