9 0.043279 0.662229 0.018458 0.025743
7 0.945488 0.237286 0.024292 0.034886
9 0.041242 0.061950 0.023800 0.024214
9 0.040800 0.159693 0.021383 0.024643
9 0.041437 0.261464 0.022908 0.023557
9 0.040417 0.362036 0.024183 0.024871
9 0.041754 0.462929 0.024308 0.023343
9 0.044617 0.564707 0.018833 0.023557
9 0.043788 0.763779 0.019475 0.030757
7 0.102279 0.613629 0.015842 0.023943
7 0.196887 0.805386 0.013825 0.018371
7 0.288546 0.658686 0.013392 0.021229
7 0.382737 0.371736 0.016592 0.023100
7 0.477083 0.814150 0.015200 0.019843
7 0.568667 0.490229 0.018317 0.027257
7 0.662929 0.669150 0.016075 0.024300
7 0.758429 0.675493 0.016258 0.020443
7 0.850229 0.258514 0.019492 0.019914
5 0.525904 0.455364 0.930992 0.801186
3 0.918479 0.096421 0.131325 0.080671
2 0.522896 0.032664 0.221258 0.043043
1 0.034138 0.448736 0.054225 0.830586
0 0.524725 0.916586 0.924300 0.123629
7 0.099083 0.457350 0.022983 0.029271
7 0.193967 0.062814 0.031517 0.028143
7 0.287867 0.177629 0.021017 0.023629
7 0.382096 0.682486 0.020358 0.029257
7 0.475663 0.349293 0.022325 0.036014
7 0.569896 0.730893 0.019042 0.029271
7 0.663787 0.464671 0.025608 0.028143
7 0.758017 0.090950 0.023633 0.030386
7 0.848633 0.792243 0.022333 0.028143
8 0.943862 0.906929 0.043492 0.078857
8 0.849250 0.907107 0.039650 0.074071
8 0.755763 0.905800 0.040242 0.072257
8 0.662000 0.903686 0.037417 0.069000
8 0.569688 0.904164 0.042575 0.066814
8 0.474800 0.905621 0.042150 0.072614
8 0.381883 0.906407 0.040250 0.072014
8 0.287008 0.905350 0.040067 0.069900
8 0.194958 0.905193 0.040950 0.068986
8 0.101575 0.905364 0.040483 0.072614
11 0.018917 0.460000 0.017833 0.092029
10 0.523704 0.965221 0.065042 0.027071
