2 0.522446 0.032414 0.214992 0.035371
3 0.916933 0.096957 0.136900 0.079600
8 0.943217 0.911286 0.046767 0.084086
8 0.850646 0.905479 0.045392 0.072786
8 0.288337 0.907586 0.040925 0.074943
8 0.381242 0.907800 0.041683 0.078857
8 0.473579 0.906314 0.045475 0.071629
7 0.945604 0.272664 0.021792 0.022757
8 0.195008 0.904100 0.040417 0.066229
8 0.101725 0.908014 0.039400 0.073200
11 0.018371 0.461321 0.020692 0.096929
10 0.523833 0.966414 0.062250 0.032086
7 0.757279 0.835186 0.013308 0.019857
7 0.944042 0.201157 0.023633 0.033771
7 0.852246 0.552471 0.021675 0.039400
7 0.755717 0.340850 0.016417 0.034900
7 0.661492 0.401071 0.024950 0.029257
7 0.569433 0.482564 0.016417 0.047271
7 0.476192 0.395893 0.021667 0.029271
7 0.381108 0.501250 0.014450 0.040529
7 0.287212 0.254729 0.027575 0.022514
7 0.193312 0.067314 0.031525 0.034886
7 0.100400 0.757336 0.022983 0.021386
8 0.755787 0.904529 0.043925 0.070057
7 0.664054 0.768086 0.011058 0.020143
7 0.569471 0.385207 0.021375 0.018129
7 0.475550 0.798957 0.019433 0.019200
7 0.382983 0.721957 0.017933 0.024743
7 0.287867 0.342050 0.020400 0.021329
7 0.195167 0.153721 0.022417 0.021757
7 0.101242 0.160979 0.020400 0.022614
8 0.570471 0.907800 0.039392 0.074514
8 0.662458 0.905836 0.041483 0.078957
0 0.525200 0.917793 0.930900 0.129271
1 0.032588 0.455364 0.058358 0.801386
5 0.523054 0.454521 0.925792 0.806271
7 0.850633 0.271950 0.020133 0.020614
9 0.040225 0.131364 0.023067 0.028329
9 0.040313 0.236807 0.022358 0.028643
9 0.041288 0.342093 0.020942 0.021043
9 0.040846 0.447543 0.022358 0.020743
9 0.045046 0.551807 0.016975 0.027271
9 0.043083 0.659521 0.016233 0.023271
9 0.044054 0.766000 0.019625 0.024543
