10 0.523004 0.964343 0.061858 0.028371
7 0.569704 0.462679 0.023508 0.017786
7 0.662671 0.283014 0.023158 0.021629
7 0.757367 0.113136 0.020050 0.021329
7 0.852108 0.168050 0.020217 0.018071
7 0.945200 0.455564 0.023500 0.023700
7 0.668583 0.695314 0.016417 0.045029
8 0.942496 0.907921 0.049808 0.087214
7 0.943517 0.744393 0.022983 0.038271
7 0.850804 0.483129 0.028892 0.028143
7 0.759529 0.715579 0.021008 0.024757
3 0.916313 0.097486 0.135658 0.078543
5 0.523675 0.453450 0.928017 0.802443
7 0.102696 0.491121 0.024958 0.018014
7 0.193638 0.354357 0.025608 0.016886
7 0.288525 0.162993 0.021017 0.034900
7 0.377367 0.424593 0.030200 0.032643
7 0.476192 0.413343 0.036117 0.016886
7 0.569562 0.320586 0.023642 0.039400
7 0.101333 0.518221 0.021600 0.022214
8 0.853025 0.906100 0.052333 0.069029
8 0.758383 0.907671 0.042400 0.069029
8 0.661850 0.903879 0.040667 0.076243
8 0.566992 0.905314 0.042700 0.080000
8 0.475029 0.907586 0.039142 0.069714
8 0.380987 0.904536 0.040158 0.070586
9 0.041121 0.130793 0.025108 0.026300
9 0.040600 0.239571 0.023667 0.023457
9 0.041225 0.346214 0.025317 0.024886
9 0.041117 0.457121 0.024283 0.022043
9 0.041742 0.566250 0.023033 0.024871
9 0.044038 0.673757 0.019408 0.023457
9 0.043538 0.783600 0.018908 0.024743
7 0.194729 0.285686 0.020742 0.021629
8 0.288213 0.905186 0.041175 0.071029
8 0.194254 0.907921 0.041308 0.073843
8 0.103608 0.902393 0.041533 0.075529
0 0.524725 0.917793 0.929017 0.121214
1 0.033708 0.454043 0.055083 0.830571
2 0.524537 0.030614 0.216192 0.042029
11 0.018808 0.460943 0.024650 0.090886
7 0.288388 0.732007 0.014725 0.019186
7 0.381525 0.827929 0.015900 0.023114
7 0.477592 0.841921 0.016433 0.018986
