8 0.944104 0.908893 0.044992 0.086271
10 0.523642 0.964557 0.064150 0.029257
7 0.194763 0.121657 0.021975 0.017057
7 0.288271 0.233743 0.022208 0.025943
7 0.382337 0.559250 0.018008 0.019214
7 0.478033 0.418393 0.018833 0.023414
11 0.019467 0.460379 0.017617 0.092786
0 0.524725 0.916586 0.929017 0.123629
1 0.035425 0.455814 0.051650 0.828800
2 0.522150 0.033171 0.220967 0.035886
3 0.916004 0.096429 0.138758 0.084914
5 0.524787 0.452179 0.928758 0.804986
7 0.945096 0.368243 0.017942 0.019629
8 0.101225 0.907621 0.044867 0.079471
7 0.570225 0.543993 0.015900 0.018071
7 0.945162 0.276686 0.022325 0.037143
7 0.850929 0.792236 0.019042 0.032643
7 0.756375 0.730893 0.024300 0.040529
7 0.659062 0.474686 0.027575 0.036029
7 0.569567 0.654907 0.026267 0.025900
7 0.665263 0.332486 0.017975 0.025171
7 0.758229 0.106914 0.017625 0.015400
8 0.196388 0.906050 0.042425 0.081557
7 0.099342 0.361221 0.024533 0.028729
7 0.851346 0.552564 0.016175 0.021757
9 0.044329 0.821836 0.019742 0.029129
9 0.044904 0.732843 0.017725 0.028886
9 0.044183 0.644214 0.022050 0.028886
9 0.044325 0.552014 0.019167 0.023200
9 0.041092 0.461786 0.022767 0.034314
9 0.039996 0.375557 0.026625 0.024286
9 0.041550 0.286836 0.024550 0.026957
9 0.041812 0.195300 0.023692 0.023400
9 0.041117 0.105843 0.022650 0.022229
8 0.287971 0.905621 0.042225 0.074500
8 0.384746 0.904271 0.044225 0.075829
8 0.475433 0.903807 0.043850 0.076243
8 0.569371 0.903621 0.040242 0.074443
8 0.661388 0.904743 0.040775 0.075343
8 0.757563 0.902721 0.044692 0.075529
8 0.848746 0.906707 0.044058 0.075529
7 0.473367 0.685864 0.026917 0.031529
7 0.382750 0.163557 0.029550 0.020257
7 0.287208 0.747214 0.024950 0.028143
7 0.195283 0.219836 0.026267 0.029271
7 0.103025 0.129229 0.033483 0.037143
