8 0.850163 0.902471 0.041658 0.069600
8 0.945863 0.909064 0.048925 0.081700
9 0.042942 0.765207 0.021383 0.029157
9 0.043979 0.654121 0.016408 0.029500
9 0.045217 0.548371 0.019700 0.026314
9 0.041388 0.444571 0.022008 0.024886
9 0.041179 0.337214 0.023242 0.024171
9 0.040663 0.233414 0.026358 0.024171
9 0.039242 0.128764 0.024467 0.026300
7 0.853233 0.425836 0.019700 0.031529
7 0.759333 0.315521 0.031517 0.027014
7 0.662675 0.200029 0.022983 0.033771
7 0.378679 0.299086 0.027575 0.033771
7 0.944433 0.374914 0.024300 0.014171
5 0.525533 0.454729 0.933217 0.810086
3 0.916933 0.096429 0.136900 0.078543
2 0.522896 0.032664 0.223058 0.034871
1 0.034654 0.450507 0.055258 0.823500
0 0.524258 0.919007 0.930900 0.128471
7 0.946271 0.363614 0.017925 0.014000
7 0.850762 0.363000 0.019875 0.021029
7 0.756671 0.134164 0.024192 0.019557
7 0.663808 0.345607 0.017000 0.021329
7 0.570975 0.711550 0.011967 0.019186
7 0.477292 0.798143 0.019683 0.017486
7 0.382733 0.628157 0.015200 0.017914
7 0.288367 0.836236 0.018417 0.021757
7 0.194658 0.207864 0.019700 0.018129
7 0.101554 0.645271 0.015558 0.017771
7 0.570417 0.372257 0.023633 0.024771
7 0.476650 0.161871 0.032183 0.037143
7 0.099412 0.065621 0.028892 0.018014
7 0.193967 0.547971 0.024950 0.025886
7 0.289512 0.426400 0.019042 0.025886
10 0.523388 0.965543 0.063892 0.032086
11 0.019246 0.460186 0.022008 0.094657
8 0.101046 0.905850 0.043958 0.073414
8 0.193646 0.908043 0.043958 0.077800
8 0.288438 0.903657 0.041758 0.076543
8 0.383437 0.905793 0.041358 0.072157
8 0.474392 0.904214 0.037333 0.077800
8 0.569367 0.904900 0.043633 0.074800
8 0.660767 0.904350 0.040033 0.075157
8 0.757563 0.904714 0.039608 0.075171
