8 0.381238 0.905579 0.045142 0.069014
8 0.475000 0.903486 0.042400 0.071629
8 0.569704 0.903221 0.039658 0.069014
8 0.660488 0.907214 0.040158 0.076657
7 0.664317 0.486507 0.027583 0.043900
7 0.566279 0.203514 0.035458 0.028143
7 0.475337 0.327343 0.025608 0.050657
7 0.384721 0.124157 0.036108 0.031514
7 0.288196 0.556979 0.020358 0.023643
7 0.195608 0.724693 0.015100 0.032643
7 0.102367 0.082507 0.030867 0.024757
9 0.044400 0.800500 0.018850 0.025771
9 0.044142 0.690150 0.017300 0.023700
9 0.044833 0.582321 0.017983 0.025471
7 0.946667 0.681807 0.024950 0.036014
9 0.041808 0.472579 0.026117 0.022214
9 0.040858 0.365636 0.024900 0.022214
9 0.041462 0.258107 0.025075 0.026357
9 0.039563 0.148943 0.026808 0.024886
1 0.034396 0.452271 0.053708 0.834114
2 0.522896 0.034971 0.219475 0.034343
0 0.524962 0.922236 0.927608 0.134929
7 0.758883 0.468600 0.022600 0.018486
7 0.851154 0.308393 0.017425 0.022214
7 0.943383 0.264450 0.023617 0.032586
7 0.848175 0.196650 0.030200 0.024757
7 0.756246 0.282764 0.036775 0.046157
3 0.919717 0.097486 0.132567 0.074314
5 0.523675 0.448357 0.928017 0.794800
8 0.943533 0.911250 0.045967 0.081700
8 0.848750 0.904529 0.040667 0.078429
7 0.664050 0.720379 0.014683 0.020900
7 0.571163 0.457229 0.023142 0.019629
7 0.477113 0.146786 0.019725 0.020971
7 0.383375 0.202779 0.018450 0.017786
7 0.290479 0.247564 0.025925 0.021329
7 0.101792 0.107507 0.020133 0.020614
7 0.197563 0.836871 0.017625 0.019914
8 0.757421 0.906836 0.042508 0.075386
10 0.523771 0.966529 0.063642 0.032314
11 0.018917 0.457179 0.020917 0.085614
8 0.101408 0.907193 0.043600 0.076243
8 0.194679 0.905400 0.040158 0.076686
8 0.286675 0.905750 0.041967 0.078871
