9 0.040425 0.123464 0.023000 0.026071
7 0.758875 0.455393 0.019700 0.025071
7 0.101850 0.208814 0.016767 0.018371
7 0.195071 0.836871 0.017625 0.018486
10 0.523833 0.964121 0.068600 0.033186
11 0.019467 0.460379 0.017617 0.089014
8 0.100879 0.904743 0.045442 0.083143
8 0.196804 0.903436 0.046975 0.075300
8 0.290437 0.901343 0.042092 0.078429
8 0.379271 0.907979 0.048508 0.086786
8 0.476038 0.906271 0.040475 0.069714
8 0.569975 0.904643 0.040683 0.070800
8 0.662371 0.906307 0.039275 0.072357
8 0.756521 0.907014 0.040425 0.067171
8 0.850125 0.906714 0.045533 0.073343
8 0.942579 0.910193 0.046008 0.082786
5 0.525533 0.450271 0.930250 0.801171
3 0.918788 0.096950 0.138142 0.073243
2 0.520804 0.032921 0.223058 0.036386
1 0.033621 0.450950 0.055258 0.822614
0 0.524729 0.919007 0.929958 0.131700
9 0.045092 0.776500 0.019200 0.024000
9 0.042750 0.667671 0.016767 0.018371
9 0.044312 0.558479 0.015225 0.020443
9 0.041117 0.451693 0.022650 0.025471
9 0.040167 0.341050 0.023167 0.023986
9 0.041462 0.233071 0.026108 0.025486
7 0.945550 0.217200 0.019100 0.020914
7 0.850850 0.400800 0.023100 0.020229
7 0.757875 0.431071 0.018083 0.016143
7 0.663967 0.442829 0.021600 0.017771
7 0.570567 0.810307 0.012783 0.016300
7 0.478033 0.309707 0.025050 0.017729
7 0.383167 0.366464 0.018150 0.021614
7 0.288558 0.404621 0.017967 0.021929
7 0.102037 0.162993 0.023642 0.032643
7 0.195808 0.122914 0.028233 0.028143
7 0.291808 0.085329 0.034150 0.028143
7 0.382946 0.242243 0.026925 0.037143
7 0.476321 0.693743 0.023642 0.033771
7 0.568579 0.103893 0.026925 0.038271
7 0.663462 0.648721 0.015758 0.038271
7 0.848308 0.062243 0.022983 0.031514
7 0.942858 0.396564 0.022983 0.038271
