5 0.525533 0.451543 0.931733 0.793543
8 0.288821 0.905479 0.040992 0.072786
8 0.195458 0.908507 0.040867 0.065357
8 0.100908 0.904850 0.043317 0.068500
11 0.017046 0.460000 0.020692 0.092771
10 0.524804 0.962814 0.061892 0.026200
7 0.476542 0.491321 0.013483 0.021329
7 0.569421 0.260579 0.017675 0.023043
7 0.759404 0.721057 0.019408 0.023457
7 0.851596 0.334379 0.022642 0.019614
8 0.941946 0.911243 0.047875 0.080971
9 0.040308 0.064443 0.024583 0.024429
9 0.040558 0.156371 0.024583 0.027714
7 0.945488 0.567664 0.019042 0.038271
9 0.041100 0.248300 0.024333 0.021857
7 0.101971 0.566893 0.014725 0.016700
7 0.383046 0.609550 0.017008 0.024529
7 0.288187 0.269571 0.023875 0.024171
7 0.193821 0.245343 0.019308 0.017029
7 0.103683 0.789986 0.022983 0.019143
7 0.191017 0.671793 0.022983 0.030386
7 0.289512 0.400507 0.025608 0.028129
7 0.379467 0.075193 0.029550 0.032643
7 0.479933 0.148921 0.026917 0.029271
9 0.040517 0.338014 0.024667 0.023857
9 0.041462 0.430807 0.024125 0.025757
7 0.568579 0.526586 0.017725 0.028143
9 0.043767 0.522236 0.017233 0.023471
9 0.043938 0.615400 0.017942 0.024086
9 0.044821 0.705843 0.017058 0.022257
9 0.044208 0.798271 0.019000 0.025914
8 0.851867 0.906364 0.039650 0.070586
8 0.757163 0.907929 0.041175 0.074771
8 0.662458 0.905579 0.041483 0.074243
8 0.569004 0.902964 0.042825 0.077814
8 0.474208 0.904221 0.038433 0.072786
8 0.382612 0.906364 0.039342 0.072671
7 0.665958 0.114479 0.022983 0.029271
7 0.759333 0.123036 0.026267 0.027014
7 0.848175 0.088586 0.032833 0.029257
0 0.525433 0.919000 0.928550 0.126857
7 0.945742 0.338600 0.020683 0.021743
1 0.033367 0.446521 0.054750 0.827929
2 0.523192 0.030871 0.217083 0.037429
3 0.918788 0.098550 0.135658 0.087043
