8 0.100783 0.906571 0.042700 0.068486
7 0.569617 0.572364 0.015000 0.015214
7 0.474808 0.629307 0.015550 0.020729
7 0.383296 0.391293 0.017708 0.018757
7 0.290058 0.380229 0.020733 0.022714
7 0.196300 0.662779 0.015717 0.022014
1 0.036717 0.450057 0.051133 0.815543
0 0.526138 0.919814 0.929958 0.130086
3 0.918167 0.100671 0.133183 0.070057
2 0.525729 0.031636 0.217975 0.037929
7 0.944383 0.640357 0.012850 0.017286
9 0.041721 0.121393 0.025242 0.027243
9 0.041204 0.229079 0.022475 0.024586
9 0.041292 0.334536 0.023000 0.020443
9 0.040512 0.442507 0.024558 0.024300
9 0.044658 0.547221 0.015917 0.022214
9 0.042500 0.654457 0.018167 0.024000
9 0.043625 0.760650 0.017300 0.023700
7 0.101713 0.080821 0.030858 0.037157
7 0.943188 0.441600 0.022325 0.033771
7 0.850650 0.837043 0.015550 0.023943
5 0.524417 0.452179 0.929500 0.804986
7 0.102837 0.810514 0.020308 0.019457
7 0.192654 0.282314 0.023642 0.041657
7 0.289375 0.068329 0.026267 0.031514
7 0.381108 0.536150 0.026267 0.022500
7 0.474350 0.282879 0.031517 0.036014
7 0.570221 0.297507 0.038092 0.029271
7 0.663133 0.456793 0.016417 0.043900
7 0.755258 0.677871 0.016417 0.057400
7 0.853429 0.355371 0.024958 0.022514
10 0.522625 0.965757 0.063133 0.030343
11 0.018700 0.459436 0.014317 0.090900
7 0.663879 0.160521 0.019442 0.020986
8 0.192288 0.903171 0.040258 0.067971
8 0.287450 0.905786 0.043317 0.076343
8 0.381850 0.906307 0.040567 0.069014
8 0.475221 0.907614 0.043425 0.075886
8 0.568692 0.904536 0.045500 0.077557
8 0.662229 0.905836 0.042958 0.070586
8 0.756842 0.904350 0.042817 0.072986
8 0.848854 0.907079 0.043425 0.075529
8 0.944358 0.910414 0.053117 0.084086
7 0.757100 0.146486 0.017800 0.020400
