7 0.381425 0.106586 0.021750 0.023457
7 0.196629 0.227593 0.022325 0.022957
7 0.101088 0.290179 0.022175 0.022214
0 0.524258 0.919000 0.929017 0.130086
1 0.035688 0.450500 0.055258 0.837657
2 0.524238 0.030357 0.217375 0.041514
3 0.920646 0.099079 0.135658 0.081729
5 0.525904 0.450907 0.930992 0.802443
9 0.040796 0.072821 0.026208 0.024929
9 0.041154 0.172550 0.022608 0.032329
9 0.042225 0.276729 0.024500 0.027400
9 0.040433 0.378800 0.022900 0.026657
9 0.041513 0.483586 0.024775 0.025914
9 0.044171 0.584679 0.016858 0.027643
9 0.042521 0.690950 0.019292 0.025929
10 0.523579 0.964236 0.064025 0.029900
11 0.018479 0.458686 0.018708 0.096171
8 0.099962 0.907164 0.046425 0.072614
8 0.194163 0.905350 0.044658 0.073529
8 0.286508 0.907471 0.044133 0.075143
8 0.381454 0.905829 0.042508 0.079429
8 0.476229 0.905957 0.042892 0.071714
8 0.569863 0.905343 0.043425 0.075343
8 0.663062 0.903379 0.039542 0.072614
8 0.755658 0.909614 0.048083 0.080600
8 0.850762 0.905443 0.042575 0.073714
8 0.943958 0.910164 0.046383 0.080243
9 0.044329 0.790729 0.016575 0.024200
7 0.105650 0.527143 0.030867 0.042771
7 0.196267 0.644214 0.021667 0.036029
7 0.282612 0.637457 0.030208 0.045029
7 0.381108 0.334093 0.026267 0.032643
7 0.478621 0.661100 0.026925 0.031514
7 0.571208 0.067314 0.036117 0.034886
7 0.665104 0.142729 0.030858 0.028143
7 0.757033 0.200136 0.028233 0.046157
7 0.850604 0.500129 0.011825 0.033771
7 0.945162 0.791679 0.022325 0.038271
7 0.946242 0.749386 0.013917 0.017486
7 0.850800 0.581486 0.016000 0.017829
7 0.756321 0.816400 0.019408 0.018943
7 0.664150 0.163971 0.018500 0.014229
7 0.570050 0.285386 0.022467 0.021029
7 0.474925 0.497929 0.018833 0.019543
7 0.290996 0.374307 0.022608 0.022214
