9 0.041204 0.358764 0.024942 0.026843
9 0.040629 0.460643 0.022525 0.023771
9 0.043942 0.563071 0.019733 0.024000
9 0.044133 0.663314 0.019350 0.028571
9 0.042542 0.762686 0.017950 0.027057
10 0.524787 0.963907 0.064658 0.030557
11 0.018808 0.460757 0.016733 0.095800
8 0.101354 0.905600 0.045242 0.074543
8 0.194358 0.905821 0.041767 0.075300
8 0.286587 0.902807 0.043525 0.073786
8 0.380142 0.904321 0.046167 0.082814
8 0.474575 0.905450 0.041767 0.076043
8 0.571308 0.905221 0.045233 0.070786
8 0.661454 0.905443 0.038692 0.079057
8 0.756654 0.907857 0.044358 0.080571
8 0.852075 0.907707 0.045717 0.082071
8 0.942333 0.905443 0.050550 0.079057
7 0.943521 0.349286 0.025608 0.033771
2 0.524983 0.031643 0.210517 0.039971
0 0.525671 0.920621 0.929958 0.133329
7 0.850762 0.489636 0.015725 0.021929
7 0.758675 0.264207 0.019700 0.020614
7 0.664325 0.379593 0.018667 0.031129
7 0.570667 0.373200 0.018167 0.024743
7 0.475117 0.105521 0.021150 0.020043
7 0.380867 0.606150 0.014517 0.021643
7 0.102175 0.263850 0.020533 0.020614
7 0.194762 0.768621 0.016175 0.020614
7 0.288800 0.736950 0.017000 0.023814
9 0.041079 0.058643 0.027642 0.028543
9 0.042025 0.156457 0.025017 0.026600
9 0.039679 0.259714 0.025458 0.026829
1 0.034654 0.450507 0.050108 0.827043
3 0.919408 0.096429 0.128233 0.078543
5 0.524417 0.452179 0.926533 0.804986
7 0.663792 0.528829 0.021667 0.028143
7 0.101712 0.400507 0.025608 0.032643
7 0.192329 0.146107 0.026925 0.030386
7 0.290492 0.225471 0.018383 0.031514
7 0.381763 0.513079 0.022325 0.023643
7 0.474875 0.477500 0.021667 0.019143
7 0.569433 0.792686 0.016417 0.019143
7 0.758217 0.651414 0.021017 0.024771
7 0.851587 0.097700 0.026925 0.028143
