7 0.194954 0.098264 0.022975 0.029271
7 0.100808 0.268500 0.022983 0.019857
7 0.289679 0.200364 0.022292 0.024586
7 0.384279 0.264057 0.019025 0.017771
7 0.476471 0.334707 0.022658 0.022214
7 0.570654 0.831636 0.013992 0.017471
7 0.664383 0.626607 0.013650 0.014814
7 0.756412 0.815343 0.011925 0.018657
7 0.849554 0.262279 0.022642 0.024586
7 0.945717 0.232514 0.020383 0.022514
9 0.040679 0.269586 0.027125 0.030714
9 0.040058 0.367693 0.024883 0.031557
9 0.041300 0.469000 0.024383 0.028571
9 0.043913 0.567964 0.018658 0.026014
9 0.043788 0.670129 0.016925 0.029000
9 0.043417 0.772507 0.020650 0.026443
0 0.524492 0.919814 0.929483 0.126857
1 0.033621 0.450950 0.056292 0.826157
2 0.523792 0.032921 0.220667 0.037414
3 0.916313 0.095357 0.134425 0.084914
5 0.526646 0.451543 0.930992 0.801171
7 0.945158 0.097707 0.024950 0.019129
7 0.847975 0.768036 0.024950 0.024757
7 0.755721 0.294136 0.026925 0.036014
7 0.664117 0.788857 0.018383 0.025886
7 0.566937 0.583421 0.024958 0.038271
7 0.478950 0.102214 0.031517 0.028143
7 0.379796 0.324521 0.026258 0.029271
7 0.289183 0.124157 0.026267 0.022514
7 0.101713 0.588493 0.021675 0.025900
9 0.039658 0.063507 0.026133 0.025586
9 0.039433 0.164643 0.025633 0.024743
8 0.944483 0.908236 0.047783 0.089329
8 0.851717 0.906886 0.041783 0.069543
8 0.758383 0.906629 0.040567 0.078429
8 0.661996 0.904271 0.041175 0.074771
8 0.571258 0.903743 0.042700 0.071629
8 0.473887 0.904536 0.043975 0.074071
8 0.383188 0.903443 0.039825 0.069714
8 0.288467 0.906057 0.039150 0.074514
8 0.195946 0.904750 0.041175 0.070157
8 0.101904 0.903807 0.039392 0.070443
11 0.017600 0.458679 0.019150 0.093157
10 0.524467 0.963579 0.064533 0.030357
