7 0.290262 0.669436 0.016358 0.015129
7 0.101867 0.820664 0.015183 0.020471
7 0.196025 0.537721 0.014683 0.020471
7 0.289867 0.650000 0.013200 0.018914
7 0.382796 0.287529 0.019008 0.018514
7 0.475787 0.836079 0.010192 0.018071
7 0.570783 0.756464 0.012250 0.013729
7 0.664104 0.273164 0.022892 0.023471
7 0.756913 0.608836 0.015758 0.020271
7 0.850246 0.110021 0.017792 0.022814
7 0.946858 0.493307 0.017417 0.016700
8 0.943537 0.909136 0.048225 0.082614
8 0.849121 0.908457 0.043308 0.076857
8 0.755942 0.905843 0.043617 0.077914
8 0.660917 0.905164 0.042733 0.073729
8 0.569738 0.905314 0.039042 0.067457
8 0.474558 0.905943 0.045167 0.076343
8 0.381833 0.905686 0.045783 0.071629
8 0.286062 0.904636 0.044558 0.073729
8 0.194867 0.904900 0.047000 0.074257
8 0.100942 0.907407 0.048800 0.071643
11 0.018371 0.458871 0.022892 0.095029
10 0.523008 0.964786 0.064917 0.031000
7 0.101579 0.649171 0.022325 0.022514
7 0.193967 0.143857 0.026267 0.021400
7 0.383933 0.545043 0.022333 0.032657
7 0.478817 0.449364 0.015100 0.041643
7 0.569562 0.735386 0.023642 0.033771
7 0.663004 0.683500 0.015758 0.025886
7 0.757558 0.713329 0.017067 0.024771
7 0.850475 0.366629 0.028233 0.042771
7 0.942533 0.783229 0.017067 0.039400
0 0.524017 0.919814 0.927600 0.133314
1 0.033883 0.454043 0.052683 0.825257
2 0.524388 0.030100 0.224842 0.035886
3 0.919404 0.099079 0.134425 0.079614
5 0.526646 0.450907 0.925042 0.799900
9 0.043142 0.772814 0.017417 0.029143
9 0.041896 0.662086 0.020742 0.028800
9 0.044592 0.555621 0.019900 0.029157
9 0.040550 0.441871 0.023017 0.024171
9 0.041479 0.335050 0.025708 0.033071
9 0.040446 0.225207 0.026542 0.028786
9 0.040692 0.114907 0.027367 0.028443
