9 0.044154 0.535714 0.016592 0.024171
7 0.852712 0.530993 0.019075 0.018129
7 0.664900 0.410400 0.020000 0.017486
7 0.570137 0.483907 0.012092 0.020729
7 0.476479 0.539400 0.015725 0.019543
7 0.382917 0.335121 0.019200 0.018357
7 0.101775 0.363321 0.018867 0.021471
7 0.756475 0.208786 0.021600 0.020971
10 0.523771 0.965000 0.063642 0.031429
11 0.018371 0.458307 0.021575 0.096157
7 0.944992 0.806657 0.014933 0.018486
9 0.041150 0.100614 0.028000 0.032714
9 0.042292 0.210814 0.024467 0.019200
7 0.289650 0.709200 0.013900 0.016457
7 0.195417 0.836371 0.015550 0.014514
7 0.101646 0.722336 0.026925 0.036014
7 0.193575 0.610893 0.020350 0.029271
7 0.290100 0.777493 0.019050 0.029271
7 0.382358 0.161757 0.026267 0.022514
7 0.479867 0.158379 0.024300 0.033757
7 0.568183 0.065514 0.032833 0.028143
7 0.664708 0.443171 0.019700 0.024771
7 0.759592 0.304714 0.028233 0.031514
7 0.854475 0.410529 0.026267 0.033771
7 0.947392 0.600200 0.021667 0.032657
0 0.526613 0.917393 0.929958 0.125243
1 0.036204 0.459793 0.059392 0.847386
2 0.523942 0.033943 0.219767 0.037429
3 0.919096 0.095364 0.131325 0.082786
5 0.525904 0.450907 0.930992 0.797357
9 0.041254 0.319229 0.023642 0.023457
9 0.042083 0.425693 0.024883 0.023100
9 0.043950 0.646979 0.018667 0.025586
9 0.045921 0.754507 0.021775 0.024529
8 0.944833 0.910429 0.057783 0.095686
8 0.848962 0.907050 0.049908 0.077671
8 0.756708 0.904243 0.047933 0.076543
8 0.661492 0.905929 0.041367 0.075429
8 0.570550 0.905364 0.047283 0.069786
8 0.475667 0.906493 0.053183 0.083300
8 0.383738 0.906493 0.050558 0.074300
8 0.288196 0.905364 0.051225 0.078786
8 0.194625 0.905371 0.051867 0.076543
8 0.103354 0.908743 0.055808 0.083286
