7 0.571933 0.835679 0.013967 0.018271
7 0.476971 0.436514 0.019875 0.021714
7 0.381500 0.641036 0.016417 0.020986
7 0.287871 0.559107 0.016242 0.024586
7 0.195808 0.266671 0.015983 0.019743
7 0.101138 0.148314 0.021358 0.024171
7 0.103025 0.685864 0.022983 0.027014
7 0.193312 0.062807 0.028892 0.030386
7 0.286883 0.415707 0.028233 0.029271
7 0.381438 0.615507 0.032175 0.019129
7 0.475008 0.381936 0.026267 0.031529
7 0.570550 0.460729 0.015100 0.022514
7 0.665104 0.661657 0.020358 0.037143
7 0.757229 0.547293 0.019042 0.034900
7 0.855067 0.524779 0.021667 0.046157
7 0.942858 0.352664 0.021667 0.029271
10 0.522113 0.966636 0.063642 0.027300
11 0.019029 0.460007 0.017175 0.093529
0 0.524725 0.917386 0.930900 0.126857
1 0.036200 0.450943 0.052167 0.831457
2 0.526033 0.032664 0.216783 0.035871
3 0.916621 0.099079 0.138758 0.083843
9 0.043867 0.766221 0.015917 0.029329
9 0.043867 0.668764 0.016950 0.021614
9 0.044996 0.566064 0.014692 0.019557
9 0.042383 0.463450 0.023867 0.023814
9 0.040517 0.363386 0.024283 0.029857
9 0.041450 0.261186 0.024067 0.027371
9 0.040725 0.162893 0.023033 0.027014
9 0.041033 0.060514 0.025317 0.024171
8 0.942204 0.909864 0.051225 0.092300
8 0.850275 0.902550 0.039400 0.084414
8 0.757033 0.904236 0.047283 0.083300
8 0.663792 0.904800 0.045967 0.082171
8 0.568579 0.906493 0.049908 0.081043
8 0.474025 0.906493 0.051217 0.081043
8 0.379796 0.904243 0.046625 0.078800
8 0.286550 0.904257 0.047933 0.076514
8 0.194300 0.908743 0.051217 0.083286
8 0.100067 0.906471 0.042683 0.072086
5 0.522188 0.449629 0.930992 0.807543
7 0.946238 0.562657 0.012442 0.019857
7 0.852750 0.725729 0.014517 0.019543
7 0.758321 0.178836 0.022325 0.023043
7 0.664675 0.362207 0.021167 0.016300
