2 0.523942 0.033179 0.216783 0.038957
1 0.034138 0.449621 0.055258 0.832357
3 0.916313 0.099079 0.138142 0.081729
5 0.525529 0.452821 0.927275 0.806271
7 0.944854 0.409807 0.017625 0.019843
7 0.850938 0.833114 0.012958 0.022229
7 0.756850 0.472157 0.016933 0.020143
7 0.568921 0.107443 0.019158 0.024743
7 0.474954 0.604907 0.018192 0.027729
7 0.663133 0.778171 0.022983 0.031514
7 0.756704 0.510821 0.026258 0.023643
7 0.849946 0.388686 0.027575 0.033771
7 0.944829 0.598057 0.013792 0.031514
8 0.942963 0.910414 0.045242 0.082343
8 0.850229 0.906343 0.048292 0.069714
8 0.757671 0.905257 0.042792 0.069714
8 0.661296 0.905621 0.038542 0.070443
8 0.569263 0.904893 0.041725 0.070443
8 0.475538 0.905071 0.039825 0.072257
8 0.381917 0.905071 0.040667 0.068629
8 0.287946 0.905693 0.039842 0.073700
8 0.194208 0.906079 0.041033 0.074900
8 0.101096 0.907871 0.037642 0.069971
11 0.019471 0.460193 0.014975 0.090129
10 0.524979 0.963143 0.059192 0.032971
7 0.384163 0.830264 0.019408 0.021757
7 0.194971 0.145479 0.019492 0.027729
7 0.104667 0.792971 0.019700 0.020257
9 0.043296 0.828336 0.019092 0.024071
9 0.042912 0.722314 0.017108 0.022514
9 0.044975 0.616414 0.014817 0.025400
9 0.041383 0.511436 0.023817 0.023814
9 0.041004 0.406200 0.023058 0.023829
9 0.041229 0.300829 0.022908 0.024086
9 0.041233 0.192579 0.024433 0.028014
9 0.041817 0.087264 0.024950 0.022900
7 0.100396 0.424707 0.026925 0.018014
7 0.195283 0.786043 0.021017 0.031514
7 0.289838 0.621136 0.021008 0.021386
7 0.382292 0.425164 0.030867 0.027014
7 0.476321 0.450043 0.018392 0.028143
7 0.569892 0.258107 0.026917 0.027014
0 0.524254 0.919407 0.927125 0.129271
