7 0.756046 0.532771 0.023642 0.029257
7 0.662150 0.421336 0.027583 0.027014
7 0.195075 0.586793 0.015550 0.025243
7 0.100725 0.322564 0.020383 0.019557
0 0.525196 0.923850 0.929958 0.139786
7 0.381767 0.192264 0.023633 0.032643
7 0.288854 0.349286 0.020358 0.020257
7 0.196138 0.681807 0.021008 0.027014
7 0.098758 0.170307 0.034150 0.029271
7 0.943963 0.379529 0.025242 0.021914
9 0.040858 0.166329 0.024717 0.025086
9 0.039850 0.274593 0.028433 0.026357
9 0.040117 0.381857 0.024717 0.027457
9 0.042133 0.491214 0.024083 0.026543
9 0.044746 0.596929 0.017608 0.028543
9 0.043296 0.704371 0.019208 0.030000
9 0.042450 0.815271 0.020900 0.032543
9 0.040967 0.057700 0.024933 0.024543
7 0.850508 0.377064 0.024883 0.027843
7 0.757971 0.109129 0.020558 0.021629
7 0.663967 0.655671 0.014683 0.022800
7 0.569817 0.290479 0.018333 0.015700
7 0.476050 0.283907 0.015550 0.025186
1 0.034654 0.444757 0.054225 0.831457
2 0.525133 0.032921 0.216783 0.037414
7 0.381438 0.571100 0.017108 0.020143
7 0.569892 0.321707 0.021667 0.032643
7 0.475008 0.411200 0.019700 0.029257
7 0.288729 0.835629 0.014858 0.018371
7 0.849946 0.220964 0.023642 0.027014
7 0.944175 0.493371 0.017733 0.024771
8 0.943062 0.907929 0.046975 0.082086
8 0.850800 0.904950 0.039950 0.074243
8 0.756704 0.903386 0.035992 0.071114
8 0.660554 0.903571 0.039092 0.079057
8 0.570079 0.902436 0.041725 0.072271
8 0.472354 0.905821 0.046558 0.071529
8 0.382754 0.905071 0.043042 0.077543
8 0.288458 0.905221 0.043483 0.085843
8 0.195687 0.905107 0.043342 0.072671
8 0.101288 0.906157 0.041208 0.074771
11 0.017929 0.457929 0.022458 0.089371
10 0.524596 0.964343 0.066575 0.032743
3 0.917858 0.099079 0.133800 0.075357
5 0.523675 0.450907 0.928017 0.802443
