9 0.043904 0.693779 0.014808 0.024614
9 0.044058 0.801893 0.019700 0.027757
11 0.018254 0.459443 0.016075 0.088629
7 0.100396 0.714000 0.025608 0.022514
8 0.943342 0.910636 0.046000 0.081043
7 0.194625 0.484936 0.024950 0.023643
7 0.289838 0.730329 0.023642 0.030400
10 0.524346 0.964236 0.063008 0.029900
7 0.944162 0.148529 0.017625 0.024000
7 0.850529 0.304971 0.020342 0.020971
7 0.384671 0.532843 0.019458 0.027400
7 0.288329 0.492921 0.017275 0.025929
7 0.195342 0.700321 0.016683 0.026329
8 0.569658 0.904314 0.038250 0.069343
8 0.661737 0.903836 0.037592 0.071100
8 0.756787 0.905500 0.039892 0.067171
8 0.475608 0.904586 0.038133 0.070200
0 0.525667 0.919000 0.929017 0.130086
8 0.101650 0.904750 0.040250 0.068271
8 0.195058 0.905836 0.040250 0.068986
8 0.287979 0.906414 0.039192 0.070200
8 0.381492 0.904714 0.039400 0.069343
7 0.385050 0.733700 0.019700 0.030400
7 0.473562 0.196650 0.026925 0.036014
7 0.567921 0.223221 0.026925 0.027014
7 0.665104 0.535029 0.016408 0.031514
7 0.757033 0.657164 0.016417 0.043900
7 0.849946 0.339721 0.022325 0.028129
7 0.945817 0.062814 0.026267 0.028143
7 0.757746 0.837050 0.018658 0.023100
7 0.661721 0.320736 0.025058 0.021729
7 0.570879 0.200843 0.020875 0.013571
9 0.041692 0.138900 0.023517 0.027486
9 0.041004 0.251479 0.023058 0.026957
9 0.040696 0.362736 0.022142 0.025386
1 0.032075 0.451393 0.054233 0.827043
8 0.850075 0.905807 0.037950 0.068386
2 0.524388 0.031129 0.217075 0.038943
3 0.917242 0.098550 0.133800 0.087043
5 0.525163 0.454086 0.929508 0.801171
9 0.041308 0.470729 0.022750 0.022514
9 0.044133 0.582907 0.017417 0.026957
