7 0.383733 0.223214 0.031517 0.031514
7 0.476650 0.180443 0.030867 0.036029
7 0.567596 0.106707 0.030208 0.034900
7 0.663133 0.061686 0.021667 0.019143
9 0.040429 0.180857 0.023642 0.023029
9 0.040554 0.071229 0.025375 0.029857
7 0.758021 0.671786 0.017075 0.028143
7 0.845350 0.708936 0.026267 0.034900
7 0.945817 0.397693 0.026267 0.036014
8 0.381396 0.909500 0.044225 0.073714
7 0.101054 0.612136 0.021675 0.032643
7 0.383254 0.134279 0.023225 0.021671
7 0.289033 0.331129 0.022483 0.022514
7 0.193608 0.415729 0.020217 0.021029
7 0.101796 0.735086 0.014158 0.019743
8 0.289554 0.902650 0.043925 0.080929
7 0.944512 0.313014 0.022725 0.022000
8 0.475325 0.904536 0.037700 0.079157
8 0.568450 0.905807 0.041300 0.072014
8 0.661846 0.903443 0.046258 0.072771
8 0.757921 0.905621 0.044225 0.071900
8 0.853087 0.905843 0.044525 0.083143
8 0.195400 0.904136 0.036533 0.069300
8 0.100779 0.906786 0.041725 0.078800
10 0.522942 0.964671 0.064783 0.032971
8 0.944283 0.907150 0.050633 0.085757
7 0.851867 0.384364 0.021200 0.020986
7 0.758133 0.453857 0.021650 0.022171
9 0.044413 0.845879 0.019158 0.027300
9 0.043662 0.734543 0.019158 0.023029
9 0.044283 0.622357 0.017417 0.029000
9 0.042046 0.514429 0.025375 0.019629
9 0.041425 0.402457 0.022650 0.021743
7 0.192000 0.227150 0.030200 0.032643
7 0.665096 0.447629 0.023892 0.024314
9 0.041054 0.291757 0.026375 0.024743
2 0.523346 0.032664 0.222158 0.033843
1 0.033362 0.455814 0.055775 0.830571
0 0.525196 0.920621 0.929958 0.133329
11 0.019688 0.457364 0.021125 0.088243
7 0.570538 0.837300 0.019408 0.018771
7 0.476608 0.433343 0.022150 0.024743
5 0.523675 0.454721 0.928017 0.799900
3 0.917858 0.099071 0.137517 0.077486
7 0.286554 0.239543 0.030208 0.028143
