8 0.123210 0.891158 0.049120 0.077017
8 0.193785 0.890033 0.048690 0.075900
8 0.269485 0.889100 0.045330 0.069533
8 0.344185 0.892650 0.053410 0.075133
8 0.419550 0.888542 0.055200 0.073650
7 0.869950 0.276158 0.028800 0.031250
8 0.869725 0.894142 0.053410 0.084117
9 0.053745 0.093992 0.041630 0.037717
8 0.942965 0.895458 0.056770 0.082250
5 0.532955 0.452917 0.906550 0.778933
3 0.138920 0.095725 0.113980 0.060983
2 0.530655 0.038192 0.206330 0.045783
1 0.045495 0.448875 0.072750 0.792883
7 0.570235 0.421275 0.030810 0.042417
0 0.533190 0.907742 0.902620 0.146117
9 0.058215 0.180833 0.031630 0.035967
7 0.120485 0.411225 0.038170 0.033483
7 0.195165 0.066850 0.032150 0.032367
7 0.272855 0.765092 0.025450 0.031250
7 0.345195 0.367692 0.030810 0.026783
7 0.418530 0.372158 0.023440 0.026783
7 0.493550 0.547408 0.027460 0.033483
7 0.943295 0.580900 0.030810 0.031267
7 0.795610 0.336442 0.030140 0.031250
7 0.720935 0.275600 0.032150 0.036833
7 0.642230 0.065742 0.034160 0.027917
9 0.056895 0.276883 0.036370 0.031567
9 0.056635 0.365483 0.030570 0.024567
8 0.494350 0.888725 0.047800 0.074017
8 0.571180 0.890408 0.055200 0.076650
9 0.059500 0.638717 0.033160 0.030700
9 0.057160 0.733450 0.036900 0.034200
9 0.056610 0.457583 0.031580 0.038600
9 0.056895 0.548808 0.030050 0.036850
10 0.532100 0.959933 0.061660 0.035267
11 0.021295 0.456042 0.019310 0.279250
8 0.642615 0.891158 0.054530 0.075883
8 0.718545 0.891150 0.050270 0.072900
8 0.794360 0.896208 0.059240 0.082250
9 0.057425 0.822917 0.033210 0.032467
