7 0.119815 0.168992 0.026130 0.029017
7 0.195500 0.749458 0.026120 0.033483
7 0.271515 0.678575 0.030810 0.034617
7 0.343520 0.068533 0.028800 0.024567
7 0.419870 0.251042 0.028800 0.032383
7 0.793265 0.078017 0.024110 0.027900
8 0.344025 0.891858 0.045510 0.078517
8 0.420330 0.892533 0.052780 0.082533
8 0.493410 0.890517 0.048740 0.076700
8 0.567970 0.890958 0.044440 0.075817
8 0.642795 0.890067 0.044970 0.074933
8 0.716545 0.891408 0.046050 0.074917
8 0.792315 0.896567 0.052250 0.086133
8 0.868235 0.896392 0.055450 0.085683
7 0.717585 0.669650 0.026790 0.034600
7 0.646920 0.186858 0.030140 0.029017
11 0.020065 0.451192 0.023130 0.282250
10 0.532100 0.959175 0.065300 0.034183
7 0.570570 0.758950 0.020760 0.023433
8 0.121305 0.888992 0.047910 0.073583
8 0.193695 0.889167 0.052790 0.080300
8 0.268120 0.888950 0.045520 0.073567
7 0.493550 0.719325 0.026120 0.033483
8 0.941165 0.897025 0.056010 0.089717
9 0.055060 0.773800 0.035840 0.041233
9 0.058740 0.603625 0.037940 0.037717
9 0.058715 0.433458 0.038950 0.037717
5 0.535185 0.445492 0.903570 0.778917
3 0.925890 0.789250 0.111520 0.081533
2 0.532295 0.037942 0.205430 0.040317
1 0.044720 0.448883 0.074300 0.796333
0 0.532480 0.908133 0.904040 0.145333
9 0.058210 0.263725 0.039000 0.043850
9 0.053745 0.098825 0.041630 0.050883
7 0.942290 0.416808 0.024780 0.033483
7 0.866940 0.767317 0.021440 0.026800
