8 0.337555 0.889225 0.046230 0.071050
11 0.019500 0.456425 0.022900 0.280750
10 0.526390 0.960692 0.063220 0.032017
5 0.529240 0.448250 0.913980 0.779500
7 0.111780 0.435225 0.028800 0.023450
7 0.188465 0.576433 0.032150 0.026800
7 0.262480 0.487133 0.027460 0.035733
7 0.337825 0.573650 0.033490 0.030133
7 0.412165 0.225367 0.029470 0.027900
7 0.491540 0.059042 0.027460 0.027917
7 0.564540 0.758392 0.024780 0.026783
7 0.640220 0.312433 0.030140 0.027900
7 0.716580 0.411783 0.034160 0.030133
7 0.793265 0.751692 0.028130 0.037950
7 0.868285 0.698108 0.026790 0.029017
7 0.944635 0.185183 0.022770 0.027900
3 0.129630 0.807308 0.107800 0.057783
2 0.528115 0.036700 0.210810 0.043800
1 0.041625 0.443725 0.062950 0.792883
0 0.530595 0.908133 0.916290 0.134333
8 0.111345 0.891050 0.049090 0.072667
8 0.187360 0.891375 0.044280 0.079683
8 0.262135 0.891917 0.048490 0.076433
8 0.414430 0.891108 0.045580 0.076983
8 0.488880 0.890842 0.045900 0.076450
8 0.562845 0.890025 0.044610 0.076983
8 0.638795 0.894283 0.048450 0.083433
8 0.716755 0.891108 0.050750 0.075917
8 0.790720 0.896492 0.050740 0.082350
8 0.864845 0.894333 0.053650 0.086667
8 0.941720 0.895950 0.056240 0.085600
9 0.048475 0.083475 0.035310 0.037717
9 0.050055 0.202325 0.035310 0.035083
9 0.049005 0.317675 0.032150 0.037717
9 0.047400 0.431700 0.030000 0.030700
9 0.054005 0.545733 0.037950 0.027200
9 0.050820 0.658008 0.036840 0.042983
9 0.048215 0.778183 0.036890 0.037733
