8 0.189300 0.890925 0.052560 0.083717
0 0.534135 0.908133 0.920530 0.145333
1 0.041110 0.444150 0.061920 0.788600
2 0.529305 0.035950 0.210810 0.043300
3 0.127775 0.098875 0.111510 0.054683
5 0.530355 0.448583 0.914710 0.775200
7 0.942625 0.142767 0.026790 0.027900
7 0.866275 0.065733 0.025450 0.039067
7 0.790920 0.502200 0.023440 0.032367
7 0.714905 0.505550 0.022770 0.043533
7 0.637550 0.601550 0.031480 0.030133
7 0.562195 0.769000 0.029470 0.034600
7 0.489195 0.522858 0.026790 0.033483
7 0.414510 0.426858 0.028800 0.024550
7 0.337825 0.110392 0.025450 0.032383
7 0.261810 0.234858 0.027460 0.024550
7 0.186120 0.448617 0.027460 0.034600
7 0.113455 0.239325 0.033490 0.035717
9 0.049530 0.787392 0.035320 0.036850
9 0.053740 0.694850 0.032160 0.034200
9 0.049005 0.601442 0.035310 0.035083
9 0.052660 0.511958 0.035260 0.035083
9 0.049795 0.423808 0.034790 0.037717
11 0.021410 0.454358 0.020440 0.280383
10 0.528855 0.959283 0.059070 0.035700
9 0.050030 0.330300 0.025780 0.028067
9 0.050060 0.245308 0.034260 0.029817
9 0.050055 0.151008 0.030050 0.037717
8 0.942325 0.895575 0.056270 0.086817
8 0.867905 0.893250 0.057210 0.085267
8 0.788140 0.895192 0.053960 0.092250
8 0.717905 0.888992 0.050230 0.073650
8 0.639535 0.892092 0.046970 0.075183
8 0.565810 0.891083 0.047440 0.079067
8 0.491860 0.889767 0.048380 0.081400
8 0.412555 0.891708 0.051630 0.083717
8 0.337675 0.890967 0.047910 0.077600
8 0.263255 0.892867 0.047910 0.081400
8 0.112555 0.889767 0.053490 0.079833
