11 0.020065 0.454175 0.018190 0.280017
7 0.564070 0.762708 0.024880 0.029950
7 0.641650 0.131817 0.029860 0.035833
7 0.718195 0.339250 0.024210 0.021400
7 0.793485 0.825817 0.024190 0.022400
5 0.527750 0.447342 0.915460 0.780150
7 0.942180 0.278400 0.037080 0.029200
7 0.867480 0.211900 0.022080 0.017800
9 0.049325 0.078292 0.028630 0.026383
9 0.049625 0.184633 0.032290 0.030967
9 0.048865 0.291492 0.029550 0.025383
9 0.049165 0.399617 0.031370 0.028433
9 0.049475 0.506217 0.028330 0.028433
9 0.049170 0.613575 0.033200 0.028950
9 0.049625 0.720942 0.031070 0.038583
9 0.049775 0.830325 0.030150 0.034017
8 0.942660 0.897508 0.052260 0.084117
8 0.866615 0.895267 0.050470 0.083367
8 0.789910 0.895267 0.054060 0.083367
8 0.715325 0.890783 0.044410 0.074400
8 0.639050 0.892283 0.044880 0.076633
8 0.563025 0.890592 0.046210 0.074017
8 0.489005 0.889292 0.044410 0.075883
8 0.413190 0.890592 0.046660 0.074017
8 0.338320 0.891158 0.045980 0.074017
8 0.261720 0.892467 0.045760 0.076633
8 0.187700 0.891342 0.045760 0.074383
8 0.111770 0.890783 0.046440 0.077000
7 0.942290 0.094758 0.030140 0.023450
7 0.867615 0.189642 0.030810 0.021217
7 0.790250 0.497733 0.032820 0.032367
7 0.715910 0.417367 0.032820 0.027900
7 0.639555 0.594850 0.034150 0.034600
7 0.565210 0.724900 0.030140 0.035733
7 0.492545 0.719317 0.026790 0.020100
7 0.412500 0.273367 0.034160 0.032367
7 0.338160 0.458667 0.030140 0.030133
7 0.261805 0.363225 0.036830 0.035717
7 0.186120 0.400058 0.036840 0.037950
7 0.113455 0.612717 0.032150 0.027900
10 0.527815 0.960692 0.062690 0.032450
0 0.530360 0.910092 0.914880 0.146117
1 0.041370 0.446725 0.064500 0.810950
2 0.525275 0.039683 0.216490 0.041800
3 0.131180 0.790808 0.109660 0.088750
7 0.114000 0.587733 0.021300 0.018667
7 0.188750 0.645750 0.023100 0.022500
7 0.261480 0.189800 0.025200 0.026633
7 0.338350 0.723575 0.032100 0.029450
7 0.413990 0.425600 0.025060 0.021600
7 0.489625 0.484958 0.026270 0.022183
