11 0.020065 0.454925 0.021330 0.278517
8 0.337415 0.893400 0.049570 0.076267
8 0.263490 0.891233 0.050240 0.078133
8 0.187900 0.893475 0.042620 0.077383
8 0.113675 0.891900 0.049350 0.074767
7 0.491540 0.755600 0.027460 0.039067
7 0.414510 0.132717 0.027460 0.030133
7 0.337490 0.769550 0.027460 0.026800
7 0.263145 0.264992 0.032810 0.031250
7 0.187460 0.088067 0.030140 0.036833
7 0.113455 0.312433 0.034830 0.032367
7 0.941510 0.133142 0.033720 0.022617
7 0.866610 0.287317 0.034160 0.022333
7 0.793600 0.690292 0.035500 0.042417
7 0.717250 0.453642 0.032820 0.037950
9 0.048100 0.824233 0.033500 0.028933
9 0.049930 0.734642 0.030460 0.029450
9 0.049170 0.646317 0.029540 0.030467
9 0.049325 0.555450 0.028630 0.026400
9 0.050235 0.468908 0.031070 0.031983
5 0.528870 0.443633 0.916200 0.767767
3 0.923105 0.112808 0.112130 0.084617
2 0.528110 0.037692 0.209020 0.039817
1 0.038535 0.449317 0.068110 0.804067
0 0.528945 0.904592 0.913930 0.136683
10 0.528205 0.958958 0.056730 0.032883
7 0.639555 0.068525 0.027470 0.029017
7 0.566215 0.503875 0.033490 0.037950
9 0.049930 0.384633 0.028020 0.030967
9 0.050690 0.292000 0.028320 0.025367
9 0.048255 0.208242 0.033190 0.033517
9 0.048860 0.118900 0.030760 0.031467
8 0.939765 0.896650 0.056070 0.085233
8 0.867430 0.895717 0.052260 0.084867
8 0.790150 0.898717 0.055180 0.088600
8 0.715575 0.890483 0.046430 0.076633
8 0.639760 0.890667 0.048220 0.074767
8 0.562595 0.891233 0.045530 0.078133
8 0.488915 0.891792 0.046210 0.077750
8 0.412785 0.892658 0.045530 0.080750
