3 0.139535 0.805717 0.112750 0.056867
5 0.533325 0.450442 0.904310 0.776450
2 0.531100 0.037700 0.208420 0.042800
9 0.055565 0.102767 0.037470 0.042133
9 0.057435 0.256567 0.032010 0.033000
9 0.058200 0.413925 0.035360 0.034017
9 0.057890 0.579925 0.028660 0.039083
9 0.054695 0.733508 0.035670 0.037650
7 0.119820 0.744992 0.028800 0.031250
7 0.197510 0.770108 0.028800 0.030150
7 0.270845 0.513367 0.032150 0.030133
7 0.346535 0.647317 0.033490 0.032367
7 0.418530 0.294017 0.026120 0.031267
7 0.495220 0.359875 0.030800 0.042417
7 0.570570 0.069642 0.032820 0.033483
7 0.644910 0.427975 0.039520 0.033483
7 0.717920 0.731042 0.027460 0.034617
7 0.795275 0.377183 0.025450 0.025667
7 0.865270 0.573092 0.034160 0.042417
7 0.942960 0.367133 0.023440 0.041300
8 0.941750 0.898750 0.053080 0.090233
8 0.869750 0.897817 0.058660 0.086500
8 0.790185 0.896417 0.055810 0.098600
11 0.021855 0.456233 0.021330 0.274400
10 0.532815 0.959617 0.058930 0.041100
0 0.533425 0.908133 0.904970 0.143767
8 0.717070 0.891767 0.049120 0.080000
8 0.643395 0.889442 0.051350 0.079083
8 0.566930 0.890833 0.055820 0.081867
8 0.493285 0.890833 0.060330 0.081867
8 0.417655 0.891775 0.050850 0.085583
8 0.340075 0.892233 0.055310 0.082800
8 0.268605 0.890467 0.050790 0.082800
8 0.195520 0.891767 0.058660 0.080000
8 0.121005 0.890842 0.056990 0.076283
1 0.045495 0.447592 0.072750 0.785150
