7 0.491515 0.187475 0.028130 0.030150
9 0.048215 0.271183 0.031630 0.037733
9 0.049530 0.359783 0.033200 0.030700
9 0.048715 0.444425 0.031570 0.029817
9 0.050060 0.536967 0.034260 0.030700
9 0.047690 0.629942 0.039000 0.034217
9 0.048740 0.718100 0.037940 0.031567
9 0.048215 0.804933 0.031630 0.036833
7 0.565210 0.534575 0.027460 0.025683
7 0.640895 0.661833 0.024790 0.025667
7 0.715575 0.100342 0.022770 0.036850
7 0.790585 0.446392 0.029470 0.027917
7 0.867280 0.065733 0.027460 0.034600
7 0.942960 0.768433 0.026120 0.029033
7 0.491355 0.211825 0.020570 0.019183
7 0.413650 0.448708 0.027300 0.026783
7 0.339940 0.288317 0.028360 0.021867
7 0.264190 0.390258 0.023480 0.022217
7 0.187745 0.704800 0.025890 0.030967
7 0.112750 0.149492 0.028980 0.028550
10 0.528205 0.960258 0.061650 0.034183
11 0.019730 0.454925 0.022900 0.282983
7 0.114795 0.598200 0.032150 0.030133
5 0.530355 0.449200 0.916210 0.776433
3 0.926510 0.114825 0.107800 0.092983
2 0.529160 0.035708 0.209920 0.045783
1 0.039045 0.450175 0.068110 0.793750
0 0.528710 0.908133 0.912520 0.146900
8 0.414140 0.891633 0.048480 0.075367
8 0.337965 0.892308 0.043630 0.073117
8 0.262750 0.891675 0.046560 0.069083
8 0.188175 0.892533 0.055210 0.073567
8 0.113500 0.889217 0.051140 0.072233
9 0.049765 0.177325 0.029470 0.037717
7 0.943860 0.153900 0.024120 0.026200
7 0.868110 0.677883 0.023320 0.025633
7 0.791730 0.239408 0.021600 0.021317
7 0.717035 0.734250 0.021370 0.020600
7 0.643150 0.208083 0.025500 0.021833
7 0.565485 0.234692 0.024890 0.021250
8 0.487220 0.888500 0.043360 0.073567
8 0.563525 0.888717 0.044170 0.078500
8 0.638490 0.891858 0.048740 0.076717
8 0.714660 0.892083 0.044980 0.077167
8 0.790835 0.894325 0.048750 0.083450
8 0.867290 0.896392 0.055180 0.088383
8 0.941705 0.897917 0.055470 0.087033
9 0.050055 0.086533 0.030050 0.047367
7 0.186120 0.168992 0.030140 0.033483
7 0.261475 0.510575 0.028130 0.031250
7 0.338160 0.345367 0.031480 0.033500
7 0.414175 0.204158 0.029470 0.032383
