2 0.527215 0.036950 0.205430 0.044300
10 0.526715 0.960042 0.063350 0.032883
11 0.021070 0.456975 0.025140 0.278883
0 0.529655 0.908917 0.915350 0.145333
3 0.129630 0.096300 0.106560 0.051600
5 0.528870 0.446725 0.916200 0.769017
7 0.115130 0.264433 0.028800 0.025667
7 0.186790 0.261642 0.027460 0.031250
7 0.264485 0.760067 0.026130 0.034600
7 0.344190 0.484900 0.036840 0.029033
7 0.412835 0.061833 0.028130 0.026800
7 0.488525 0.337558 0.030810 0.033483
7 0.565545 0.365458 0.028130 0.031250
7 0.640890 0.698108 0.031480 0.037950
7 0.718590 0.273925 0.023440 0.033483
7 0.793600 0.647875 0.030140 0.035717
7 0.867615 0.447508 0.028130 0.023450
7 0.939945 0.622142 0.025450 0.035850
1 0.041115 0.450675 0.065010 0.792017
8 0.113185 0.891342 0.049570 0.081483
8 0.187865 0.892458 0.052910 0.083717
8 0.260865 0.891900 0.052910 0.080367
8 0.340575 0.891900 0.058270 0.082600
8 0.415920 0.891900 0.057600 0.084833
8 0.486245 0.890783 0.048230 0.082600
8 0.563270 0.890225 0.056260 0.083717
8 0.640625 0.890783 0.054250 0.080367
8 0.717650 0.886875 0.054260 0.081483
8 0.791995 0.898042 0.062290 0.094883
8 0.867005 0.897483 0.051570 0.091533
8 0.941690 0.894133 0.057600 0.098233
9 0.048920 0.799558 0.030880 0.025383
9 0.048920 0.689408 0.028760 0.028550
9 0.048920 0.579242 0.031300 0.033850
9 0.050190 0.468025 0.031300 0.023617
9 0.051565 0.358925 0.030670 0.026083
9 0.049445 0.248408 0.031510 0.028550
9 0.049765 0.140892 0.031310 0.031383
