7 0.494550 0.069092 0.026800 0.018983
7 0.642230 0.246017 0.026120 0.031267
7 0.720935 0.271692 0.028130 0.029017
7 0.794940 0.570300 0.028800 0.032367
7 0.866610 0.427417 0.024780 0.032367
7 0.943965 0.473183 0.028130 0.036833
0 0.534840 0.906167 0.905920 0.136700
1 0.044980 0.446300 0.072760 0.787733
2 0.534235 0.038442 0.210510 0.046283
3 0.925580 0.097792 0.112140 0.058917
5 0.533325 0.450433 0.908770 0.773967
8 0.120210 0.892758 0.044980 0.076717
8 0.194775 0.892983 0.047130 0.078967
8 0.268790 0.893658 0.049280 0.077617
8 0.344295 0.890508 0.044710 0.075817
8 0.419525 0.892533 0.046050 0.073567
8 0.494080 0.891858 0.043360 0.077617
8 0.566625 0.889400 0.044170 0.076267
8 0.644260 0.889842 0.047100 0.074483
8 0.715470 0.891633 0.045780 0.076267
8 0.792855 0.895000 0.049830 0.083000
8 0.868220 0.896792 0.050900 0.083883
8 0.941720 0.898408 0.052220 0.087917
9 0.052425 0.093125 0.041110 0.042983
9 0.056635 0.258025 0.032690 0.027183
9 0.055320 0.425125 0.031100 0.035083
9 0.058740 0.582133 0.032680 0.042100
9 0.054530 0.748367 0.037940 0.035967
10 0.530930 0.957658 0.062440 0.034183
11 0.021410 0.454175 0.017740 0.280750
7 0.122495 0.405083 0.032810 0.032367
7 0.195500 0.072992 0.028800 0.017850
7 0.271180 0.771225 0.026120 0.030150
7 0.347205 0.420717 0.025450 0.032367
7 0.419200 0.369925 0.028800 0.031250
7 0.569230 0.631133 0.030140 0.037967
