1 0.040595 0.447592 0.063990 0.793750
2 0.526320 0.038192 0.210220 0.040817
3 0.928055 0.805767 0.113370 0.058833
5 0.530725 0.447967 0.913970 0.766533
7 0.338160 0.359875 0.035500 0.035717
8 0.716645 0.893017 0.050910 0.075900
8 0.639620 0.892458 0.050900 0.083717
8 0.564945 0.890225 0.060950 0.081483
8 0.488250 0.894133 0.056260 0.084833
8 0.410560 0.893575 0.058940 0.079250
8 0.338565 0.888550 0.055590 0.080367
8 0.264215 0.893017 0.054250 0.075900
8 0.185520 0.890225 0.054920 0.077017
8 0.112850 0.891900 0.055600 0.084833
8 0.866670 0.897483 0.056260 0.082600
7 0.412840 0.529000 0.037500 0.036833
7 0.491205 0.292908 0.024110 0.040183
7 0.565210 0.347600 0.028800 0.037967
7 0.641895 0.767883 0.030810 0.043533
7 0.713900 0.243233 0.031480 0.045767
7 0.794870 0.068417 0.034160 0.026800
7 0.870625 0.632808 0.039510 0.032383
7 0.946240 0.118092 0.030140 0.036850
9 0.047210 0.157817 0.033020 0.031367
9 0.050290 0.253875 0.028980 0.026783
9 0.051455 0.349050 0.032990 0.027500
9 0.049130 0.445808 0.031720 0.032783
9 0.049025 0.540283 0.031930 0.035600
9 0.048915 0.634058 0.034690 0.033483
9 0.051035 0.729408 0.034690 0.035250
9 0.049555 0.821242 0.032990 0.029950
8 0.942025 0.896925 0.054250 0.092650
7 0.113455 0.398942 0.034830 0.044650
7 0.189805 0.559692 0.032150 0.037950
7 0.258795 0.107575 0.030810 0.031217
8 0.791660 0.894133 0.060280 0.091533
10 0.529310 0.958200 0.061000 0.036133
11 0.020620 0.454925 0.019760 0.278517
0 0.530600 0.906950 0.913460 0.139833
