8 0.866960 0.892692 0.063120 0.094883
9 0.053485 0.100133 0.036290 0.027500
0 0.534135 0.908917 0.906390 0.142200
1 0.046015 0.448875 0.072750 0.780850
2 0.532745 0.038192 0.206330 0.041817
3 0.137990 0.098875 0.105940 0.054683
5 0.534065 0.451058 0.902830 0.770250
8 0.269190 0.892233 0.053080 0.080933
8 0.194095 0.891300 0.052470 0.079067
8 0.120725 0.893633 0.051970 0.081867
10 0.531840 0.960583 0.060360 0.035700
11 0.022755 0.453617 0.020430 0.283367
7 0.121820 0.403408 0.030140 0.033483
7 0.195500 0.767325 0.030140 0.033483
7 0.273525 0.748900 0.030810 0.034600
7 0.340505 0.758950 0.030810 0.034600
7 0.420540 0.540158 0.028800 0.027917
7 0.494550 0.737742 0.026800 0.025683
7 0.568895 0.069092 0.029470 0.023450
7 0.644575 0.310758 0.022770 0.037950
7 0.720600 0.457550 0.034160 0.025667
7 0.794270 0.590950 0.026120 0.029033
7 0.866205 0.487025 0.030810 0.026783
7 0.941620 0.768433 0.023440 0.026800
8 0.492725 0.892700 0.049170 0.087433
8 0.569195 0.889908 0.049170 0.083717
8 0.642280 0.890375 0.049120 0.082783
8 0.716540 0.895025 0.058100 0.086517
8 0.793005 0.894092 0.051410 0.086517
9 0.057670 0.187067 0.026900 0.029600
8 0.940355 0.897350 0.061450 0.091167
9 0.057315 0.791592 0.030210 0.032150
9 0.057670 0.706533 0.030460 0.031300
9 0.058180 0.620867 0.028420 0.035967
9 0.057160 0.533725 0.029440 0.032583
9 0.057035 0.445525 0.027670 0.026217
9 0.057545 0.356908 0.027670 0.030883
9 0.057290 0.271875 0.031220 0.029183
8 0.344260 0.891767 0.052520 0.087433
8 0.419330 0.889908 0.051960 0.081850
