8 0.265220 0.892458 0.058940 0.088183
11 0.020175 0.455108 0.022010 0.280383
9 0.050585 0.794892 0.029270 0.032483
9 0.049670 0.681700 0.030480 0.030467
9 0.049065 0.573067 0.030490 0.032500
9 0.048300 0.459100 0.032620 0.028933
9 0.050740 0.344892 0.033840 0.029950
7 0.940950 0.760067 0.028800 0.036833
7 0.869620 0.059042 0.026800 0.027917
7 0.788910 0.499967 0.030140 0.050233
7 0.715240 0.079692 0.030140 0.037950
7 0.638550 0.109833 0.033480 0.031267
7 0.568560 0.254950 0.022100 0.031267
7 0.493880 0.109825 0.032140 0.040183
7 0.415180 0.685267 0.027460 0.043533
7 0.342180 0.165642 0.032820 0.026783
7 0.265490 0.738300 0.034820 0.017867
7 0.188800 0.071317 0.030140 0.027900
7 0.111445 0.699783 0.029470 0.025667
8 0.412570 0.890783 0.048220 0.080367
8 0.338900 0.892458 0.061620 0.083717
8 0.186860 0.891342 0.052240 0.085950
8 0.112180 0.891900 0.055600 0.084833
9 0.049215 0.236267 0.030190 0.030967
9 0.048605 0.123058 0.034450 0.031983
8 0.940350 0.898600 0.060280 0.102700
8 0.866335 0.896367 0.052910 0.080367
5 0.528125 0.446725 0.911750 0.776450
3 0.129320 0.097842 0.105940 0.054683
2 0.527815 0.037200 0.207230 0.041800
1 0.040340 0.449742 0.064500 0.792883
0 0.529415 0.909308 0.912990 0.149250
8 0.790990 0.893017 0.056260 0.089300
8 0.717315 0.887992 0.052250 0.081483
8 0.640625 0.891900 0.052910 0.082600
8 0.561260 0.891342 0.056260 0.083717
8 0.488590 0.891900 0.051580 0.084833
10 0.528855 0.960908 0.061650 0.035917
