9 0.048605 0.315033 0.031090 0.025033
8 0.110840 0.891342 0.052920 0.083717
7 0.109770 0.768992 0.024780 0.016750
7 0.187125 0.276717 0.032150 0.030133
7 0.264085 0.154375 0.028130 0.022317
7 0.338495 0.287883 0.036170 0.056933
7 0.415120 0.354183 0.030140 0.029033
7 0.489125 0.271583 0.025450 0.026800
7 0.564470 0.219667 0.027460 0.041300
7 0.638150 0.598650 0.042200 0.026800
7 0.714905 0.742200 0.030810 0.030133
7 0.792595 0.080808 0.029470 0.033483
7 0.870285 0.071317 0.029470 0.027900
7 0.943965 0.204717 0.041530 0.031267
8 0.189205 0.893017 0.054250 0.080367
8 0.268235 0.888550 0.054250 0.087067
8 0.340575 0.892458 0.056930 0.090417
8 0.412770 0.891117 0.050900 0.087067
8 0.488590 0.889667 0.052920 0.080367
8 0.563605 0.889667 0.055590 0.080367
8 0.639620 0.890225 0.057600 0.079250
8 0.714975 0.891900 0.056930 0.080367
8 0.792665 0.896367 0.063630 0.091533
8 0.868345 0.898042 0.055590 0.090417
8 0.942025 0.897483 0.058270 0.091533
9 0.049235 0.758325 0.033630 0.035250
9 0.048915 0.670017 0.029610 0.030667
9 0.049340 0.581350 0.028340 0.024700
9 0.048600 0.493758 0.028560 0.032783
9 0.049975 0.405100 0.031310 0.031033
9 0.050080 0.227433 0.028560 0.029600
9 0.049235 0.140717 0.031090 0.026100
5 0.527755 0.449825 0.913970 0.770250
3 0.128700 0.806283 0.104700 0.051600
2 0.526770 0.037417 0.214100 0.038367
1 0.042140 0.453183 0.063980 0.796333
0 0.529420 0.906950 0.914880 0.142967
11 0.020515 0.455858 0.018190 0.279617
10 0.529630 0.958850 0.060360 0.033100
