8 0.718990 0.891900 0.050240 0.082600
8 0.789985 0.895808 0.062290 0.094883
8 0.867340 0.894133 0.053580 0.084833
8 0.942360 0.896367 0.053580 0.084833
9 0.053785 0.093300 0.040610 0.030667
9 0.057480 0.181783 0.032360 0.033500
9 0.057380 0.269733 0.030460 0.028900
9 0.058015 0.355925 0.032150 0.026450
5 0.532585 0.442392 0.904310 0.787583
3 0.927130 0.100892 0.109040 0.060983
2 0.533490 0.034208 0.213800 0.040817
1 0.043690 0.446300 0.075340 0.791167
0 0.532245 0.907342 0.903570 0.142183
7 0.869555 0.458000 0.024110 0.042433
7 0.942625 0.082483 0.030810 0.032367
9 0.057485 0.798333 0.031930 0.029967
8 0.493945 0.892458 0.054250 0.088183
8 0.419940 0.893017 0.049560 0.082600
8 0.346465 0.892792 0.050910 0.079250
8 0.270580 0.894133 0.052240 0.084833
9 0.057380 0.708083 0.030880 0.029967
9 0.057910 0.621725 0.029820 0.028550
9 0.056955 0.445817 0.032150 0.027133
7 0.566550 0.753925 0.026120 0.031250
7 0.493550 0.718208 0.028800 0.031250
7 0.418530 0.714300 0.030140 0.041300
7 0.342515 0.336433 0.028130 0.029033
8 0.196570 0.889667 0.052920 0.087067
11 0.020850 0.456042 0.018860 0.282250
10 0.531710 0.958092 0.065300 0.033750
9 0.057275 0.531825 0.030250 0.028550
7 0.121820 0.070758 0.027460 0.031250
7 0.269505 0.697550 0.032150 0.027900
7 0.195835 0.072992 0.025450 0.026783
7 0.643905 0.573650 0.034830 0.034600
8 0.569630 0.890225 0.047560 0.074783
7 0.718590 0.328067 0.019420 0.030133
7 0.791255 0.761742 0.024110 0.037950
8 0.119210 0.889108 0.050900 0.079250
8 0.641630 0.891342 0.057600 0.088183
