8 0.194510 0.890850 0.044500 0.072267
8 0.121865 0.892683 0.046730 0.073833
8 0.567120 0.890375 0.043460 0.075550
8 0.643295 0.891542 0.045330 0.073717
8 0.717125 0.893358 0.050310 0.075283
8 0.791425 0.893367 0.053430 0.084633
8 0.867985 0.898417 0.055450 0.082300
8 0.941740 0.896092 0.052800 0.082817
9 0.056370 0.795292 0.034260 0.035083
9 0.057690 0.705817 0.035840 0.028067
9 0.055845 0.613283 0.035310 0.044733
8 0.492745 0.887517 0.044550 0.077633
1 0.043690 0.442867 0.077400 0.791167
0 0.533425 0.906558 0.908750 0.137483
10 0.531905 0.957667 0.061010 0.037200
11 0.021185 0.455675 0.019990 0.279250
9 0.057690 0.531700 0.030580 0.025433
9 0.055585 0.444867 0.034790 0.030700
7 0.123830 0.480442 0.030140 0.033483
7 0.196505 0.202483 0.029470 0.031267
7 0.271515 0.182392 0.032150 0.029017
7 0.344860 0.606017 0.026120 0.018967
7 0.420540 0.511692 0.028800 0.033483
7 0.496895 0.770108 0.023450 0.025683
7 0.568895 0.140533 0.022770 0.032367
7 0.642230 0.067975 0.034160 0.025683
7 0.718925 0.762858 0.030810 0.024550
7 0.793935 0.230392 0.033490 0.029017
7 0.867615 0.327508 0.032150 0.033483
7 0.943630 0.306300 0.026120 0.029033
9 0.056110 0.357583 0.036900 0.029833
9 0.053980 0.264600 0.036840 0.033333
9 0.058215 0.181275 0.034790 0.033317
9 0.053450 0.095317 0.045260 0.042100
5 0.534440 0.448583 0.906540 0.780167
2 0.532595 0.037942 0.207230 0.045283
3 0.136755 0.805242 0.112130 0.061917
8 0.419380 0.891283 0.044860 0.075300
8 0.344065 0.891667 0.044390 0.075033
8 0.270700 0.891075 0.046580 0.073717
