8 0.865665 0.895808 0.058270 0.090417
7 0.943295 0.115408 0.029470 0.031250
7 0.868550 0.400508 0.031480 0.032383
7 0.795210 0.068975 0.021440 0.030150
7 0.717585 0.102017 0.041530 0.017867
7 0.641895 0.227600 0.028130 0.043533
7 0.570905 0.139417 0.029470 0.025667
7 0.496560 0.774017 0.034820 0.022333
7 0.417525 0.627783 0.034830 0.029033
7 0.345530 0.133275 0.024780 0.033483
7 0.267165 0.486017 0.034150 0.029033
7 0.195835 0.072992 0.033490 0.031250
7 0.119145 0.468717 0.036830 0.030133
10 0.533205 0.958850 0.060750 0.031367
11 0.020735 0.457917 0.022230 0.289733
0 0.536490 0.907342 0.909220 0.142183
1 0.043690 0.446733 0.077400 0.792033
2 0.532440 0.037167 0.204540 0.039867
3 0.135205 0.112292 0.112750 0.083583
5 0.534070 0.443625 0.905800 0.777683
9 0.052715 0.097683 0.040230 0.031967
9 0.057060 0.255283 0.032360 0.030300
9 0.056110 0.419200 0.034680 0.033133
9 0.058650 0.578883 0.030880 0.033133
9 0.055150 0.740700 0.034500 0.028933
8 0.941355 0.896367 0.056930 0.102700
8 0.794675 0.898600 0.056930 0.091533
8 0.716645 0.890783 0.052250 0.080367
8 0.644980 0.888550 0.050900 0.078133
8 0.570170 0.890558 0.050900 0.081483
8 0.493610 0.891342 0.049560 0.079250
8 0.421145 0.888883 0.054250 0.080367
8 0.347800 0.893908 0.054920 0.085950
8 0.271450 0.892792 0.056260 0.090417
8 0.195570 0.891900 0.052240 0.078133
8 0.120885 0.895808 0.050230 0.077017
