8 0.346580 0.890650 0.046060 0.077167
8 0.271350 0.890208 0.051700 0.079850
8 0.196925 0.891550 0.048750 0.077167
8 0.121170 0.890108 0.043880 0.075817
7 0.194160 0.459783 0.023440 0.030133
7 0.119485 0.409550 0.028130 0.025667
7 0.568560 0.542950 0.027460 0.035733
7 0.643905 0.348717 0.033490 0.029033
7 0.719260 0.072992 0.028800 0.035717
7 0.793600 0.160617 0.031480 0.043533
7 0.271515 0.475417 0.024110 0.039067
11 0.019950 0.456792 0.019320 0.284483
7 0.344525 0.767325 0.025450 0.033483
7 0.867945 0.180158 0.024790 0.029017
7 0.421210 0.660158 0.032820 0.037950
7 0.493550 0.768442 0.031480 0.042417
0 0.533185 0.903417 0.905450 0.137467
7 0.942290 0.528433 0.032820 0.026800
8 0.717895 0.894233 0.043090 0.075367
8 0.790840 0.897158 0.053320 0.087483
8 0.868355 0.896483 0.052250 0.088833
8 0.941705 0.897825 0.048750 0.081650
9 0.053740 0.069442 0.039520 0.037717
9 0.056875 0.235217 0.031050 0.027200
9 0.059265 0.404950 0.032690 0.035100
9 0.059240 0.567233 0.035780 0.033333
9 0.056855 0.729933 0.036290 0.030700
10 0.531580 0.958958 0.059840 0.032017
1 0.045495 0.441142 0.073790 0.801483
2 0.532740 0.036200 0.203940 0.048767
3 0.924650 0.804225 0.117700 0.061917
5 0.531465 0.447958 0.908030 0.778917
8 0.645085 0.890650 0.048750 0.077167
8 0.567565 0.890200 0.046050 0.071767
8 0.493540 0.889075 0.044440 0.074917
8 0.419930 0.891100 0.048480 0.077167
