9 0.052425 0.390475 0.034790 0.037717
9 0.050060 0.482142 0.034260 0.033317
9 0.049530 0.567225 0.033200 0.036850
9 0.046605 0.651867 0.035790 0.035967
9 0.048215 0.742658 0.033730 0.038583
9 0.049765 0.824675 0.029470 0.028950
7 0.953345 0.810300 0.026790 0.027900
7 0.865605 0.126017 0.028130 0.034600
3 0.925580 0.790800 0.118320 0.099067
7 0.715240 0.759508 0.031480 0.029017
7 0.640225 0.760067 0.022110 0.027900
7 0.564205 0.316900 0.026790 0.027900
7 0.490870 0.734392 0.031480 0.034617
7 0.413840 0.477650 0.032820 0.030133
7 0.338830 0.142208 0.027460 0.026783
7 0.261810 0.402300 0.027460 0.029033
7 0.187795 0.101458 0.033490 0.027917
7 0.112785 0.179600 0.030810 0.025667
5 0.529610 0.452300 0.908780 0.780167
7 0.791590 0.068525 0.027460 0.026783
2 0.527365 0.036950 0.215890 0.044300
1 0.041885 0.446725 0.063470 0.797183
0 0.529650 0.907733 0.913460 0.141400
11 0.020395 0.455483 0.020210 0.279633
10 0.527750 0.958742 0.063600 0.035917
8 0.111860 0.891217 0.048060 0.083967
8 0.186475 0.889600 0.046130 0.074300
8 0.259535 0.891217 0.051170 0.078800
8 0.337915 0.889733 0.050830 0.071700
8 0.412550 0.892633 0.047300 0.076233
8 0.488895 0.893608 0.047330 0.082050
8 0.564865 0.890700 0.044230 0.078800
8 0.639865 0.890700 0.047710 0.074933
8 0.714480 0.891342 0.051980 0.078817
8 0.793160 0.893608 0.054300 0.085917
8 0.865835 0.895225 0.057790 0.082683
8 0.940640 0.897483 0.058560 0.089800
9 0.046370 0.129083 0.035320 0.034200
9 0.046635 0.219000 0.032690 0.033333
9 0.050055 0.304517 0.031110 0.032467
