8 0.343585 0.893575 0.061610 0.083717
8 0.419940 0.893017 0.048220 0.082600
8 0.492940 0.891342 0.050900 0.079250
8 0.644845 0.893350 0.059610 0.084833
8 0.716315 0.891900 0.056930 0.078133
8 0.794005 0.891900 0.056930 0.089300
8 0.867005 0.894692 0.056930 0.092650
8 0.944035 0.893017 0.054250 0.087067
9 0.053475 0.071633 0.043210 0.033333
9 0.059240 0.251008 0.033680 0.037717
9 0.057685 0.418108 0.034790 0.031583
9 0.058185 0.590908 0.035790 0.038583
9 0.055815 0.760200 0.031050 0.033333
7 0.121155 0.329742 0.027470 0.031250
0 0.533895 0.909308 0.907810 0.142983
8 0.568630 0.890783 0.056260 0.089300
7 0.942960 0.342017 0.026120 0.029033
7 0.868285 0.156158 0.028130 0.023450
7 0.793265 0.574758 0.030810 0.023450
7 0.721605 0.243783 0.025450 0.033500
7 0.644240 0.066850 0.028800 0.030133
7 0.569230 0.101458 0.024780 0.030150
7 0.495890 0.082483 0.022780 0.030133
7 0.419870 0.638392 0.023440 0.030150
7 0.343855 0.771225 0.025450 0.023450
7 0.271515 0.699225 0.026790 0.022317
7 0.195165 0.623325 0.028130 0.029017
1 0.046270 0.445008 0.071200 0.805783
2 0.532590 0.038433 0.209020 0.043300
5 0.533325 0.446733 0.904310 0.773967
3 0.924030 0.793375 0.121420 0.089783
10 0.533400 0.960475 0.061140 0.036783
11 0.019280 0.455108 0.022000 0.276650
8 0.120885 0.893575 0.055590 0.085950
8 0.196905 0.894692 0.052250 0.085950
8 0.268905 0.895250 0.054250 0.084833
