7 0.868950 0.209183 0.032140 0.029033
7 0.790585 0.339225 0.030810 0.034617
7 0.721940 0.512250 0.028800 0.032367
7 0.644240 0.192442 0.034160 0.035717
7 0.566885 0.361550 0.029470 0.048000
7 0.494220 0.210300 0.027460 0.029033
7 0.422215 0.770108 0.022770 0.027917
7 0.343185 0.085275 0.042870 0.042417
7 0.269840 0.067967 0.024780 0.030133
7 0.196505 0.674117 0.030810 0.034600
0 0.533660 0.908133 0.904500 0.146900
1 0.046270 0.442433 0.071200 0.792033
2 0.530800 0.037692 0.207820 0.043783
3 0.141395 0.811442 0.111510 0.057783
5 0.531840 0.454775 0.910260 0.782650
8 0.569530 0.889375 0.045580 0.077517
8 0.640930 0.892475 0.046040 0.074417
8 0.716975 0.887833 0.048370 0.075967
8 0.794185 0.895967 0.053030 0.086033
8 0.866740 0.896350 0.053020 0.085267
8 0.941395 0.894808 0.053490 0.080617
9 0.051160 0.069083 0.043520 0.035533
9 0.057235 0.234383 0.035330 0.034000
9 0.058760 0.403925 0.033500 0.034017
9 0.057390 0.572967 0.036240 0.044167
9 0.057085 0.734383 0.038070 0.033000
7 0.118815 0.382767 0.032150 0.036833
8 0.122555 0.891358 0.052090 0.076817
8 0.194885 0.890542 0.049770 0.076750
8 0.269070 0.890925 0.049300 0.071317
8 0.344880 0.892092 0.047440 0.072083
11 0.020735 0.455483 0.019990 0.276633
10 0.532620 0.960800 0.060620 0.033533
8 0.419070 0.889383 0.044180 0.079067
8 0.492095 0.891317 0.046050 0.075200
7 0.943965 0.588717 0.034830 0.033500
