9 0.057845 0.406467 0.035330 0.054300
9 0.058760 0.566367 0.034720 0.037067
9 0.055565 0.727025 0.037470 0.038583
7 0.942290 0.184067 0.024780 0.043533
7 0.867945 0.523975 0.024790 0.035717
7 0.792930 0.707600 0.038180 0.041300
7 0.714235 0.530117 0.030810 0.041300
7 0.645245 0.772900 0.029470 0.035733
7 0.570165 0.123117 0.034830 0.035733
7 0.494885 0.373275 0.032810 0.029017
7 0.417860 0.451967 0.031480 0.036833
7 0.346535 0.387783 0.028130 0.035733
7 0.270845 0.069083 0.024110 0.025667
7 0.196505 0.502200 0.028130 0.027900
7 0.120150 0.302392 0.030800 0.023450
11 0.019950 0.455300 0.021100 0.284500
10 0.532035 0.957767 0.061270 0.036133
0 0.533425 0.906558 0.904970 0.142183
1 0.044205 0.448025 0.075330 0.792883
2 0.532890 0.037450 0.207220 0.043300
3 0.136445 0.098875 0.109030 0.050550
5 0.535185 0.440533 0.906550 0.773967
8 0.121770 0.891283 0.044300 0.071667
8 0.195625 0.890908 0.044490 0.072583
8 0.269830 0.891383 0.044860 0.074767
8 0.344130 0.893708 0.045040 0.073217
8 0.420080 0.891200 0.047200 0.076067
8 0.494255 0.892083 0.045490 0.077367
8 0.567900 0.889258 0.045320 0.073717
8 0.643870 0.892483 0.046260 0.072433
8 0.718015 0.892608 0.044390 0.076850
8 0.793405 0.895850 0.051250 0.084367
8 0.867365 0.894833 0.052650 0.085933
8 0.941850 0.895725 0.053120 0.085150
9 0.051910 0.095808 0.042940 0.037050
9 0.057695 0.255958 0.034410 0.034517
