8 0.641965 0.894133 0.047550 0.078133
7 0.344860 0.226483 0.027460 0.036833
7 0.269105 0.070092 0.043530 0.027917
7 0.197175 0.323042 0.029470 0.033483
7 0.119150 0.724342 0.030140 0.023450
8 0.120885 0.891900 0.051570 0.089300
8 0.194565 0.895250 0.055590 0.089300
8 0.267230 0.894133 0.056260 0.087067
8 0.346595 0.892458 0.055590 0.085950
8 0.422620 0.891342 0.053580 0.081483
8 0.494615 0.890783 0.054250 0.080367
8 0.570300 0.889108 0.048900 0.072550
7 0.421140 0.256508 0.027460 0.027917
8 0.716310 0.891342 0.048900 0.085950
8 0.795345 0.895250 0.063630 0.093767
8 0.870220 0.897817 0.064300 0.096000
8 0.942025 0.899717 0.059610 0.093767
9 0.060025 0.742100 0.032310 0.028433
9 0.058200 0.577892 0.033540 0.034017
9 0.055150 0.412400 0.037800 0.038067
9 0.058810 0.250217 0.032320 0.046700
9 0.053935 0.093883 0.042070 0.035533
11 0.020510 0.456233 0.019540 0.279633
10 0.532230 0.958850 0.059580 0.035267
5 0.531840 0.446100 0.904320 0.765300
3 0.928055 0.806283 0.110890 0.057800
2 0.529610 0.034458 0.213200 0.052250
1 0.045495 0.445442 0.073790 0.787717
0 0.533895 0.907342 0.906870 0.140617
7 0.948320 0.452525 0.035500 0.033483
7 0.866610 0.768433 0.027460 0.029033
7 0.794940 0.174575 0.032820 0.037950
7 0.718925 0.710950 0.032150 0.030133
7 0.644850 0.373158 0.030140 0.033483
7 0.565545 0.717650 0.034830 0.041300
7 0.497165 0.166650 0.033490 0.033500
