8 0.717610 0.889975 0.046520 0.070517
5 0.533330 0.446725 0.905800 0.776450
3 0.141395 0.112758 0.112750 0.095050
2 0.532295 0.036417 0.207230 0.038367
1 0.045755 0.446300 0.074310 0.796333
0 0.532715 0.908525 0.906390 0.147683
11 0.022530 0.455483 0.020440 0.282633
10 0.531060 0.960258 0.063220 0.036783
7 0.122160 0.486017 0.040180 0.031267
7 0.195835 0.150575 0.024110 0.034617
7 0.266830 0.554667 0.034820 0.032367
7 0.345525 0.460342 0.040850 0.031250
7 0.420540 0.450858 0.028800 0.027917
7 0.495890 0.459225 0.026800 0.024550
7 0.568225 0.218667 0.026790 0.021200
7 0.644575 0.115975 0.026790 0.025683
7 0.796280 0.067975 0.030140 0.018983
7 0.867280 0.192442 0.028800 0.033483
7 0.720265 0.747783 0.028130 0.030133
7 0.944300 0.773458 0.032820 0.034617
9 0.055585 0.733450 0.034790 0.039467
9 0.059005 0.578183 0.030050 0.044733
9 0.057690 0.412400 0.032680 0.044733
9 0.057690 0.259342 0.033740 0.040350
9 0.053215 0.097942 0.039530 0.035083
8 0.942095 0.896167 0.052330 0.088300
8 0.867850 0.897250 0.053000 0.086667
8 0.792110 0.896167 0.054620 0.087733
8 0.641915 0.891592 0.049450 0.079683
8 0.568595 0.889708 0.051390 0.080217
8 0.493500 0.890517 0.051060 0.078600
8 0.420500 0.889175 0.049780 0.084517
8 0.345725 0.891592 0.053970 0.085050
8 0.269500 0.892400 0.052040 0.081300
8 0.193435 0.889167 0.049130 0.075900
8 0.120065 0.891317 0.049750 0.082900
