7 0.262145 0.622767 0.033490 0.030133
7 0.187460 0.659600 0.027460 0.032367
7 0.111780 0.709833 0.022100 0.030133
8 0.789770 0.892475 0.050700 0.086817
8 0.865815 0.894067 0.053950 0.083800
8 0.940230 0.897908 0.051160 0.083717
9 0.049265 0.146633 0.033730 0.035967
9 0.048185 0.230833 0.032630 0.032467
9 0.051110 0.318117 0.031100 0.033333
9 0.047690 0.405825 0.035840 0.036850
9 0.048480 0.487408 0.034260 0.029817
9 0.049795 0.577308 0.033730 0.032450
9 0.049530 0.661517 0.031100 0.030700
9 0.050055 0.743950 0.035310 0.027233
8 0.112790 0.891700 0.051160 0.079067
8 0.186280 0.890542 0.051160 0.076750
9 0.048740 0.833008 0.034780 0.035083
11 0.021265 0.454883 0.020190 0.276633
10 0.530025 0.958092 0.062950 0.033750
8 0.262790 0.891350 0.049760 0.078367
8 0.336975 0.889767 0.047450 0.076733
8 0.413020 0.890150 0.050700 0.079067
8 0.487905 0.889375 0.047910 0.077517
8 0.565810 0.890158 0.045580 0.080617
8 0.639535 0.891742 0.046050 0.077583
0 0.529185 0.908125 0.916290 0.140617
1 0.041110 0.452750 0.065020 0.804067
2 0.529310 0.037692 0.212600 0.043783
3 0.128085 0.803708 0.110890 0.060883
5 0.530355 0.451683 0.917690 0.781400
8 0.714415 0.891700 0.049770 0.079067
7 0.942625 0.324717 0.024110 0.036833
7 0.866945 0.685275 0.024110 0.034617
7 0.789245 0.771792 0.028130 0.042417
7 0.715910 0.479883 0.031480 0.034600
7 0.640220 0.525092 0.028800 0.029017
7 0.563870 0.306292 0.031480 0.033483
7 0.487185 0.107600 0.032150 0.031267
7 0.414845 0.746108 0.029470 0.026783
7 0.341845 0.067408 0.029470 0.033483
