3 0.131180 0.100933 0.109660 0.052633
8 0.941565 0.896675 0.055330 0.085050
8 0.866795 0.896517 0.055330 0.084100
8 0.790625 0.896833 0.052530 0.085367
8 0.715480 0.890600 0.044300 0.072900
8 0.638660 0.891842 0.045420 0.073517
8 0.563705 0.890600 0.043550 0.076633
8 0.487905 0.892092 0.046430 0.081883
8 0.412090 0.888908 0.045080 0.075517
8 0.338295 0.889667 0.046430 0.074767
8 0.261135 0.891533 0.045530 0.074767
8 0.186325 0.889283 0.044410 0.076267
8 0.111975 0.891900 0.044190 0.074767
9 0.048190 0.070308 0.030520 0.037717
9 0.049500 0.180400 0.030000 0.042100
9 0.047690 0.288292 0.035840 0.031583
9 0.050580 0.401008 0.029000 0.037717
9 0.049530 0.516783 0.029000 0.035967
9 0.049265 0.622925 0.029530 0.034217
9 0.047425 0.735642 0.033210 0.031583
7 0.113455 0.056808 0.030810 0.021217
7 0.186120 0.761742 0.027460 0.017850
7 0.261810 0.389458 0.024780 0.027917
7 0.339165 0.578108 0.026790 0.025683
7 0.413170 0.249367 0.030140 0.022333
7 0.487855 0.697550 0.025450 0.034600
7 0.563535 0.610483 0.026790 0.039067
7 0.638220 0.551317 0.027460 0.032367
11 0.021180 0.454183 0.021780 0.281500
10 0.527690 0.958308 0.059580 0.037217
7 0.716580 0.642292 0.028800 0.031250
7 0.788575 0.235417 0.038850 0.041300
7 0.867280 0.144442 0.026120 0.035717
7 0.942625 0.709833 0.025450 0.027900
0 0.528945 0.909292 0.913930 0.144583
1 0.039825 0.441567 0.065530 0.795467
2 0.528560 0.038183 0.210520 0.042800
5 0.525895 0.449208 0.917690 0.778917
