1 0.045755 0.448450 0.072230 0.783433
7 0.124165 0.393367 0.028130 0.015633
7 0.193490 0.502200 0.027460 0.027900
7 0.270175 0.561925 0.026790 0.022317
7 0.344525 0.557458 0.026790 0.031250
7 0.418530 0.766758 0.030140 0.023450
9 0.055030 0.750992 0.034740 0.037717
9 0.060030 0.584333 0.036320 0.035967
9 0.059500 0.421617 0.033160 0.043867
9 0.058185 0.257150 0.037890 0.030700
9 0.052925 0.092242 0.038950 0.035950
8 0.942655 0.895367 0.055910 0.082367
8 0.867565 0.896408 0.055590 0.086617
8 0.792140 0.896700 0.052040 0.082900
8 0.716720 0.889142 0.044600 0.075317
8 0.643725 0.889442 0.051070 0.072683
8 0.568465 0.890508 0.047190 0.073750
8 0.493850 0.888333 0.043960 0.073700
8 0.418915 0.891567 0.042670 0.073700
8 0.347055 0.891058 0.051390 0.073750
8 0.269045 0.890783 0.049770 0.071067
8 0.193630 0.889442 0.043640 0.076983
8 0.119415 0.890783 0.046510 0.076433
10 0.531970 0.957875 0.059060 0.034183
11 0.022190 0.452683 0.019760 0.283733
3 0.139850 0.806800 0.109660 0.056767
2 0.533790 0.037942 0.208420 0.043283
0 0.534840 0.906167 0.904980 0.138267
5 0.534070 0.447342 0.905800 0.767783
7 0.495890 0.458108 0.032140 0.029017
7 0.568895 0.223692 0.025450 0.029017
7 0.642230 0.282858 0.028800 0.031250
7 0.715910 0.746667 0.024780 0.027900
7 0.793935 0.548525 0.026790 0.031250
7 0.867280 0.227042 0.026120 0.035717
7 0.943295 0.070758 0.022770 0.029017
