8 0.716570 0.890783 0.049600 0.074400
0 0.534605 0.905383 0.905450 0.141400
1 0.044980 0.448450 0.073780 0.812667
2 0.532145 0.033208 0.209910 0.045783
3 0.925270 0.791833 0.117700 0.094933
5 0.534445 0.446725 0.908030 0.778917
7 0.944300 0.602667 0.028800 0.036833
7 0.868615 0.224250 0.024790 0.030133
7 0.795275 0.337550 0.028130 0.026800
7 0.719595 0.069642 0.029470 0.033483
7 0.643235 0.143875 0.029470 0.023450
7 0.567555 0.768442 0.034830 0.033483
7 0.497895 0.366017 0.030810 0.030133
7 0.417860 0.574767 0.030140 0.027900
7 0.345195 0.068533 0.026790 0.024567
7 0.269170 0.754483 0.031480 0.032367
7 0.193825 0.516158 0.033490 0.031250
7 0.121820 0.663508 0.027460 0.033483
8 0.119395 0.892467 0.048230 0.075900
8 0.195175 0.890967 0.050270 0.072533
8 0.271665 0.890975 0.053410 0.080750
8 0.343670 0.892275 0.049820 0.075150
8 0.420040 0.890217 0.048700 0.074767
8 0.494620 0.891900 0.048920 0.074400
8 0.569765 0.890600 0.049370 0.069533
8 0.642890 0.890783 0.049820 0.072900
8 0.791825 0.895642 0.055650 0.084850
8 0.867860 0.896767 0.055200 0.081867
8 0.941435 0.897883 0.051610 0.084867
9 0.054500 0.098817 0.045260 0.042100
9 0.057425 0.184783 0.034270 0.031567
9 0.057425 0.274258 0.038470 0.031583
9 0.055820 0.361975 0.033160 0.035083
9 0.057690 0.450558 0.033740 0.035083
9 0.058450 0.535208 0.035260 0.027183
9 0.057425 0.620292 0.036370 0.028950
9 0.056635 0.710642 0.028470 0.035950
9 0.057425 0.797042 0.040570 0.035083
10 0.533205 0.958742 0.061010 0.035917
11 0.021860 0.454358 0.019540 0.280383
