7 0.942555 0.412233 0.028130 0.031267
8 0.415920 0.893017 0.052240 0.082600
8 0.488255 0.891342 0.053590 0.088183
8 0.564610 0.891900 0.049560 0.082600
8 0.640960 0.892458 0.052240 0.085950
8 0.714970 0.890783 0.047560 0.075900
9 0.050610 0.414442 0.030880 0.032083
9 0.049510 0.292617 0.031520 0.026433
8 0.113185 0.887433 0.052250 0.075900
9 0.049405 0.175575 0.030450 0.028550
8 0.790320 0.897483 0.052240 0.087067
8 0.867675 0.898042 0.054250 0.092650
0 0.529185 0.908525 0.915350 0.147683
1 0.038015 0.448450 0.069150 0.783433
2 0.529755 0.040933 0.212910 0.043300
3 0.923415 0.101408 0.116470 0.059950
5 0.530725 0.449200 0.911010 0.776433
9 0.049025 0.527417 0.029830 0.037367
8 0.940015 0.898042 0.060950 0.097117
7 0.111445 0.150025 0.034830 0.042417
7 0.187125 0.686392 0.036170 0.030150
7 0.262810 0.468717 0.037500 0.034600
8 0.186525 0.890225 0.050230 0.081483
8 0.264080 0.888883 0.053580 0.080367
8 0.339565 0.890783 0.049570 0.084833
9 0.049340 0.649042 0.030460 0.029617
9 0.050295 0.770125 0.030670 0.033483
11 0.020255 0.458817 0.026250 0.286733
10 0.529115 0.960800 0.059330 0.033533
7 0.340170 0.061833 0.024780 0.033500
7 0.415515 0.664625 0.029470 0.026783
7 0.489865 0.537925 0.025450 0.025683
7 0.563870 0.283975 0.028800 0.037950
7 0.638220 0.758392 0.027460 0.035717
7 0.717920 0.329742 0.028800 0.022317
7 0.791590 0.727133 0.034160 0.033500
7 0.869285 0.711508 0.031470 0.033483
