9 0.048300 0.722817 0.030800 0.037567
9 0.048755 0.822808 0.034750 0.023350
7 0.264485 0.161742 0.038170 0.023450
7 0.944970 0.342575 0.035500 0.039083
7 0.868280 0.294575 0.024120 0.027917
7 0.793265 0.766767 0.022770 0.030133
7 0.719190 0.590842 0.028800 0.037950
7 0.644910 0.679133 0.035500 0.029033
7 0.568560 0.301833 0.032820 0.033500
7 0.490800 0.222458 0.030140 0.040183
7 0.415180 0.448625 0.034160 0.016750
7 0.339165 0.661275 0.030810 0.040183
8 0.109835 0.893017 0.049570 0.084833
7 0.110775 0.343133 0.032150 0.026800
7 0.262900 0.502675 0.023100 0.021150
7 0.188875 0.135667 0.022870 0.027500
0 0.529655 0.905775 0.914410 0.139050
8 0.188870 0.890225 0.056260 0.085950
8 0.261535 0.888550 0.052910 0.084833
11 0.020625 0.456050 0.018870 0.283000
10 0.527560 0.959283 0.060360 0.028767
7 0.944660 0.687942 0.029080 0.026117
7 0.186790 0.227042 0.030140 0.029017
7 0.868365 0.555700 0.023970 0.025267
7 0.793365 0.320058 0.027030 0.025950
7 0.718895 0.551733 0.025030 0.022033
7 0.641625 0.587600 0.025590 0.030667
7 0.566750 0.696058 0.026220 0.025383
7 0.492085 0.188092 0.021150 0.025383
7 0.415260 0.341125 0.023860 0.021150
7 0.341020 0.364183 0.023100 0.022433
1 0.041625 0.449742 0.062950 0.787717
2 0.528410 0.040675 0.208420 0.037817
3 0.128085 0.114875 0.115850 0.090817
5 0.529985 0.446725 0.913970 0.771483
8 0.338560 0.890783 0.047560 0.075900
8 0.413575 0.892458 0.050230 0.083717
8 0.488255 0.889108 0.049570 0.079250
8 0.562935 0.888550 0.056930 0.084833
8 0.635935 0.891342 0.058270 0.083717
8 0.713970 0.889667 0.056260 0.075900
8 0.789985 0.895808 0.056930 0.088183
8 0.869685 0.896925 0.056930 0.081483
8 0.942025 0.896367 0.059610 0.091533
9 0.050585 0.119000 0.029270 0.030967
9 0.048455 0.220275 0.031710 0.034517
9 0.050740 0.320017 0.033840 0.036033
9 0.049825 0.421033 0.030790 0.028933
9 0.048455 0.523325 0.031710 0.036550
9 0.048450 0.623575 0.037800 0.040117
