9 0.050315 0.215917 0.031630 0.030700
7 0.944970 0.770108 0.028800 0.027917
7 0.869620 0.203600 0.029460 0.040200
7 0.791590 0.318017 0.027460 0.025667
7 0.717585 0.137183 0.022770 0.032367
7 0.640220 0.455317 0.028800 0.030133
7 0.565210 0.712067 0.028800 0.032367
7 0.489530 0.193000 0.026120 0.034600
7 0.413170 0.712067 0.032820 0.023433
7 0.339835 0.439133 0.029470 0.031267
7 0.264150 0.636158 0.026800 0.030150
7 0.187795 0.066300 0.026790 0.026800
8 0.108975 0.895025 0.050790 0.084650
8 0.189630 0.890842 0.052460 0.074417
8 0.264140 0.890842 0.051900 0.074417
8 0.343400 0.891833 0.054140 0.076333
8 0.411795 0.893633 0.051410 0.080000
8 0.488820 0.891767 0.051400 0.076267
8 0.563330 0.890367 0.046380 0.079067
8 0.639515 0.894558 0.048050 0.087450
8 0.715980 0.895025 0.052520 0.082783
8 0.790495 0.897350 0.057550 0.085567
8 0.866120 0.896417 0.060340 0.089300
8 0.943675 0.896883 0.055810 0.088367
9 0.048740 0.124700 0.032680 0.027200
5 0.527010 0.453542 0.912480 0.785117
3 0.130250 0.790800 0.106560 0.097000
2 0.527515 0.038433 0.207830 0.043300
1 0.041115 0.448883 0.062950 0.791167
0 0.529420 0.904200 0.914880 0.137467
7 0.111445 0.569742 0.025450 0.026783
9 0.049265 0.308025 0.029530 0.037717
9 0.050585 0.399250 0.033210 0.030700
9 0.051370 0.490033 0.033740 0.029833
9 0.050320 0.583892 0.029520 0.024550
9 0.050580 0.678633 0.032160 0.033333
9 0.050055 0.773800 0.035310 0.034200
11 0.020735 0.456425 0.019530 0.282250
10 0.528470 0.957767 0.060360 0.034833
