8 0.118210 0.892692 0.052520 0.085583
8 0.194370 0.892792 0.055260 0.076283
8 0.270000 0.892700 0.050240 0.081867
8 0.344540 0.890842 0.056420 0.076283
8 0.421565 0.894092 0.055310 0.086517
8 0.494095 0.889533 0.050790 0.077200
8 0.566680 0.889442 0.048620 0.079083
8 0.866650 0.897908 0.053580 0.080917
8 0.940910 0.896883 0.051400 0.086500
7 0.718925 0.067975 0.025450 0.018983
7 0.794270 0.240442 0.028800 0.035717
7 0.868950 0.230392 0.020100 0.029017
7 0.943965 0.352625 0.022770 0.025683
9 0.057160 0.758892 0.035840 0.032450
9 0.057425 0.593108 0.031110 0.028950
9 0.058740 0.425558 0.031640 0.028950
9 0.055820 0.257592 0.033160 0.035083
7 0.121820 0.495508 0.027460 0.030150
0 0.533185 0.907350 0.905450 0.148467
1 0.045240 0.444583 0.072240 0.786000
2 0.532890 0.038192 0.204240 0.040817
3 0.922175 0.807317 0.116470 0.051600
5 0.532580 0.444875 0.905800 0.770250
7 0.197175 0.176250 0.030810 0.023433
7 0.270175 0.635042 0.032150 0.032383
7 0.344190 0.387783 0.035500 0.035733
7 0.419870 0.560808 0.024780 0.024550
7 0.495550 0.743875 0.028800 0.029017
10 0.531585 0.958308 0.066590 0.034617
11 0.020850 0.451367 0.019760 0.279633
7 0.568895 0.147225 0.021430 0.030150
7 0.645580 0.772342 0.027460 0.036850
9 0.051870 0.093992 0.038940 0.032450
8 0.643120 0.891392 0.053020 0.084650
8 0.716260 0.889908 0.047500 0.078150
8 0.792170 0.895483 0.053080 0.089300
