0 0.534840 0.906950 0.907800 0.144533
1 0.046015 0.444150 0.073790 0.792033
2 0.529755 0.037667 0.215890 0.046833
3 0.140775 0.803183 0.112750 0.053667
5 0.532585 0.451058 0.902830 0.775217
11 0.020510 0.455858 0.020880 0.281883
10 0.532685 0.959500 0.061530 0.033967
9 0.057285 0.287783 0.031710 0.028433
9 0.060940 0.387275 0.032920 0.030450
9 0.056520 0.484483 0.031400 0.040100
9 0.055005 0.578400 0.033230 0.035033
9 0.058805 0.674083 0.031710 0.030467
9 0.057440 0.774083 0.031400 0.033500
8 0.118540 0.890783 0.050900 0.082600
8 0.196575 0.895808 0.059610 0.088183
8 0.273595 0.893575 0.060950 0.088183
8 0.345925 0.894133 0.058270 0.080367
8 0.420945 0.890783 0.052910 0.082600
8 0.491935 0.889108 0.050230 0.079250
8 0.567960 0.891900 0.049560 0.089300
8 0.642300 0.890225 0.053580 0.083717
8 0.717850 0.886092 0.051580 0.081483
8 0.795680 0.895250 0.060280 0.096000
8 0.869015 0.896367 0.052910 0.093767
8 0.942360 0.896367 0.053580 0.084833
9 0.053780 0.095650 0.039320 0.034000
9 0.058350 0.194125 0.028360 0.031983
7 0.945905 0.247583 0.025450 0.032367
7 0.868280 0.669650 0.036160 0.030133
7 0.795540 0.585258 0.034160 0.020083
7 0.719260 0.667967 0.038180 0.020100
7 0.640890 0.060717 0.030140 0.020100
7 0.568225 0.737742 0.037510 0.027917
7 0.493880 0.666858 0.032140 0.022317
7 0.419870 0.401733 0.026120 0.034600
7 0.343520 0.177925 0.036840 0.040183
7 0.271180 0.763417 0.027460 0.025667
7 0.195835 0.326392 0.026790 0.037950
7 0.122160 0.093650 0.032140 0.039067
