7 0.940950 0.064067 0.031480 0.020100
7 0.868615 0.225367 0.023450 0.034600
7 0.794270 0.531783 0.026120 0.029033
7 0.719595 0.554108 0.025450 0.024550
8 0.940355 0.899217 0.056990 0.089300
8 0.864450 0.897350 0.058100 0.083733
8 0.790745 0.895950 0.059170 0.088367
8 0.718465 0.893725 0.048550 0.076283
8 0.642585 0.889900 0.049730 0.080000
8 0.567795 0.890367 0.043030 0.080933
8 0.492975 0.891300 0.050790 0.079067
8 0.419050 0.888975 0.048060 0.072550
7 0.643235 0.487133 0.026790 0.022333
7 0.567555 0.445833 0.024110 0.031267
7 0.493550 0.767317 0.031480 0.022333
7 0.417525 0.364900 0.033490 0.036833
7 0.343185 0.438575 0.024110 0.030150
7 0.268835 0.252717 0.026790 0.024567
7 0.196505 0.758950 0.034830 0.025667
7 0.119145 0.597642 0.034150 0.024550
8 0.343395 0.891300 0.047450 0.069767
8 0.271420 0.892700 0.053080 0.080000
8 0.194400 0.891767 0.050840 0.078133
8 0.119610 0.895950 0.050840 0.080933
9 0.052160 0.094875 0.039520 0.035950
9 0.057950 0.191358 0.037420 0.034217
9 0.057165 0.279517 0.031630 0.040333
9 0.058215 0.374692 0.031630 0.039483
9 0.057950 0.465033 0.031100 0.039467
9 0.058740 0.561958 0.033740 0.045617
9 0.057955 0.650117 0.033210 0.044733
9 0.057425 0.746600 0.031110 0.030700
9 0.056110 0.837833 0.033740 0.025433
5 0.533325 0.451058 0.901350 0.770250
3 0.925590 0.094750 0.114620 0.044367
2 0.528710 0.033458 0.213800 0.053250
1 0.046530 0.454475 0.072760 0.805783
0 0.536020 0.906167 0.909220 0.139833
10 0.531775 0.958525 0.059450 0.033750
11 0.020845 0.454733 0.019310 0.286367
