1 0.043460 0.445283 0.074820 0.786000
7 0.947245 0.345817 0.037510 0.032367
7 0.868280 0.364342 0.033480 0.037950
7 0.800635 0.179600 0.040190 0.025667
7 0.717920 0.355408 0.028800 0.033483
7 0.645245 0.071875 0.024110 0.022317
7 0.566885 0.719325 0.033490 0.029017
7 0.492205 0.563042 0.039510 0.029017
7 0.420540 0.118200 0.027460 0.030133
7 0.345865 0.655692 0.030810 0.037950
10 0.532750 0.959283 0.062960 0.033533
11 0.022305 0.452683 0.024470 0.284500
7 0.271180 0.513367 0.039520 0.034600
7 0.193490 0.771225 0.034160 0.025683
7 0.121155 0.224250 0.034150 0.030133
9 0.057265 0.735000 0.032270 0.033500
9 0.056980 0.580683 0.031100 0.037567
9 0.059110 0.412150 0.032320 0.040600
9 0.056525 0.259358 0.036270 0.037550
9 0.053325 0.101992 0.037190 0.034517
8 0.940885 0.900142 0.061390 0.091150
8 0.866675 0.894092 0.055870 0.082783
8 0.794120 0.897350 0.059220 0.085567
8 0.718215 0.891767 0.054750 0.080000
8 0.642030 0.890375 0.051960 0.077217
8 0.564165 0.892700 0.050290 0.076267
8 0.490745 0.888608 0.053030 0.077217
8 0.419050 0.890833 0.052520 0.080000
8 0.342585 0.893167 0.048050 0.088367
8 0.269470 0.890375 0.048060 0.086517
8 0.191330 0.892233 0.050280 0.079067
8 0.121285 0.891300 0.051970 0.077200
5 0.534445 0.452917 0.908030 0.778933
3 0.928985 0.097325 0.116470 0.061917
2 0.535280 0.036450 0.210220 0.048267
0 0.534370 0.904992 0.904980 0.137483
