9 0.056110 0.510650 0.033740 0.044733
7 0.867615 0.494392 0.026790 0.025683
7 0.938605 0.407875 0.029470 0.035717
8 0.717005 0.891283 0.044970 0.073567
8 0.792105 0.897558 0.054670 0.089717
8 0.866755 0.897292 0.057870 0.088383
8 0.945120 0.895767 0.055480 0.087933
9 0.053475 0.068125 0.043210 0.031583
9 0.058480 0.154525 0.034260 0.032450
9 0.057160 0.241800 0.036900 0.036833
9 0.057410 0.330400 0.033180 0.033333
9 0.057425 0.418108 0.032150 0.033317
7 0.793600 0.757833 0.028800 0.036833
9 0.057135 0.587400 0.030530 0.045600
9 0.054790 0.680383 0.034260 0.042100
9 0.055055 0.775983 0.036890 0.047367
8 0.121035 0.891008 0.044150 0.073117
8 0.193885 0.893292 0.049550 0.074917
8 0.268305 0.890833 0.048750 0.073567
8 0.345015 0.889933 0.047130 0.076267
8 0.418505 0.892175 0.047670 0.079850
5 0.534070 0.449200 0.911740 0.776433
3 0.925580 0.113275 0.110900 0.094017
2 0.534385 0.037942 0.207830 0.046283
1 0.045240 0.444150 0.075340 0.792033
0 0.535075 0.908525 0.906390 0.147683
8 0.493285 0.890558 0.047910 0.078517
8 0.567080 0.890833 0.046060 0.076267
11 0.020290 0.455300 0.022680 0.284500
10 0.532555 0.960908 0.059970 0.032883
7 0.121820 0.066858 0.030140 0.023450
7 0.194160 0.470392 0.027460 0.022317
7 0.272120 0.269908 0.032140 0.030150
7 0.343520 0.562458 0.022100 0.030083
7 0.420205 0.254392 0.029470 0.034617
7 0.490800 0.451300 0.036840 0.029033
7 0.569900 0.769558 0.030140 0.033483
7 0.642900 0.384442 0.027460 0.033483
7 0.719190 0.154375 0.026120 0.031250
8 0.642850 0.893075 0.048480 0.077150
