8 0.489005 0.891850 0.046730 0.075800
11 0.021185 0.456233 0.019090 0.280367
8 0.715410 0.890300 0.048440 0.074767
8 0.638705 0.890275 0.048930 0.076583
10 0.527235 0.960042 0.061790 0.037217
7 0.942625 0.320250 0.030810 0.039067
7 0.866275 0.058483 0.026790 0.026800
8 0.866040 0.898575 0.056860 0.084383
8 0.790025 0.895333 0.052810 0.084633
7 0.787905 0.612158 0.025450 0.037950
7 0.713230 0.532342 0.023440 0.025683
7 0.642900 0.104808 0.023440 0.018983
7 0.565545 0.250483 0.030810 0.033500
7 0.490200 0.552992 0.028800 0.029017
7 0.411830 0.755600 0.026120 0.030133
7 0.339835 0.585367 0.032150 0.026800
9 0.050995 0.072458 0.033810 0.041117
9 0.048715 0.194025 0.036550 0.032483
9 0.049780 0.320933 0.031980 0.031467
0 0.528475 0.908133 0.915810 0.148467
1 0.039820 0.445867 0.068620 0.792033
2 0.527365 0.038433 0.214690 0.043300
3 0.927130 0.094233 0.104080 0.049533
5 0.528870 0.447342 0.916200 0.780150
8 0.412765 0.892608 0.047830 0.078150
8 0.338690 0.892992 0.045480 0.072683
8 0.262135 0.893642 0.047510 0.074517
8 0.188300 0.892475 0.049380 0.074250
8 0.111505 0.890817 0.046270 0.075300
9 0.050235 0.444033 0.034110 0.033000
9 0.048710 0.567125 0.032280 0.039583
9 0.049625 0.692508 0.032890 0.032483
7 0.267165 0.189650 0.035490 0.025667
9 0.049470 0.818400 0.036240 0.030467
8 0.942440 0.898733 0.051720 0.085933
7 0.188465 0.316900 0.032150 0.025667
7 0.112450 0.247692 0.022100 0.036850
8 0.563780 0.890658 0.048920 0.075283
