7 0.570982 0.304566 0.086791 0.037628
7 0.677403 0.383774 0.084723 0.041584
7 0.729063 0.508526 0.084723 0.041584
2 0.499274 0.029914 0.431895 0.047528
7 0.636072 0.131299 0.026860 0.039602
7 0.070792 0.537144 0.033271 0.043764
7 0.351521 0.130905 0.028935 0.039609
7 0.166881 0.769814 0.047732 0.037826
7 0.695896 0.638131 0.084931 0.039801
7 0.583275 0.722290 0.091127 0.041783
7 0.442756 0.731199 0.099398 0.039801
7 0.322901 0.657932 0.099398 0.043764
7 0.272272 0.527243 0.105595 0.039801
7 0.382828 0.910411 0.049806 0.029901
6 0.499274 0.519023 0.981577 0.906925
7 0.663869 0.892588 0.029136 0.033857
7 0.866380 0.737144 0.029136 0.043764
3 0.107054 0.282989 0.142586 0.411889
7 0.930546 0.500606 0.028935 0.037621
7 0.840657 0.272883 0.030996 0.049503
7 0.310605 0.396647 0.103326 0.039602
7 0.424260 0.307538 0.103320 0.047522
