7 0.830298 0.217742 0.046340 0.028217
7 0.162330 0.236721 0.045017 0.029866
7 0.094805 0.530449 0.045017 0.033168
7 0.179542 0.815103 0.045017 0.031515
2 0.501145 0.022281 0.439576 0.039601
7 0.382116 0.976819 0.042367 0.034822
7 0.656850 0.964442 0.041047 0.039769
7 0.713121 0.502396 0.042370 0.029870
7 0.676049 0.656687 0.042367 0.031519
7 0.576086 0.758999 0.046340 0.031519
7 0.447655 0.764771 0.054286 0.033168
7 0.336438 0.676490 0.054283 0.034817
7 0.288109 0.523023 0.052960 0.038116
7 0.842875 0.779627 0.047663 0.033168
7 0.908414 0.494971 0.041044 0.038116
7 0.358285 0.051078 0.039721 0.024918
3 0.940859 0.176488 0.084747 0.257591
6 0.500000 0.511173 1.000000 0.977654
7 0.326507 0.359658 0.050313 0.038116
7 0.432428 0.257348 0.055609 0.034822
7 0.562845 0.255697 0.048990 0.034817
7 0.669428 0.350581 0.045017 0.036471
7 0.636328 0.046951 0.047667 0.026567
