7 0.083908 0.759829 0.114724 0.039604
6 0.498708 0.524350 0.997417 0.869306
3 0.905890 0.517255 0.165149 0.277230
7 0.562976 0.155044 0.074384 0.044559
7 0.736954 0.454548 0.092032 0.039604
7 0.645553 0.796134 0.063037 0.042907
7 0.334159 0.925672 0.088250 0.037952
2 0.386857 0.028643 0.427379 0.046206
7 0.051130 0.409994 0.079424 0.039604
7 0.317139 0.312635 0.064300 0.042902
7 0.465902 0.314287 0.061775 0.046206
7 0.558565 0.482602 0.063037 0.042902
7 0.514440 0.668246 0.065557 0.041250
7 0.382066 0.741680 0.068077 0.049504
7 0.250322 0.648442 0.064295 0.041256
7 0.223847 0.458673 0.064295 0.041256
7 0.221956 0.144317 0.080682 0.039604
