7 0.878067 0.758227 0.097152 0.033169
7 0.158401 0.823409 0.101138 0.031518
7 0.072015 0.544532 0.087848 0.034816
7 0.126503 0.252460 0.095822 0.031534
7 0.308581 0.058558 0.098481 0.033169
7 0.548470 0.249151 0.043990 0.034816
7 0.662764 0.335786 0.057279 0.033169
7 0.711273 0.486775 0.055953 0.034820
7 0.684029 0.643541 0.049310 0.034816
7 0.581029 0.749151 0.050636 0.034816
7 0.372374 0.978524 0.090505 0.028219
7 0.928569 0.469448 0.094492 0.033169
6 0.500000 0.513710 1.000000 0.972579
3 0.914017 0.179101 0.139549 0.260727
7 0.696655 0.954599 0.098481 0.033169
7 0.637579 0.040817 0.095690 0.029703
7 0.453443 0.764820 0.050636 0.033152
7 0.341805 0.679020 0.055953 0.036467
2 0.501355 0.021233 0.490407 0.042467
7 0.290638 0.527203 0.054623 0.033169
7 0.323199 0.367138 0.055953 0.039770
7 0.420882 0.260702 0.049306 0.038119
