7 0.632974 0.130308 0.037192 0.045547
3 0.096311 0.280411 0.126051 0.413863
6 0.495138 0.523973 0.977441 0.920789
7 0.333233 0.666842 0.103534 0.041783
7 0.452054 0.736153 0.089059 0.041783
7 0.590612 0.720411 0.084723 0.033665
7 0.698067 0.631299 0.097130 0.045540
7 0.726995 0.501597 0.088859 0.039602
7 0.680505 0.381796 0.090927 0.037628
7 0.564779 0.310507 0.086791 0.041584
7 0.422192 0.311498 0.103320 0.043565
7 0.071822 0.554964 0.035332 0.043764
7 0.180311 0.791597 0.041535 0.037826
7 0.406594 0.915361 0.039467 0.043764
7 0.680398 0.887638 0.037407 0.035845
7 0.875681 0.728231 0.039467 0.041776
7 0.930546 0.487737 0.041328 0.035646
7 0.839620 0.264964 0.037192 0.045540
7 0.353586 0.135855 0.037199 0.041584
2 0.498240 0.033873 0.710864 0.047522
