7 0.310886 0.698773 0.053742 0.028052
7 0.334136 0.102570 0.037665 0.031353
7 0.798423 0.476828 0.020281 0.029701
7 0.802043 0.509831 0.030422 0.023103
7 0.765104 0.714452 0.046358 0.029705
7 0.559399 0.909998 0.049256 0.031353
7 0.202239 0.852239 0.036358 0.028052
7 0.387011 0.290358 0.060840 0.039604
7 0.626432 0.492338 0.041776 0.018807
7 0.627108 0.511237 0.041440 0.019996
7 0.602785 0.625341 0.052298 0.029705
7 0.488344 0.728476 0.043601 0.031353
6 0.525936 0.500095 0.938712 0.918815
2 0.427718 0.021878 0.373749 0.033664
3 0.940531 0.139701 0.099086 0.186138
