7 0.301048 0.312836 0.049784 0.028730
2 0.378003 0.029667 0.485327 0.049503
6 0.500000 0.511352 1.000000 0.899012
7 0.522723 0.125545 0.090327 0.042906
7 0.727061 0.569272 0.072392 0.046208
7 0.127015 0.795344 0.049166 0.046208
7 0.126370 0.238414 0.055618 0.041253
7 0.127659 0.205409 0.089166 0.028053
7 0.188956 0.149306 0.105944 0.034650
7 0.433489 0.304419 0.068522 0.041253
7 0.552853 0.546995 0.064647 0.041258
7 0.250896 0.669106 0.067229 0.044554
7 0.251514 0.363806 0.049162 0.029441
7 0.265265 0.346656 0.050406 0.035886
3 0.906487 0.518942 0.162577 0.247523
