7 0.604546 0.148444 0.028653 0.029705
3 0.935362 0.138708 0.108316 0.180198
7 0.386056 0.097289 0.027222 0.026400
7 0.209116 0.155871 0.063042 0.024751
7 0.580190 0.375344 0.048712 0.037955
7 0.393937 0.739205 0.060172 0.036303
2 0.424740 0.020887 0.379956 0.035645
6 0.509844 0.499106 0.973100 0.908912
7 0.321585 0.315112 0.055878 0.033006
7 0.407548 0.284585 0.044414 0.024751
7 0.455544 0.290358 0.042983 0.029705
7 0.516435 0.312637 0.044414 0.024751
7 0.716299 0.258181 0.034385 0.028056
7 0.361700 0.927323 0.027222 0.029705
7 0.491362 0.102239 0.028653 0.023103
