7 0.679917 0.382886 0.077497 0.044553
7 0.696276 0.636183 0.082663 0.042903
7 0.586065 0.721995 0.092988 0.039602
7 0.445719 0.732720 0.101604 0.034652
7 0.325173 0.662588 0.098160 0.039609
7 0.268344 0.533052 0.098154 0.041252
7 0.306231 0.399387 0.098160 0.041252
7 0.425052 0.311100 0.101598 0.039602
7 0.136521 0.297820 0.034620 0.038118
7 0.060750 0.544516 0.044945 0.036468
7 0.168382 0.779669 0.032891 0.034818
7 0.391387 0.912505 0.031169 0.033174
7 0.667777 0.895176 0.039786 0.041418
7 0.870982 0.729334 0.032891 0.033168
7 0.935557 0.490888 0.041501 0.031518
7 0.630837 0.132061 0.027552 0.042903
7 0.354450 0.136186 0.036162 0.031352
3 0.896051 0.281398 0.142614 0.411875
2 0.503406 0.032883 0.440159 0.049503
6 0.504440 0.524964 0.971245 0.918807
7 0.564540 0.306150 0.084378 0.039602
7 0.727275 0.500871 0.075768 0.039609
