7 0.319146 0.657638 0.092994 0.037952
7 0.269205 0.529748 0.096432 0.042903
6 0.501338 0.523973 0.989841 0.920789
2 0.502376 0.030905 0.669537 0.049510
3 0.105612 0.281402 0.144654 0.411882
7 0.353589 0.132061 0.030996 0.033002
7 0.633420 0.132061 0.025830 0.033002
7 0.840930 0.272323 0.034447 0.033009
7 0.931338 0.500046 0.029274 0.029702
7 0.875287 0.740885 0.041501 0.033168
7 0.658306 0.896826 0.041508 0.034818
7 0.385360 0.912505 0.032891 0.036474
7 0.164077 0.772243 0.031169 0.033168
7 0.068499 0.536266 0.029447 0.036468
7 0.423330 0.311928 0.105041 0.036302
7 0.566262 0.307803 0.077490 0.037952
7 0.682500 0.386183 0.086107 0.039602
7 0.728140 0.508294 0.084385 0.036296
7 0.687666 0.637836 0.086107 0.037952
7 0.580038 0.724467 0.074046 0.036302
7 0.440550 0.729417 0.098154 0.029702
