7 0.710764 0.543694 0.046851 0.034651
6 0.500000 0.513351 1.000000 0.973297
3 0.912890 0.179008 0.143231 0.259076
7 0.463124 0.249964 0.052207 0.034655
7 0.344659 0.329173 0.053542 0.031350
7 0.291114 0.476038 0.056220 0.037952
7 0.315210 0.632804 0.050868 0.037952
7 0.412925 0.747489 0.045512 0.036306
7 0.540761 0.763165 0.046851 0.034655
7 0.655881 0.688082 0.044176 0.029703
2 0.500603 0.023891 0.441736 0.041254
7 0.688008 0.388579 0.046851 0.034651
7 0.594975 0.273893 0.050864 0.033000
7 0.384995 0.036653 0.091454 0.022549
7 0.169973 0.179833 0.100393 0.033005
7 0.074932 0.452936 0.097715 0.034655
7 0.119107 0.742539 0.095041 0.033000
7 0.292454 0.943859 0.099058 0.039603
7 0.619071 0.978512 0.093702 0.029703
7 0.829229 0.834948 0.096376 0.033005
7 0.932969 0.573406 0.095037 0.024772
7 0.714778 0.078347 0.082993 0.031354
