7 0.180727 0.848995 0.047275 0.028219
2 0.392778 0.028780 0.206865 0.033663
6 0.505099 0.516900 0.984228 0.938610
7 0.485435 0.321687 0.059259 0.037955
7 0.577420 0.516570 0.051180 0.021451
7 0.576072 0.544541 0.048484 0.028219
7 0.564625 0.598168 0.049830 0.036469
7 0.530284 0.667478 0.056567 0.033171
7 0.445437 0.731834 0.053872 0.033166
7 0.288536 0.696355 0.063300 0.034820
7 0.223890 0.434805 0.065992 0.033171
7 0.594861 0.157577 0.072861 0.028214
7 0.767251 0.518962 0.075553 0.028214
7 0.798226 0.568468 0.145586 0.031517
7 0.773311 0.664176 0.130770 0.028219
7 0.670954 0.792892 0.058050 0.031517
7 0.550418 0.910875 0.134816 0.029868
7 0.055476 0.368798 0.058050 0.031517
3 0.886507 0.200068 0.202017 0.285150
