7 0.426988 0.738215 0.041512 0.035839
7 0.087357 0.554155 0.160171 0.027719
7 0.286839 0.537224 0.044180 0.033858
7 0.277495 0.867917 0.044180 0.029899
7 0.357580 0.706530 0.044180 0.035843
7 0.400961 0.927323 0.040176 0.025944
7 0.493059 0.724353 0.037508 0.031884
6 0.499933 0.500095 0.993063 0.914852
2 0.438534 0.022867 0.253606 0.043567
7 0.481046 0.292669 0.045513 0.035843
7 0.595168 0.111480 0.161640 0.033862
7 0.745997 0.574848 0.062867 0.029899
7 0.592498 0.545143 0.041512 0.033862
7 0.738654 0.698609 0.101577 0.035843
7 0.575146 0.610476 0.041512 0.033853
7 0.650560 0.819401 0.048184 0.031880
7 0.545781 0.680788 0.038843 0.035843
7 0.587160 0.904551 0.105578 0.035839
3 0.895691 0.165443 0.193541 0.237622
