2 0.433720 0.027359 0.493035 0.051151
7 0.272408 0.581648 0.064470 0.037957
7 0.276200 0.435609 0.067004 0.042901
7 0.341939 0.328347 0.059416 0.039605
3 0.892499 0.518942 0.187099 0.382839
7 0.758493 0.367951 0.073320 0.033002
7 0.654955 0.180824 0.088491 0.034650
6 0.499282 0.510361 0.998565 0.897032
7 0.769239 0.617951 0.061946 0.034650
7 0.485426 0.924881 0.065741 0.041253
7 0.671262 0.832475 0.085966 0.037951
7 0.226265 0.855576 0.073325 0.037957
7 0.073930 0.639405 0.130212 0.037951
7 0.109328 0.372077 0.069533 0.037957
7 0.232585 0.174058 0.073325 0.034650
7 0.479736 0.103925 0.087229 0.042906
7 0.438020 0.293694 0.061946 0.046202
7 0.532203 0.332475 0.058154 0.044554
7 0.591617 0.436433 0.055625 0.037957
7 0.598571 0.570099 0.056891 0.044554
7 0.546107 0.688084 0.063212 0.042906
7 0.443707 0.741716 0.065737 0.037957
7 0.340674 0.700460 0.067004 0.044554
