7 0.560837 0.585619 0.062175 0.025787
7 0.561312 0.437600 0.049750 0.023875
7 0.515956 0.380306 0.050712 0.025787
7 0.290825 0.212669 0.089500 0.024187
7 0.060487 0.580519 0.103250 0.024187
7 0.316038 0.821169 0.160550 0.026462
3 0.876119 0.513425 0.213137 0.191375
7 0.242837 0.549806 0.062175 0.026738
7 0.365981 0.346881 0.063038 0.026737
2 0.412706 0.144125 0.421113 0.031175
6 0.500000 0.520875 1.000000 0.671075
7 0.724569 0.647556 0.079188 0.029913
7 0.716544 0.376538 0.063137 0.026475
7 0.623325 0.269225 0.045375 0.033000
7 0.400406 0.680638 0.062163 0.024825
