2 0.390331 0.125331 0.411587 0.034387
7 0.062062 0.361775 0.093650 0.026125
7 0.068937 0.688363 0.101900 0.030250
7 0.380494 0.334656 0.063038 0.028638
7 0.561325 0.462137 0.061875 0.025325
7 0.531531 0.622000 0.048137 0.026475
7 0.417506 0.689044 0.060738 0.027612
7 0.241606 0.608250 0.061887 0.026475
7 0.233000 0.431775 0.063000 0.026475
7 0.355856 0.186025 0.057763 0.031625
7 0.734500 0.420919 0.066150 0.026163
7 0.682937 0.714494 0.081275 0.030263
7 0.514481 0.834131 0.159662 0.027512
3 0.878069 0.514456 0.215438 0.189087
6 0.500000 0.523350 1.000000 0.726075
