7 0.598250 0.476844 0.080700 0.033338
7 0.071931 0.611925 0.142113 0.040350
7 0.270175 0.801400 0.142100 0.040350
7 0.589475 0.790875 0.142100 0.040350
7 0.765787 0.454038 0.070175 0.040350
2 0.440375 0.141238 0.382500 0.031775
3 0.891231 0.513688 0.200087 0.199925
6 0.500000 0.536188 1.000000 0.752125
7 0.501750 0.661056 0.080700 0.033337
7 0.187719 0.283862 0.142113 0.040350
7 0.480700 0.343506 0.080700 0.033337
7 0.312281 0.387369 0.080713 0.033338
7 0.278950 0.569825 0.080700 0.033325
7 0.366663 0.666319 0.080700 0.033337
7 0.529825 0.208425 0.142100 0.040350
