7 0.727000 0.733006 0.143450 0.033337
7 0.187250 0.792644 0.143450 0.033338
2 0.407919 0.110175 0.545663 0.037025
7 0.307013 0.362806 0.080700 0.033337
7 0.222812 0.550531 0.080700 0.033338
7 0.305262 0.662806 0.080700 0.033338
7 0.452631 0.687369 0.080712 0.033338
7 0.577194 0.643506 0.080712 0.033337
7 0.566663 0.434737 0.080700 0.033325
3 0.892981 0.515437 0.200087 0.199925
6 0.500938 0.535250 0.998125 0.717000
7 0.155138 0.233006 0.143450 0.033338
7 0.043856 0.578575 0.087712 0.033325
7 0.714769 0.350744 0.143463 0.033338
7 0.551162 0.838512 0.143450 0.033325
