7 0.525800 0.631175 0.057300 0.026475
7 0.340162 0.678125 0.064175 0.031000
7 0.228437 0.471313 0.063125 0.027625
7 0.410062 0.337231 0.061875 0.023038
7 0.700331 0.315287 0.105888 0.026125
7 0.495431 0.191731 0.160887 0.029013
7 0.754650 0.492963 0.079750 0.020625
2 0.400838 0.135831 0.461250 0.036288
7 0.049894 0.441319 0.078387 0.027638
7 0.650138 0.732169 0.049500 0.029013
7 0.271975 0.816044 0.068750 0.026262
3 0.878638 0.513881 0.214300 0.187937
6 0.500000 0.515925 1.000000 0.707925
7 0.536919 0.406281 0.052713 0.025213
7 0.573931 0.502844 0.057287 0.028813
