7 0.466663 0.347019 0.080700 0.033338
3 0.882456 0.515437 0.200088 0.199925
7 0.801225 0.412850 0.142100 0.040350
7 0.721712 0.689600 0.142100 0.040350
7 0.510700 0.206425 0.142100 0.040350
7 0.111619 0.363912 0.142112 0.040350
7 0.074925 0.610088 0.142100 0.040350
7 0.270175 0.561056 0.080700 0.033338
7 0.282456 0.431231 0.080712 0.033338
7 0.598250 0.464562 0.080700 0.033325
7 0.584213 0.604912 0.080700 0.033325
7 0.391225 0.675087 0.080700 0.033325
6 0.500000 0.528063 1.000000 0.703125
7 0.318044 0.813450 0.142112 0.040350
2 0.442106 0.147019 0.505262 0.037012
