7 0.652075 0.239125 0.143450 0.033325
7 0.059913 0.494481 0.119825 0.033338
7 0.150550 0.283469 0.143450 0.033338
7 0.127613 0.740656 0.143450 0.033337
7 0.623025 0.784994 0.143450 0.033338
7 0.287725 0.392631 0.080700 0.033338
7 0.243863 0.504912 0.080700 0.033325
7 0.287725 0.632981 0.080700 0.033338
7 0.517544 0.662806 0.080712 0.033338
7 0.517544 0.364562 0.080712 0.033325
2 0.421025 0.129475 0.406950 0.037025
6 0.500000 0.516000 1.000000 0.675250
7 0.749919 0.526587 0.063912 0.033325
3 0.892962 0.517181 0.214075 0.199887
7 0.603513 0.520700 0.080700 0.033325
