7 0.291225 0.382106 0.080700 0.033337
7 0.475438 0.687369 0.080700 0.033338
7 0.308775 0.671581 0.080700 0.033338
7 0.228075 0.527719 0.080700 0.033338
7 0.217825 0.794169 0.131150 0.033337
7 0.465531 0.174906 0.131163 0.033337
2 0.410550 0.113687 0.445650 0.037025
6 0.500000 0.509500 1.000000 0.727500
7 0.115381 0.269706 0.131163 0.033337
7 0.046137 0.526587 0.092275 0.033325
3 0.891231 0.515437 0.200087 0.199925
7 0.580212 0.821694 0.131150 0.033338
7 0.585962 0.487369 0.080700 0.033338
7 0.410525 0.329475 0.080700 0.033325
