7 0.268425 0.548775 0.080700 0.033325
7 0.626912 0.779813 0.142100 0.040350
7 0.270644 0.795112 0.142113 0.040350
7 0.069931 0.579512 0.139863 0.040350
7 0.261469 0.256881 0.142112 0.040362
7 0.663606 0.259937 0.142113 0.040350
7 0.359650 0.666319 0.080700 0.033337
7 0.526312 0.650531 0.080700 0.033338
2 0.435975 0.145250 0.514050 0.040500
7 0.614038 0.510175 0.080700 0.033325
6 0.500000 0.520563 1.000000 0.682375
7 0.535088 0.375088 0.080700 0.033325
3 0.889475 0.517194 0.200075 0.199913
7 0.352631 0.373331 0.080712 0.033338
7 0.767575 0.510700 0.050350 0.040350
