7 0.589112 0.810231 0.092575 0.029862
7 0.306106 0.827556 0.067812 0.031512
7 0.077556 0.686469 0.135488 0.033163
7 0.152637 0.297856 0.051325 0.028212
7 0.278050 0.395213 0.064525 0.041425
7 0.263200 0.608088 0.054625 0.028225
7 0.372938 0.683169 0.072775 0.033162
7 0.483494 0.674944 0.056262 0.026613
7 0.578462 0.569375 0.064350 0.033000
7 0.551238 0.355712 0.075900 0.021425
7 0.682425 0.247606 0.074250 0.026412
2 0.411812 0.126287 0.424000 0.034375
3 0.890675 0.513306 0.190225 0.193663
6 0.500000 0.574438 1.000000 0.851125
7 0.784731 0.612206 0.140263 0.029537
