7 0.553675 0.443806 0.047850 0.026737
7 0.533937 0.207344 0.061875 0.030262
7 0.731544 0.391063 0.079762 0.028875
7 0.750106 0.669525 0.160888 0.033000
7 0.508775 0.832481 0.101750 0.028888
7 0.136112 0.757537 0.088000 0.030250
7 0.103106 0.325744 0.052263 0.027513
7 0.243794 0.409913 0.062163 0.023875
7 0.271969 0.645306 0.061212 0.026738
7 0.427144 0.686369 0.052612 0.024838
7 0.547469 0.597556 0.062162 0.024838
7 0.453363 0.344494 0.058250 0.025788
3 0.878988 0.512306 0.212025 0.189138
6 0.500000 0.522250 1.000000 0.739825
2 0.389162 0.124563 0.431050 0.033150
