7 0.328075 0.361056 0.080700 0.033338
6 0.500000 0.518687 1.000000 0.703375
7 0.561400 0.604912 0.080700 0.033325
3 0.889475 0.517194 0.200075 0.199913
7 0.268425 0.596144 0.080700 0.033338
7 0.456137 0.689125 0.080700 0.033325
7 0.580700 0.425969 0.080700 0.033338
7 0.466663 0.338244 0.080700 0.033338
7 0.525162 0.823225 0.143450 0.033325
7 0.728525 0.688669 0.143450 0.033337
7 0.774400 0.364506 0.143450 0.033338
7 0.534338 0.199369 0.143450 0.033338
7 0.224000 0.240656 0.067000 0.033338
7 0.081738 0.670319 0.143450 0.033338
2 0.421037 0.131231 0.484175 0.037012
