7 0.759644 0.620700 0.085962 0.040350
7 0.075438 0.320700 0.142100 0.040350
7 0.252631 0.408419 0.080712 0.033338
7 0.607019 0.811925 0.142113 0.040350
7 0.749125 0.755787 0.142100 0.040350
2 0.410525 0.119300 0.505250 0.037025
7 0.203513 0.792637 0.142100 0.040350
6 0.500000 0.514938 1.000000 0.724375
7 0.671931 0.269825 0.142113 0.040350
7 0.521050 0.382106 0.080700 0.033337
7 0.315787 0.666319 0.080700 0.033337
7 0.496488 0.675087 0.080700 0.033325
7 0.582456 0.643506 0.080712 0.033337
7 0.580700 0.562806 0.080700 0.033337
3 0.890331 0.514537 0.200087 0.199925
