7 0.051537 0.417875 0.059125 0.024750
7 0.408519 0.327306 0.061213 0.026738
7 0.225650 0.460994 0.060250 0.026737
7 0.365550 0.692575 0.049750 0.023875
7 0.270056 0.638619 0.059313 0.022912
7 0.525031 0.648175 0.065038 0.028650
7 0.476181 0.177088 0.136137 0.030250
6 0.500000 0.524312 1.000000 0.754950
2 0.402763 0.112625 0.383975 0.027850
7 0.734988 0.392438 0.048125 0.031625
7 0.657287 0.763038 0.071500 0.033000
3 0.888719 0.513425 0.187938 0.186800
7 0.275006 0.843481 0.134763 0.028888
7 0.575594 0.446200 0.063988 0.028650
7 0.118231 0.745162 0.085263 0.027500
