3 0.882438 0.509287 0.235125 0.208675
7 0.087862 0.552588 0.163525 0.040350
7 0.664313 0.714662 0.142100 0.040350
7 0.375438 0.366319 0.080700 0.033337
7 0.315688 0.248300 0.142100 0.040350
7 0.615381 0.272762 0.142113 0.040350
7 0.522813 0.376844 0.080700 0.033338
7 0.580700 0.461056 0.080700 0.033338
7 0.554388 0.620700 0.080700 0.033325
7 0.312625 0.768175 0.142100 0.040350
6 0.500000 0.513125 1.000000 0.628500
2 0.447362 0.174219 0.414025 0.045812
7 0.292988 0.536494 0.080700 0.033337
7 0.389475 0.650531 0.080700 0.033338
