7 0.508775 0.362806 0.080700 0.033337
7 0.228075 0.492631 0.080700 0.033338
7 0.256138 0.615438 0.080700 0.033325
7 0.378950 0.690881 0.080700 0.033337
7 0.737687 0.641262 0.106875 0.040350
3 0.894713 0.513669 0.210575 0.203413
2 0.404356 0.117219 0.538538 0.037062
7 0.292750 0.838512 0.174225 0.040350
7 0.118438 0.703962 0.088625 0.040350
7 0.043906 0.479188 0.087813 0.040350
7 0.196419 0.217725 0.174212 0.040350
7 0.636788 0.240650 0.174225 0.040350
6 0.500000 0.527750 1.000000 0.710250
7 0.580700 0.583856 0.080700 0.033338
7 0.322813 0.355794 0.080700 0.033338
