7 0.776325 0.562956 0.085925 0.030362
7 0.451844 0.689087 0.061913 0.025300
7 0.485756 0.348319 0.048987 0.026387
7 0.546588 0.398656 0.055450 0.025838
7 0.588581 0.539156 0.065138 0.026912
7 0.292763 0.369856 0.063525 0.032837
3 0.891838 0.512775 0.200000 0.197675
2 0.408900 0.116256 0.491475 0.043413
7 0.515987 0.833306 0.061375 0.025838
7 0.082200 0.712825 0.144700 0.032950
7 0.179100 0.249969 0.052975 0.027138
7 0.584788 0.211856 0.077525 0.025837
7 0.725294 0.296481 0.138888 0.029712
7 0.262619 0.623138 0.061362 0.030150
6 0.499187 0.517062 0.996125 0.694625
