2 0.407350 0.106956 0.491475 0.049612
7 0.048238 0.556456 0.057450 0.035737
7 0.082737 0.332419 0.078375 0.032638
7 0.470719 0.176219 0.153563 0.031863
7 0.755987 0.391762 0.090000 0.031775
7 0.180019 0.803744 0.147363 0.034187
7 0.654437 0.755681 0.062100 0.029537
6 0.500000 0.487569 1.000000 0.672888
7 0.527206 0.647087 0.061912 0.025300
7 0.315913 0.670775 0.069975 0.026375
7 0.220362 0.534313 0.059750 0.022600
7 0.247275 0.409956 0.067300 0.029063
7 0.402588 0.326519 0.063525 0.026913
7 0.573506 0.448450 0.066213 0.026375
3 0.889900 0.515875 0.193025 0.203875
