3 0.878425 0.517256 0.223350 0.189737
6 0.500000 0.515687 1.000000 0.724375
7 0.178069 0.777356 0.131162 0.033338
7 0.078681 0.378269 0.131162 0.033338
7 0.511406 0.190194 0.131162 0.033338
7 0.726206 0.456250 0.077588 0.033325
7 0.682656 0.725369 0.131163 0.033337
7 0.511406 0.824756 0.131162 0.033337
7 0.291225 0.659300 0.080700 0.033325
7 0.426312 0.689125 0.080700 0.033325
7 0.529825 0.625969 0.080700 0.033338
7 0.571925 0.483856 0.080700 0.033338
7 0.443863 0.343506 0.080700 0.033337
7 0.236838 0.434737 0.080700 0.033325
2 0.387719 0.127719 0.431563 0.037012
