2 0.440350 0.169844 0.421050 0.037062
6 0.500000 0.505625 1.000000 0.581250
7 0.081819 0.574925 0.158887 0.040350
7 0.237000 0.270637 0.142100 0.040350
7 0.643731 0.276763 0.142113 0.040350
7 0.766056 0.403675 0.142113 0.040350
3 0.883312 0.516294 0.233375 0.208663
7 0.689600 0.681962 0.142100 0.040350
7 0.269112 0.761469 0.142100 0.040363
7 0.585962 0.450531 0.080700 0.033338
7 0.521050 0.380350 0.080700 0.033325
7 0.347369 0.383856 0.080712 0.033338
7 0.294737 0.540000 0.080700 0.033325
7 0.364912 0.652281 0.080700 0.033337
7 0.556137 0.603156 0.080700 0.033338
