7 0.663950 0.239212 0.142100 0.040350
7 0.131581 0.273338 0.142113 0.040350
7 0.589475 0.520700 0.080700 0.033325
7 0.240350 0.580350 0.080700 0.033325
2 0.400875 0.115794 0.505250 0.037012
6 0.500000 0.530125 1.000000 0.779250
7 0.277194 0.640000 0.080712 0.033325
7 0.100000 0.752281 0.142100 0.040363
7 0.468425 0.854038 0.142100 0.040350
3 0.887750 0.514594 0.209000 0.201812
7 0.433337 0.696144 0.080700 0.033337
7 0.580700 0.647019 0.080700 0.033338
7 0.275438 0.376844 0.080700 0.033338
7 0.070175 0.638244 0.080700 0.033337
7 0.517544 0.369825 0.080712 0.033325
