7 0.357431 0.353088 0.065987 0.024825
7 0.483487 0.674906 0.048800 0.026737
7 0.583756 0.580369 0.062163 0.026737
7 0.562225 0.404656 0.062075 0.027688
7 0.706519 0.319419 0.068762 0.026137
6 0.500000 0.537375 1.000000 0.723325
7 0.281187 0.219175 0.042625 0.023375
7 0.572031 0.810475 0.090763 0.026125
7 0.780369 0.637213 0.138888 0.028875
7 0.367825 0.828356 0.061875 0.028888
7 0.077669 0.650962 0.138887 0.028875
2 0.423319 0.135831 0.527212 0.034487
3 0.889294 0.514000 0.189088 0.190225
7 0.269100 0.588487 0.065025 0.023875
7 0.406612 0.683981 0.049750 0.025787
