3 0.891012 0.514000 0.190225 0.190225
7 0.446387 0.334081 0.061875 0.032088
7 0.587106 0.511419 0.067613 0.032212
7 0.481138 0.679275 0.064225 0.028700
7 0.345887 0.684456 0.061875 0.027613
7 0.236450 0.575588 0.063025 0.025325
7 0.262231 0.399687 0.059588 0.026475
7 0.493375 0.184650 0.041250 0.028875
7 0.763450 0.508225 0.057750 0.024750
7 0.608019 0.815569 0.132212 0.026137
7 0.253206 0.826569 0.082638 0.026138
7 0.068250 0.629238 0.067525 0.027500
7 0.078563 0.306763 0.134900 0.026125
6 0.500000 0.517575 1.000000 0.737625
2 0.403700 0.115781 0.405850 0.030562
