7 0.277194 0.432981 0.080712 0.033338
7 0.556137 0.631231 0.080700 0.033338
7 0.577194 0.434737 0.080712 0.033325
3 0.896469 0.511919 0.207062 0.199913
7 0.681131 0.723837 0.131163 0.033325
7 0.379906 0.185606 0.131162 0.033337
7 0.136781 0.356863 0.131162 0.033325
7 0.072569 0.595394 0.131162 0.033337
6 0.500375 0.501625 0.999250 0.676250
7 0.768281 0.369094 0.131163 0.033338
2 0.434200 0.147019 0.549100 0.037012
7 0.377194 0.669825 0.080712 0.033325
7 0.303456 0.804875 0.131163 0.033325
7 0.271925 0.554038 0.080700 0.033325
7 0.412281 0.315438 0.080712 0.033325
