7 0.225294 0.762887 0.066537 0.033600
7 0.074775 0.416956 0.142775 0.038113
7 0.551844 0.216375 0.051687 0.031000
7 0.336081 0.815863 0.090438 0.036175
6 0.500000 0.531375 1.000000 0.697000
7 0.600369 0.488825 0.060162 0.025575
7 0.271987 0.459887 0.060150 0.026025
7 0.526775 0.653063 0.059225 0.025575
7 0.401119 0.677606 0.045863 0.020763
7 0.333925 0.648681 0.048675 0.022938
3 0.890288 0.513937 0.198450 0.198450
7 0.488200 0.351375 0.064600 0.023325
7 0.769863 0.472519 0.063950 0.026487
7 0.669412 0.768700 0.134375 0.040050
2 0.436800 0.140294 0.384500 0.044962
