7 0.295631 0.846231 0.137512 0.031637
7 0.063919 0.408937 0.042638 0.028875
3 0.889294 0.513425 0.189088 0.191375
7 0.376056 0.694963 0.063112 0.024825
7 0.224700 0.453825 0.062150 0.023900
6 0.500000 0.524175 1.000000 0.764025
7 0.372231 0.330169 0.051662 0.022913
7 0.315981 0.180525 0.068763 0.026125
7 0.608469 0.206794 0.136138 0.028888
2 0.402762 0.112625 0.393250 0.029175
7 0.480625 0.345931 0.058350 0.021962
7 0.573256 0.386038 0.052612 0.020050
7 0.582325 0.541687 0.057400 0.023875
7 0.738419 0.295487 0.079762 0.027500
7 0.758363 0.566388 0.059125 0.024750
