7 0.558462 0.571006 0.063025 0.023038
2 0.391287 0.125806 0.455525 0.027688
3 0.878063 0.513881 0.210850 0.187937
6 0.500000 0.534900 1.000000 0.759075
7 0.430688 0.337806 0.064175 0.028762
7 0.726456 0.378756 0.081137 0.029013
7 0.491994 0.864181 0.099012 0.026262
7 0.775962 0.625594 0.160900 0.027637
7 0.076019 0.687469 0.086638 0.027638
7 0.098019 0.335438 0.045387 0.024900
7 0.488556 0.192906 0.064637 0.028887
7 0.241037 0.607675 0.063025 0.025325
7 0.241606 0.414013 0.061887 0.027625
7 0.552387 0.438362 0.044700 0.027500
7 0.422094 0.718269 0.060738 0.021887
