7 0.733963 0.513763 0.059575 0.040350
7 0.238600 0.604912 0.080700 0.033325
6 0.500000 0.510437 1.000000 0.735625
7 0.440350 0.682106 0.080700 0.033337
3 0.885944 0.518050 0.228113 0.205150
7 0.352631 0.311931 0.080712 0.033337
7 0.247369 0.424212 0.080712 0.033325
7 0.580700 0.517194 0.080700 0.033337
7 0.608563 0.229363 0.142100 0.040350
2 0.396494 0.124213 0.505262 0.037025
7 0.491225 0.364562 0.080700 0.033325
7 0.299694 0.163612 0.142113 0.040350
7 0.085625 0.351688 0.142100 0.040350
7 0.082569 0.681962 0.142113 0.040350
7 0.515288 0.825687 0.142100 0.040350
