7 0.259894 0.187137 0.140287 0.033325
7 0.224562 0.478594 0.080700 0.033337
7 0.284212 0.357544 0.080700 0.033338
7 0.370175 0.329475 0.080700 0.033325
7 0.540350 0.387369 0.080700 0.033338
7 0.473688 0.676844 0.080700 0.033337
6 0.500188 0.520062 0.997625 0.742375
3 0.889450 0.513669 0.221100 0.206912
7 0.171950 0.239125 0.080700 0.033325
7 0.049625 0.459306 0.080700 0.033337
7 0.561863 0.818638 0.080700 0.033325
7 0.687250 0.281944 0.080700 0.033337
7 0.082475 0.729956 0.143450 0.033337
7 0.254387 0.629475 0.080700 0.033325
