7 0.707125 0.674906 0.143450 0.033337
7 0.709375 0.382856 0.068500 0.033338
7 0.635263 0.265119 0.143450 0.033338
7 0.559650 0.597894 0.080700 0.033337
7 0.320275 0.234544 0.143450 0.033337
6 0.500812 0.509687 0.997375 0.605625
2 0.435962 0.168069 0.531575 0.037012
7 0.414038 0.359300 0.080700 0.033325
7 0.517544 0.382106 0.080712 0.033337
7 0.584213 0.441756 0.080700 0.033338
7 0.291225 0.482106 0.080700 0.033337
7 0.272875 0.765119 0.143450 0.033337
7 0.085562 0.450138 0.166375 0.033325
3 0.885944 0.515431 0.228113 0.189388
7 0.371925 0.647019 0.080700 0.033338
