9 0.101781 0.417720 0.023338 0.032960
9 0.103794 0.562470 0.026463 0.031540
9 0.102025 0.709980 0.024625 0.035720
9 0.107856 0.857630 0.014512 0.029900
7 0.865781 0.218310 0.031563 0.024620
7 0.767275 0.369750 0.033425 0.025860
7 0.719094 0.625860 0.033462 0.028000
7 0.695131 0.159460 0.033912 0.024720
7 0.645650 0.136020 0.033650 0.024720
7 0.622594 0.290590 0.034038 0.026180
7 0.670931 0.860200 0.024988 0.029480
7 0.524331 0.852850 0.024662 0.024220
8 0.864137 0.923700 0.025600 0.029960
7 0.572431 0.633790 0.031737 0.026260
7 0.598012 0.527630 0.032550 0.025820
8 0.137550 0.923610 0.016450 0.033580
7 0.551181 0.381070 0.034612 0.026460
7 0.502362 0.329380 0.032675 0.024040
7 0.428438 0.294880 0.033075 0.022520
7 0.817181 0.642150 0.033413 0.025620
7 0.791656 0.744730 0.023888 0.022180
7 0.744356 0.807960 0.022438 0.022800
7 0.478013 0.680410 0.033750 0.025940
5 0.513725 0.504970 0.776150 0.769940
1 0.090362 0.502420 0.069450 0.808280
0 0.513144 0.940400 0.774437 0.099840
7 0.306044 0.315170 0.034013 0.025220
7 0.840087 0.538370 0.032375 0.025180
2 0.511275 0.090930 0.221300 0.049900
3 0.228094 0.160820 0.186787 0.050760
10 0.511938 0.964720 0.050350 0.037400
11 0.072606 0.505740 0.028488 0.200360
7 0.452738 0.463300 0.031350 0.024040
7 0.403612 0.460790 0.031925 0.023420
7 0.379644 0.536880 0.033062 0.025160
8 0.257350 0.922340 0.014800 0.029040
7 0.258256 0.379490 0.030563 0.022060
7 0.234063 0.450590 0.031825 0.024820
7 0.207944 0.469460 0.030563 0.021520
7 0.184756 0.875240 0.026612 0.020800
7 0.159906 0.565330 0.032738 0.026260
7 0.353538 0.575900 0.032375 0.026680
7 0.329600 0.723830 0.032825 0.029220
8 0.379613 0.923700 0.024450 0.033600
8 0.501312 0.920060 0.026150 0.026320
8 0.624150 0.921880 0.026725 0.026320
8 0.745844 0.920970 0.031837 0.031780
9 0.101550 0.122460 0.024675 0.035840
9 0.101775 0.268660 0.025125 0.035840
