7 0.160212 0.786950 0.029275 0.026140
7 0.206419 0.160590 0.038087 0.033620
7 0.257381 0.251320 0.035787 0.030480
7 0.233900 0.299650 0.034800 0.026260
7 0.280688 0.386590 0.042350 0.024700
7 0.329612 0.391580 0.034475 0.023120
7 0.355881 0.490610 0.030538 0.021540
7 0.401844 0.386330 0.036438 0.030460
11 0.073744 0.508880 0.020163 0.195280
7 0.596250 0.131020 0.034800 0.028440
7 0.622119 0.177910 0.030712 0.034860
7 0.670456 0.179540 0.034787 0.042480
7 0.721862 0.321160 0.040925 0.027240
7 0.696331 0.394690 0.036162 0.030500
7 0.744331 0.447470 0.036838 0.031700
7 0.793688 0.417560 0.038875 0.028320
7 0.865863 0.284610 0.041600 0.032780
7 0.767537 0.875040 0.026925 0.024160
7 0.815506 0.619960 0.030613 0.024640
7 0.838113 0.597610 0.032500 0.023140
8 0.136925 0.924100 0.017700 0.032680
8 0.258456 0.923010 0.015663 0.030500
8 0.381006 0.922460 0.023837 0.029400
8 0.503894 0.921370 0.027237 0.029420
8 0.622362 0.923550 0.028600 0.029420
8 0.743550 0.923010 0.028600 0.034860
8 0.864394 0.923550 0.026562 0.033780
7 0.451231 0.163200 0.034787 0.031600
9 0.101831 0.746510 0.024563 0.041380
9 0.102150 0.585980 0.023925 0.046440
9 0.104731 0.434290 0.029087 0.038180
9 0.100538 0.276400 0.027150 0.040240
7 0.501956 0.169740 0.036838 0.033760
7 0.524419 0.339140 0.036837 0.032680
7 0.646163 0.636290 0.038825 0.031020
7 0.571931 0.718760 0.033137 0.034040
7 0.548294 0.567830 0.035987 0.028740
10 0.513213 0.961760 0.046950 0.034960
3 0.228087 0.160820 0.192475 0.058080
2 0.513900 0.085670 0.219975 0.057260
7 0.476425 0.793640 0.025575 0.026480
7 0.428206 0.834870 0.028413 0.024220
7 0.378638 0.738800 0.036250 0.032840
7 0.305644 0.641120 0.037763 0.024160
0 0.513569 0.936040 0.775637 0.094400
1 0.089000 0.505030 0.074900 0.787580
5 0.513725 0.503660 0.777775 0.772560
7 0.184044 0.750460 0.038812 0.029400
