7 0.500944 0.334190 0.034887 0.027860
7 0.450637 0.173710 0.037475 0.026820
7 0.476106 0.722720 0.031662 0.026840
7 0.428381 0.719620 0.032963 0.030960
7 0.402581 0.684530 0.030388 0.026820
7 0.381300 0.224790 0.036825 0.034060
7 0.355500 0.265560 0.038125 0.030960
7 0.332281 0.710850 0.036837 0.034060
7 0.305188 0.733560 0.027800 0.025800
7 0.282619 0.507030 0.036837 0.028900
7 0.257175 0.529740 0.036125 0.026840
7 0.209125 0.403320 0.045800 0.032000
7 0.183969 0.490010 0.038063 0.027860
7 0.232631 0.679370 0.046513 0.033020
7 0.162006 0.740770 0.031663 0.027860
8 0.865244 0.922970 0.026663 0.034500
8 0.743263 0.923880 0.030075 0.032680
8 0.622413 0.922560 0.027800 0.028240
8 0.501287 0.923470 0.026100 0.033660
8 0.379869 0.922560 0.028362 0.033680
8 0.257037 0.922970 0.024400 0.034500
8 0.137325 0.923010 0.017600 0.029140
11 0.072606 0.510080 0.022388 0.195280
5 0.513319 0.503000 0.776963 0.771240
1 0.091381 0.497410 0.071488 0.813740
0 0.513850 0.937400 0.775075 0.097120
9 0.107312 0.873950 0.018775 0.030020
9 0.101181 0.728440 0.025863 0.040360
9 0.102800 0.583970 0.027800 0.036220
9 0.103125 0.436910 0.027150 0.037260
9 0.101513 0.293990 0.027800 0.036220
9 0.101187 0.147910 0.027150 0.039220
7 0.863094 0.469370 0.041988 0.034060
7 0.839231 0.664930 0.035538 0.026820
7 0.814075 0.290330 0.039400 0.039220
7 0.765700 0.873900 0.026500 0.032000
7 0.793438 0.485880 0.036825 0.029920
7 0.745062 0.253170 0.038125 0.033020
7 0.718619 0.194870 0.032963 0.031980
7 0.695400 0.793920 0.029100 0.035080
7 0.669600 0.663380 0.032950 0.032000
7 0.646706 0.362560 0.036188 0.028880
7 0.597400 0.120560 0.031600 0.025800
7 0.622837 0.208800 0.040050 0.030960
7 0.548669 0.461120 0.038762 0.036120
10 0.513975 0.962830 0.044300 0.032820
3 0.227906 0.159760 0.187937 0.052280
2 0.514062 0.086730 0.217025 0.040460
7 0.574469 0.295480 0.033612 0.030960
7 0.527062 0.287740 0.032950 0.029920
