2 0.513888 0.088300 0.216075 0.043600
7 0.162875 0.438500 0.037225 0.029720
7 0.209700 0.439110 0.038000 0.035900
7 0.183775 0.805040 0.027950 0.027240
7 0.257306 0.752420 0.027938 0.030960
7 0.282844 0.823000 0.029488 0.030960
7 0.235244 0.870680 0.033362 0.029720
7 0.306450 0.561090 0.034900 0.034660
7 0.332762 0.456440 0.039550 0.028480
7 0.354438 0.232920 0.036450 0.032200
7 0.379588 0.429820 0.040325 0.027240
7 0.427187 0.243460 0.038000 0.030960
7 0.402419 0.671920 0.034912 0.038400
7 0.453119 0.696070 0.029488 0.027260
7 0.476331 0.827960 0.032588 0.030960
7 0.520837 0.670680 0.033350 0.026000
7 0.498000 0.183400 0.038775 0.034680
7 0.574244 0.482460 0.045737 0.035920
7 0.547931 0.817430 0.031812 0.034660
7 0.600169 0.788320 0.031037 0.035920
7 0.621844 0.579660 0.031037 0.034680
7 0.647744 0.813740 0.031762 0.037080
7 0.694975 0.560470 0.039550 0.033420
7 0.671375 0.175960 0.043425 0.032200
7 0.745675 0.360480 0.040325 0.037160
7 0.719750 0.429820 0.036450 0.032200
7 0.794050 0.420540 0.039550 0.023520
7 0.816488 0.187100 0.039550 0.032200
7 0.839194 0.498140 0.030062 0.025920
7 0.866538 0.490450 0.031875 0.027660
11 0.073725 0.508590 0.020900 0.192300
8 0.864425 0.920980 0.025025 0.026320
8 0.743856 0.922790 0.027862 0.026340
8 0.624713 0.922790 0.027850 0.031780
8 0.500463 0.920070 0.029000 0.033580
8 0.379900 0.921880 0.022750 0.033600
8 0.257912 0.921430 0.022750 0.030860
8 0.137069 0.922330 0.015938 0.030860
5 0.511931 0.505360 0.773688 0.772560
1 0.093088 0.501330 0.064000 0.799580
0 0.512575 0.938590 0.775575 0.099860
3 0.228188 0.159750 0.186600 0.049860
10 0.512931 0.962980 0.049413 0.034960
9 0.101506 0.139200 0.029088 0.044480
9 0.103769 0.285730 0.028438 0.032100
9 0.101506 0.432270 0.026513 0.038300
9 0.102475 0.578810 0.027150 0.036220
9 0.101187 0.723750 0.029725 0.035100
9 0.108606 0.871320 0.018763 0.030960
