7 0.575187 0.408900 0.035800 0.028160
7 0.523269 0.244140 0.040913 0.041760
7 0.452069 0.161530 0.040338 0.027220
7 0.550219 0.707100 0.040337 0.032680
7 0.498875 0.719810 0.035225 0.036300
11 0.072606 0.509800 0.018288 0.195880
8 0.865419 0.925510 0.036762 0.040300
8 0.743550 0.924640 0.025875 0.031600
8 0.622700 0.924090 0.033350 0.034860
8 0.500494 0.922460 0.031313 0.033760
7 0.741881 0.815650 0.027887 0.031020
7 0.864575 0.664020 0.033950 0.026760
7 0.816281 0.516920 0.033137 0.023240
7 0.840362 0.398070 0.032050 0.030700
7 0.792619 0.413600 0.031762 0.032000
7 0.767038 0.484740 0.034225 0.024560
7 0.720800 0.412540 0.030400 0.032400
7 0.696306 0.643460 0.032863 0.031080
7 0.354481 0.510570 0.033537 0.035420
7 0.378025 0.371680 0.039775 0.031760
7 0.402706 0.708460 0.040338 0.029960
7 0.428525 0.799700 0.037500 0.032680
7 0.475325 0.869590 0.024450 0.025420
7 0.281863 0.847350 0.035800 0.024500
7 0.332925 0.747050 0.039200 0.030860
7 0.255081 0.115630 0.035063 0.028380
7 0.186306 0.207030 0.034713 0.027740
7 0.161294 0.391750 0.033537 0.027740
7 0.208969 0.463600 0.042988 0.026480
7 0.306675 0.165110 0.035900 0.029620
7 0.231938 0.605440 0.035800 0.032680
9 0.100544 0.780510 0.021988 0.033020
9 0.103119 0.626750 0.025862 0.043340
0 0.513681 0.941670 0.775637 0.099860
1 0.090706 0.502310 0.068762 0.795220
5 0.513969 0.497510 0.774513 0.785620
7 0.671000 0.507950 0.031500 0.026300
7 0.646650 0.531150 0.029850 0.021940
7 0.621475 0.543410 0.030950 0.025420
8 0.137269 0.925190 0.018388 0.034860
8 0.257775 0.923000 0.025200 0.032680
8 0.377600 0.921920 0.026550 0.037040
2 0.513244 0.091990 0.218013 0.045700
3 0.228175 0.159760 0.193425 0.058360
10 0.512831 0.962680 0.047713 0.035560
9 0.099894 0.153120 0.032313 0.043440
9 0.101831 0.306890 0.028438 0.047580
9 0.104413 0.463230 0.029725 0.042420
7 0.598444 0.618140 0.032387 0.032680
