7 0.281606 0.689890 0.038113 0.029380
9 0.102156 0.746450 0.026512 0.035100
9 0.104094 0.594760 0.029087 0.041280
9 0.102481 0.439500 0.025862 0.038280
9 0.102475 0.288830 0.028450 0.036220
9 0.100869 0.136100 0.029087 0.038280
7 0.331319 0.601740 0.033637 0.035120
7 0.307137 0.288220 0.034525 0.028680
10 0.513219 0.962070 0.045438 0.034980
3 0.227519 0.160060 0.187937 0.051080
2 0.514656 0.084050 0.225887 0.052020
7 0.599200 0.206480 0.038700 0.032080
7 0.696556 0.118760 0.038762 0.032080
11 0.072600 0.509480 0.021650 0.194080
8 0.863825 0.922520 0.026100 0.031760
8 0.743831 0.924340 0.026663 0.029960
8 0.623269 0.923010 0.027237 0.029140
8 0.501287 0.921650 0.023825 0.026420
8 0.379019 0.924330 0.025538 0.033580
8 0.257037 0.925740 0.018725 0.032760
8 0.138463 0.924380 0.018725 0.030040
5 0.513725 0.504970 0.772875 0.769940
1 0.090362 0.506770 0.072175 0.810460
0 0.513281 0.941030 0.775062 0.102580
7 0.546925 0.218860 0.034900 0.030040
7 0.574656 0.504200 0.038762 0.033120
7 0.502100 0.461370 0.036825 0.032100
7 0.524675 0.816370 0.031675 0.030020
7 0.476013 0.852020 0.029675 0.039200
7 0.451181 0.651770 0.035463 0.031060
7 0.429544 0.768890 0.036187 0.032100
7 0.403681 0.117010 0.035388 0.027940
7 0.379475 0.515750 0.032300 0.039420
7 0.353944 0.421510 0.035887 0.027220
7 0.647863 0.579580 0.036825 0.030960
7 0.623356 0.344820 0.036837 0.036120
7 0.670438 0.873170 0.025225 0.038180
7 0.717200 0.528500 0.033600 0.029920
7 0.744394 0.537880 0.029613 0.022160
7 0.768487 0.515080 0.034125 0.022840
7 0.790181 0.731240 0.025863 0.030960
7 0.815981 0.861960 0.026937 0.032680
7 0.863275 0.549370 0.033375 0.033540
7 0.842312 0.317170 0.037675 0.036980
7 0.162800 0.246860 0.040325 0.031080
7 0.208650 0.336150 0.031750 0.025380
7 0.234625 0.349090 0.031450 0.023380
7 0.258313 0.507510 0.036325 0.027220
7 0.184194 0.652630 0.034088 0.032260
