7 0.278237 0.686950 0.038875 0.035940
7 0.377294 0.697300 0.039563 0.039200
7 0.354488 0.118870 0.033425 0.028340
7 0.403169 0.272460 0.036837 0.028320
7 0.427675 0.256130 0.039550 0.026140
7 0.474994 0.239780 0.037512 0.032680
7 0.499844 0.375940 0.035463 0.032680
7 0.521969 0.597080 0.040237 0.028320
7 0.453206 0.693490 0.029338 0.027220
7 0.549887 0.288260 0.036150 0.029400
7 0.573000 0.453300 0.034725 0.028320
7 0.594819 0.813310 0.027987 0.029420
11 0.072813 0.508530 0.023925 0.199460
7 0.647244 0.347080 0.038888 0.025040
7 0.623756 0.248500 0.036838 0.023960
7 0.693544 0.256120 0.034788 0.037040
7 0.743244 0.187500 0.040238 0.032680
7 0.838556 0.114510 0.037512 0.023980
7 0.864088 0.503950 0.036825 0.035940
7 0.719750 0.563860 0.036825 0.031600
7 0.791238 0.656450 0.034100 0.029420
7 0.816769 0.701110 0.034788 0.035940
7 0.770138 0.792620 0.030025 0.033760
7 0.665625 0.826930 0.038875 0.030500
8 0.865412 0.921370 0.031325 0.033780
2 0.511425 0.087520 0.220350 0.046240
3 0.228375 0.160670 0.193825 0.058380
10 0.511606 0.960720 0.048663 0.037720
8 0.743206 0.924100 0.025187 0.037040
8 0.623038 0.924100 0.032675 0.037040
8 0.501513 0.921370 0.025200 0.031580
8 0.380662 0.924100 0.028600 0.041400
8 0.257775 0.923000 0.022475 0.037040
8 0.136925 0.924100 0.017700 0.032680
5 0.514950 0.494510 0.780225 0.780380
1 0.087294 0.511020 0.074213 0.784320
0 0.513850 0.937400 0.773925 0.095320
9 0.102800 0.244970 0.031675 0.039300
9 0.104088 0.405440 0.027800 0.038280
9 0.101513 0.562810 0.027800 0.035180
9 0.101513 0.715540 0.027800 0.037240
9 0.108281 0.873950 0.019413 0.036220
7 0.162150 0.552420 0.035475 0.034840
7 0.181562 0.792070 0.036150 0.034860
7 0.211169 0.744140 0.028663 0.021800
7 0.231600 0.503950 0.040925 0.029420
7 0.255425 0.212010 0.038200 0.035940
7 0.304106 0.291530 0.037513 0.029420
7 0.331000 0.835040 0.030025 0.029520
