7 0.259887 0.816250 0.029950 0.025060
7 0.180912 0.762880 0.028600 0.035960
7 0.211569 0.317370 0.037387 0.031780
7 0.159300 0.172800 0.034050 0.028000
8 0.138969 0.924100 0.021788 0.037040
5 0.511275 0.501690 0.774500 0.781700
1 0.086275 0.507760 0.076250 0.782120
7 0.838588 0.617460 0.040850 0.037040
7 0.864800 0.512330 0.038800 0.031580
7 0.767781 0.222030 0.039488 0.039220
0 0.512431 0.936490 0.773362 0.093500
9 0.101831 0.249610 0.029738 0.036220
9 0.102150 0.405440 0.027800 0.040360
9 0.102475 0.561210 0.028450 0.038180
9 0.102800 0.713940 0.027800 0.046440
9 0.108281 0.868730 0.019413 0.044380
2 0.513737 0.093040 0.217675 0.039400
8 0.379644 0.922460 0.025188 0.033760
8 0.502194 0.921380 0.022463 0.027240
8 0.623038 0.922470 0.029950 0.040300
8 0.743888 0.920830 0.026550 0.034860
8 0.864731 0.924100 0.027237 0.032680
10 0.513550 0.961530 0.046750 0.035260
3 0.227794 0.160670 0.196462 0.062020
7 0.789575 0.810810 0.020425 0.029420
11 0.071506 0.508520 0.026537 0.195880
8 0.256756 0.923550 0.021788 0.033780
7 0.818506 0.804820 0.023838 0.028320
7 0.741231 0.372890 0.044938 0.049020
7 0.720125 0.865270 0.023150 0.033780
7 0.694250 0.725300 0.023150 0.041400
7 0.671719 0.668430 0.033363 0.029420
7 0.644219 0.636520 0.033363 0.029400
7 0.620044 0.606560 0.035412 0.039200
7 0.597575 0.466580 0.035400 0.033760
7 0.570687 0.432810 0.037450 0.031580
7 0.549244 0.549370 0.039487 0.025060
7 0.498175 0.657210 0.035400 0.031580
7 0.524725 0.182810 0.032675 0.030500
7 0.474350 0.478020 0.043575 0.037040
7 0.427375 0.422460 0.035400 0.045760
7 0.452219 0.395780 0.036088 0.033760
7 0.403881 0.771590 0.026562 0.029420
7 0.378012 0.741090 0.034725 0.029420
7 0.355200 0.293380 0.035400 0.038120
7 0.328656 0.367990 0.039488 0.026140
7 0.304819 0.762340 0.021788 0.028320
7 0.280994 0.778130 0.028587 0.033780
7 0.231975 0.701870 0.038125 0.029420
