7 0.352275 0.573540 0.036175 0.033120
7 0.840738 0.557410 0.034750 0.034100
7 0.864437 0.811520 0.029150 0.028720
7 0.816163 0.830190 0.020525 0.019100
7 0.792438 0.814580 0.025850 0.022360
7 0.718262 0.721700 0.039825 0.029240
7 0.688438 0.659350 0.046825 0.038700
7 0.768250 0.365250 0.034450 0.028380
7 0.745112 0.256260 0.035125 0.031120
7 0.671838 0.179730 0.033975 0.025340
7 0.645175 0.174850 0.032400 0.027380
7 0.622194 0.384700 0.035538 0.033120
7 0.594137 0.630820 0.041350 0.034160
7 0.546731 0.814510 0.035538 0.027980
7 0.479006 0.781530 0.035538 0.034060
7 0.499650 0.424480 0.038125 0.036120
7 0.575113 0.305240 0.039400 0.037240
7 0.523194 0.316080 0.036187 0.034160
7 0.452244 0.205190 0.038762 0.039220
7 0.401619 0.123620 0.032963 0.029000
7 0.426119 0.320720 0.035538 0.033120
7 0.375819 0.694800 0.035538 0.030040
7 0.303900 0.549290 0.034900 0.025900
7 0.331962 0.426490 0.036825 0.030020
7 0.282619 0.296470 0.041337 0.025900
7 0.256819 0.356320 0.036188 0.023840
7 0.232719 0.696540 0.035113 0.026280
7 0.184381 0.519470 0.036238 0.037620
7 0.158463 0.160430 0.030425 0.025060
7 0.207931 0.168240 0.033663 0.023320
9 0.108281 0.873380 0.016837 0.033040
9 0.102800 0.720650 0.027800 0.039220
9 0.102800 0.573080 0.027800 0.037160
9 0.101506 0.420360 0.029088 0.030960
9 0.102800 0.271230 0.026500 0.031980
10 0.513125 0.963890 0.049425 0.039220
3 0.228094 0.160210 0.187937 0.052580
2 0.512075 0.087780 0.218375 0.052000
11 0.072788 0.508580 0.022025 0.204240
0 0.513000 0.938310 0.774500 0.095300
1 0.083556 0.510480 0.083062 0.811560
5 0.511275 0.503010 0.777775 0.766020
8 0.137325 0.922570 0.017600 0.031860
8 0.257606 0.922110 0.020987 0.029140
8 0.379300 0.923920 0.026100 0.036400
8 0.500431 0.923020 0.025538 0.030960
8 0.621850 0.923020 0.031200 0.030960
8 0.743263 0.921200 0.027800 0.029120
8 0.865525 0.921660 0.029500 0.033680
