8 0.377944 0.924640 0.028588 0.038120
11 0.072250 0.510020 0.025050 0.195280
8 0.862013 0.921910 0.031325 0.034860
8 0.748312 0.924090 0.034050 0.034860
8 0.623719 0.922460 0.028588 0.029400
8 0.504238 0.923010 0.026550 0.030500
8 0.258794 0.923000 0.021788 0.032680
8 0.137612 0.922460 0.020425 0.031600
5 0.511275 0.493200 0.776150 0.788240
1 0.084238 0.509400 0.081700 0.785400
0 0.512150 0.935590 0.775075 0.093500
9 0.103763 0.789840 0.027150 0.033120
9 0.101506 0.634530 0.029088 0.042420
9 0.102800 0.465240 0.026500 0.040240
9 0.102475 0.301160 0.027150 0.038200
9 0.101181 0.142750 0.025863 0.033020
2 0.513413 0.093550 0.216375 0.041500
3 0.228381 0.161730 0.194588 0.063540
10 0.512269 0.962680 0.048088 0.035560
7 0.864838 0.257160 0.033425 0.033880
7 0.839987 0.767510 0.032750 0.030620
7 0.814456 0.802910 0.034788 0.036060
7 0.794269 0.259530 0.036313 0.038220
7 0.766275 0.688220 0.034500 0.032440
7 0.743700 0.776650 0.020550 0.027180
7 0.716338 0.778410 0.033125 0.035060
7 0.696037 0.380850 0.037675 0.044580
7 0.671525 0.514180 0.039300 0.039360
7 0.647837 0.817450 0.036025 0.036740
7 0.622912 0.745550 0.041750 0.031500
7 0.573238 0.488370 0.042275 0.031580
7 0.597406 0.322800 0.037512 0.046840
7 0.548044 0.114730 0.036838 0.033780
7 0.525925 0.414300 0.038875 0.046840
7 0.498369 0.601650 0.035512 0.040300
7 0.451713 0.365280 0.033425 0.038120
7 0.477244 0.469850 0.036837 0.035940
7 0.424819 0.718220 0.040913 0.033760
7 0.405412 0.785750 0.029350 0.029420
7 0.377500 0.757430 0.040225 0.031580
7 0.307000 0.677910 0.035400 0.031580
7 0.329500 0.635430 0.039550 0.040300
7 0.351631 0.308620 0.042963 0.046840
7 0.278100 0.230740 0.038875 0.037040
7 0.256106 0.391490 0.030338 0.030260
7 0.233450 0.627250 0.034675 0.030260
7 0.208588 0.538940 0.032700 0.026480
7 0.183019 0.499600 0.033887 0.030880
7 0.158594 0.676120 0.033888 0.034680
