8 0.501281 0.920300 0.032912 0.036400
11 0.071487 0.509180 0.020900 0.193480
9 0.108281 0.884270 0.016837 0.030020
9 0.102156 0.720700 0.026512 0.039320
9 0.103444 0.560230 0.029087 0.040340
9 0.102475 0.394090 0.027150 0.038300
9 0.101187 0.234140 0.027150 0.034160
8 0.864056 0.925510 0.024512 0.035940
8 0.744400 0.919340 0.027800 0.032680
8 0.625250 0.922980 0.030075 0.032680
8 0.381287 0.924830 0.026675 0.034580
8 0.257606 0.923420 0.024387 0.035400
8 0.138463 0.925280 0.018725 0.033680
5 0.513725 0.503660 0.774500 0.767320
1 0.092063 0.506670 0.068775 0.801740
0 0.512150 0.938770 0.777325 0.101660
7 0.864681 0.878260 0.024512 0.027960
7 0.840475 0.279990 0.037500 0.030860
7 0.814944 0.315400 0.035237 0.030880
7 0.767856 0.454290 0.036363 0.034500
7 0.790188 0.616870 0.030125 0.026300
7 0.742350 0.681330 0.029825 0.022180
7 0.717725 0.672500 0.029550 0.021960
7 0.693069 0.603510 0.037512 0.031580
7 0.670256 0.660750 0.042288 0.037140
7 0.647788 0.478840 0.036825 0.034960
7 0.621237 0.726060 0.035475 0.023960
7 0.598087 0.606230 0.036825 0.026140
7 0.572894 0.396000 0.036838 0.032680
7 0.549412 0.505530 0.036150 0.036060
7 0.527625 0.805580 0.036150 0.039200
7 0.500050 0.695060 0.030025 0.029520
7 0.452387 0.677580 0.038200 0.033760
7 0.475538 0.344800 0.040925 0.032680
7 0.427544 0.382980 0.034787 0.030600
7 0.402687 0.583900 0.035475 0.033760
7 0.379544 0.430310 0.036838 0.035940
7 0.353331 0.535420 0.037512 0.037040
7 0.332225 0.768000 0.034800 0.033760
7 0.279363 0.689590 0.036375 0.034500
7 0.233406 0.787170 0.031837 0.024500
7 0.205350 0.658720 0.043800 0.029040
7 0.306119 0.111430 0.032312 0.028460
7 0.254400 0.160460 0.034500 0.031960
7 0.185450 0.230950 0.033400 0.028460
7 0.160481 0.158500 0.027088 0.029760
2 0.514231 0.090150 0.223263 0.049380
3 0.227800 0.160060 0.193425 0.060200
10 0.512269 0.961020 0.047712 0.037120
