7 0.744175 0.330500 0.037150 0.029240
7 0.694994 0.278040 0.034462 0.030960
7 0.670813 0.202360 0.035525 0.027520
7 0.623006 0.878560 0.023887 0.022680
7 0.503550 0.232850 0.041275 0.031980
7 0.645444 0.420150 0.036112 0.028900
7 0.597719 0.401050 0.034838 0.034060
7 0.573531 0.556880 0.036762 0.029920
7 0.551281 0.742630 0.032238 0.031980
7 0.525156 0.790620 0.032887 0.030960
7 0.450987 0.808160 0.027725 0.028880
7 0.479694 0.578030 0.039988 0.039220
7 0.426800 0.272060 0.034825 0.032000
7 0.403900 0.149770 0.035475 0.033020
7 0.381162 0.478080 0.039600 0.031040
7 0.352981 0.423150 0.036238 0.029860
7 0.330213 0.725330 0.034750 0.029860
11 0.073544 0.505900 0.024263 0.198880
5 0.512500 0.503660 0.776950 0.767320
0 0.513850 0.941940 0.773925 0.100760
1 0.088319 0.502420 0.074887 0.819160
10 0.513500 0.962220 0.047525 0.033440
3 0.227994 0.160210 0.187362 0.051380
2 0.514562 0.089090 0.221950 0.037820
7 0.306512 0.619020 0.034375 0.027480
7 0.258731 0.646190 0.032138 0.029260
7 0.282056 0.369690 0.031762 0.022100
7 0.184831 0.304300 0.032888 0.027480
7 0.160569 0.527050 0.035113 0.029860
8 0.863575 0.922340 0.026725 0.029040
8 0.744994 0.920520 0.026713 0.029040
8 0.622725 0.923690 0.028425 0.028140
8 0.503300 0.921430 0.023325 0.029060
8 0.380462 0.925510 0.025025 0.037220
8 0.256781 0.922790 0.021612 0.031780
8 0.137637 0.923700 0.014800 0.029960
9 0.102150 0.243890 0.027800 0.033020
9 0.101831 0.401260 0.027163 0.029920
9 0.102800 0.560180 0.027800 0.036120
9 0.102800 0.716520 0.027800 0.041280
9 0.106669 0.874930 0.021338 0.038180
7 0.207863 0.116260 0.035825 0.026600
7 0.814206 0.215610 0.038762 0.033020
7 0.842587 0.182590 0.037475 0.028900
7 0.865481 0.263600 0.035538 0.029920
7 0.768356 0.800040 0.031762 0.032680
7 0.793887 0.539050 0.034450 0.031820
7 0.718912 0.630190 0.039300 0.030100
