10 0.513600 0.962990 0.046950 0.036180
11 0.073425 0.506260 0.022775 0.194080
7 0.161375 0.266600 0.029500 0.022800
7 0.185725 0.283250 0.030750 0.022620
7 0.234712 0.435540 0.033025 0.022840
7 0.306812 0.484930 0.034400 0.027940
7 0.283950 0.541080 0.033325 0.028520
7 0.258225 0.666890 0.033200 0.027420
7 0.210500 0.793200 0.026175 0.022400
7 0.331194 0.876130 0.025688 0.021980
7 0.355413 0.159240 0.035525 0.026760
7 0.378794 0.374700 0.031763 0.030960
7 0.403250 0.441780 0.031225 0.029240
7 0.427437 0.336430 0.039825 0.030100
7 0.451381 0.631660 0.032837 0.026960
7 0.476881 0.639490 0.031988 0.023540
7 0.500419 0.737970 0.024263 0.022900
7 0.525463 0.849450 0.023325 0.028860
7 0.599331 0.747670 0.025513 0.024380
7 0.574294 0.569510 0.032662 0.024380
7 0.550031 0.514020 0.033287 0.027880
7 0.623062 0.175330 0.036700 0.028420
7 0.646706 0.501250 0.033587 0.028420
7 0.695850 0.589590 0.032350 0.027900
7 0.671431 0.441040 0.031412 0.024440
7 0.720419 0.432320 0.034838 0.026920
7 0.744231 0.122420 0.033963 0.029920
7 0.767750 0.226030 0.035450 0.025740
7 0.817581 0.233500 0.034337 0.025160
7 0.793500 0.456850 0.032475 0.023940
7 0.840719 0.421620 0.035088 0.023960
7 0.865187 0.875600 0.028800 0.023040
9 0.108231 0.862310 0.017788 0.031820
9 0.102050 0.716540 0.025850 0.036120
9 0.102319 0.575500 0.027462 0.030960
9 0.101513 0.428450 0.023700 0.032660
9 0.102319 0.286130 0.025313 0.033540
9 0.103394 0.140360 0.026387 0.029240
3 0.227713 0.160370 0.187550 0.049860
2 0.512913 0.093030 0.221950 0.037300
0 0.512431 0.939670 0.775637 0.096220
1 0.090700 0.496430 0.070125 0.787580
5 0.512906 0.504320 0.776137 0.771240
8 0.136506 0.923700 0.018212 0.031760
8 0.257919 0.923240 0.021612 0.029040
8 0.378481 0.925960 0.026713 0.032680
8 0.501881 0.920520 0.025012 0.027240
8 0.623294 0.923700 0.029562 0.029960
8 0.745563 0.923250 0.026725 0.030860
8 0.865556 0.924600 0.031837 0.029960
