7 0.794350 0.423990 0.031875 0.029940
9 0.100538 0.258850 0.031025 0.044380
0 0.513000 0.936500 0.773375 0.095320
1 0.088663 0.511570 0.075575 0.781060
5 0.512913 0.497780 0.772875 0.786920
8 0.138288 0.924090 0.023150 0.034860
8 0.257775 0.922460 0.022475 0.033760
8 0.379988 0.924090 0.029950 0.034860
8 0.500831 0.921370 0.026562 0.031580
8 0.621681 0.920830 0.029962 0.034860
8 0.744231 0.922460 0.034038 0.033760
8 0.863038 0.921370 0.032000 0.035940
10 0.512837 0.963140 0.046950 0.034080
3 0.228369 0.159750 0.193038 0.058980
2 0.513069 0.093030 0.214438 0.037300
7 0.159881 0.557580 0.036763 0.031520
7 0.232825 0.698430 0.030725 0.028980
7 0.259256 0.721950 0.026788 0.025220
7 0.184456 0.197390 0.032563 0.029820
7 0.207150 0.146610 0.031500 0.029820
7 0.278844 0.236130 0.032012 0.027620
7 0.328769 0.275750 0.033412 0.029820
7 0.303475 0.159960 0.029825 0.031120
7 0.379669 0.310780 0.032287 0.031560
7 0.354081 0.466190 0.032037 0.034180
7 0.451344 0.420000 0.032863 0.031120
7 0.497463 0.352800 0.036400 0.032440
7 0.522631 0.312310 0.036388 0.031140
7 0.551087 0.268970 0.035850 0.028500
7 0.572550 0.359150 0.030125 0.032020
7 0.742806 0.116940 0.032537 0.035720
9 0.101181 0.410550 0.032313 0.042300
7 0.817000 0.481250 0.036475 0.028900
7 0.841138 0.566100 0.036800 0.031520
7 0.722937 0.519610 0.040100 0.033100
7 0.620006 0.609430 0.035812 0.029940
7 0.595875 0.454720 0.036800 0.031520
7 0.476525 0.561100 0.031875 0.032040
7 0.695300 0.688920 0.021275 0.029000
7 0.669888 0.722010 0.035850 0.024580
7 0.644275 0.817200 0.024025 0.030880
7 0.430525 0.678510 0.039400 0.029620
7 0.401969 0.554000 0.033488 0.041600
7 0.766219 0.870150 0.026788 0.028380
7 0.864519 0.822240 0.024812 0.027120
11 0.072250 0.509720 0.024300 0.197080
9 0.107637 0.870290 0.022000 0.043340
9 0.102800 0.719620 0.025225 0.047480
9 0.102475 0.568440 0.028450 0.034040
