7 0.695506 0.153650 0.037613 0.032780
7 0.765644 0.299450 0.038162 0.031820
7 0.744144 0.441350 0.034937 0.031820
7 0.719688 0.540680 0.037625 0.030960
7 0.791981 0.531220 0.033863 0.030960
7 0.816437 0.656340 0.039775 0.040400
7 0.863738 0.594380 0.032250 0.026760
7 0.838744 0.473560 0.036012 0.031040
0 0.513562 0.939220 0.774500 0.100760
5 0.511688 0.501700 0.775325 0.771240
11 0.072231 0.509780 0.025387 0.195880
7 0.207800 0.128820 0.032950 0.036120
7 0.187156 0.389390 0.041988 0.053660
7 0.157812 0.782060 0.033600 0.036120
7 0.234244 0.464210 0.029088 0.046420
7 0.255469 0.197760 0.029813 0.025240
7 0.280963 0.202340 0.030475 0.024240
7 0.354081 0.211350 0.033287 0.028340
7 0.306644 0.609910 0.029562 0.035260
7 0.330831 0.779310 0.030638 0.033540
7 0.378125 0.857530 0.029550 0.031900
9 0.109250 0.873950 0.017475 0.038300
9 0.102475 0.733550 0.024575 0.038180
9 0.102800 0.592220 0.023925 0.034160
9 0.102475 0.445170 0.024575 0.035180
9 0.104088 0.298110 0.025225 0.036220
9 0.101831 0.158280 0.027163 0.039320
8 0.137038 0.921610 0.017025 0.031780
8 0.257887 0.922570 0.017025 0.031860
8 0.379588 0.924840 0.024400 0.036400
2 0.515219 0.086470 0.216037 0.046220
3 0.227619 0.159300 0.188887 0.050760
10 0.512837 0.962830 0.049225 0.034660
7 0.399887 0.814530 0.027950 0.031900
7 0.454712 0.818400 0.036550 0.025880
7 0.429719 0.491660 0.039238 0.036120
7 0.499756 0.400590 0.033863 0.030100
7 0.475137 0.176860 0.035475 0.036200
7 0.524050 0.308480 0.036550 0.041280
7 0.547700 0.395340 0.037625 0.027520
7 0.571350 0.686860 0.031175 0.039560
7 0.620531 0.484310 0.039237 0.030180
7 0.596075 0.169130 0.033325 0.031060
7 0.645794 0.279670 0.032788 0.031820
1 0.089338 0.503400 0.072850 0.817000
8 0.865756 0.925420 0.028363 0.031760
8 0.744394 0.924380 0.026662 0.035480
8 0.622419 0.922060 0.028937 0.036320
8 0.501287 0.923020 0.026100 0.032760
7 0.668631 0.385450 0.034387 0.036980
