8 0.139313 0.923470 0.020425 0.028220
7 0.161169 0.710330 0.029087 0.028900
7 0.233406 0.635000 0.036837 0.033040
7 0.283387 0.680400 0.037475 0.030960
7 0.427225 0.438930 0.033600 0.035100
7 0.380781 0.288260 0.043912 0.035080
7 0.354338 0.242860 0.033600 0.037160
7 0.333700 0.389390 0.042625 0.028900
7 0.256306 0.205190 0.036188 0.027860
7 0.209219 0.246470 0.038762 0.027860
7 0.183744 0.218610 0.036837 0.027860
8 0.864112 0.922110 0.024400 0.030940
8 0.744400 0.922570 0.027800 0.031860
8 0.623263 0.924840 0.026100 0.036400
8 0.500150 0.921200 0.026100 0.029120
8 0.379869 0.924790 0.028362 0.030860
7 0.305962 0.816630 0.027150 0.022700
11 0.072131 0.508880 0.023888 0.195280
9 0.100862 0.228930 0.026500 0.034060
9 0.102150 0.384750 0.027800 0.034060
9 0.102156 0.550950 0.026512 0.040340
9 0.102150 0.707280 0.023925 0.039320
9 0.107637 0.868270 0.016825 0.035180
0 0.513000 0.936950 0.776775 0.096220
1 0.086612 0.501770 0.078300 0.791940
5 0.513319 0.504970 0.773688 0.769940
8 0.259025 0.922110 0.020425 0.029140
2 0.513244 0.090150 0.218663 0.037820
3 0.228188 0.159300 0.187375 0.051360
10 0.513594 0.961310 0.048088 0.034060
7 0.793887 0.112320 0.039400 0.025800
7 0.817750 0.202090 0.039400 0.027860
7 0.864831 0.274840 0.035538 0.030960
7 0.841294 0.576690 0.036188 0.038180
7 0.766800 0.875440 0.031675 0.024760
7 0.671662 0.859440 0.031025 0.025800
7 0.742931 0.580300 0.035537 0.026840
7 0.719712 0.437380 0.036825 0.023720
7 0.695531 0.463690 0.036187 0.028900
7 0.622969 0.588050 0.038113 0.038180
7 0.645544 0.337800 0.030388 0.030960
7 0.596525 0.266070 0.039400 0.027860
7 0.549119 0.389910 0.036187 0.027860
7 0.574919 0.477110 0.038762 0.028900
7 0.502356 0.804760 0.029087 0.025800
7 0.524931 0.761930 0.029087 0.022700
7 0.478819 0.709300 0.034887 0.022720
7 0.450438 0.684010 0.024575 0.023740
7 0.402062 0.811460 0.031025 0.024760
