7 0.744819 0.815480 0.025738 0.024560
7 0.717869 0.638180 0.034788 0.032440
7 0.696863 0.466340 0.035600 0.027760
7 0.669175 0.482590 0.032375 0.028460
7 0.644075 0.695490 0.033575 0.040660
7 0.622431 0.858890 0.032763 0.043260
7 0.574631 0.820980 0.033588 0.032800
7 0.550937 0.761500 0.028675 0.036720
7 0.597513 0.256920 0.046650 0.034120
7 0.526019 0.245160 0.040938 0.036720
2 0.514394 0.092240 0.212437 0.044120
7 0.476587 0.194190 0.041750 0.044580
7 0.501919 0.520320 0.045013 0.045880
3 0.227900 0.159750 0.192500 0.059580
7 0.451675 0.808560 0.032750 0.034120
7 0.161337 0.263220 0.034000 0.029960
7 0.208994 0.114370 0.031713 0.023380
9 0.100219 0.130940 0.026513 0.034160
9 0.102800 0.289290 0.031675 0.039220
9 0.103119 0.445120 0.025862 0.037160
9 0.103119 0.599920 0.029738 0.041280
9 0.100544 0.755220 0.025862 0.040240
11 0.072250 0.508520 0.024300 0.194680
10 0.512650 0.962220 0.050375 0.040120
7 0.402800 0.320140 0.035825 0.029920
7 0.378519 0.261030 0.031937 0.029220
7 0.354694 0.211780 0.031713 0.030680
7 0.791544 0.194410 0.036763 0.046940
7 0.425125 0.728890 0.033575 0.039220
0 0.512437 0.938310 0.774500 0.097140
1 0.090025 0.507210 0.072850 0.774500
5 0.514138 0.496470 0.775325 0.784300
8 0.138631 0.923000 0.018388 0.028320
8 0.256419 0.921370 0.015663 0.031580
8 0.377606 0.925730 0.025188 0.033780
8 0.501169 0.921370 0.024513 0.029420
8 0.627463 0.923550 0.034725 0.035940
8 0.744231 0.921920 0.027237 0.032680
8 0.864394 0.923550 0.025187 0.029420
7 0.255619 0.175120 0.033313 0.027400
7 0.282319 0.251990 0.034112 0.029420
7 0.330969 0.395780 0.038813 0.038120
7 0.305094 0.556460 0.037438 0.032680
7 0.235313 0.714400 0.032675 0.037040
7 0.184588 0.866360 0.025200 0.031600
7 0.814694 0.287550 0.038137 0.039340
7 0.865412 0.481450 0.037450 0.032780
7 0.839338 0.642130 0.034750 0.028940
7 0.766844 0.705820 0.034237 0.034640
