7 0.574275 0.172690 0.033600 0.033020
8 0.866375 0.925280 0.031200 0.030040
8 0.744400 0.924830 0.025525 0.032780
8 0.622419 0.923470 0.026663 0.033660
8 0.501000 0.923470 0.026675 0.033660
8 0.379587 0.922110 0.025525 0.032780
8 0.258456 0.923420 0.018163 0.035400
8 0.137325 0.924790 0.015325 0.030860
5 0.513725 0.503010 0.774500 0.768620
1 0.087300 0.511570 0.075575 0.811540
0 0.513281 0.941940 0.775062 0.100760
2 0.513881 0.090150 0.221987 0.037820
3 0.228375 0.159910 0.186600 0.050780
10 0.512744 0.963450 0.048287 0.032860
7 0.815494 0.601970 0.037463 0.033020
7 0.863869 0.410550 0.034887 0.034060
7 0.839037 0.217570 0.031675 0.027860
7 0.793237 0.192800 0.040700 0.029920
7 0.767444 0.393000 0.036838 0.032000
7 0.742287 0.708230 0.030375 0.026740
7 0.718744 0.652540 0.032312 0.041280
7 0.672306 0.849130 0.038762 0.034060
7 0.695206 0.439960 0.036838 0.033040
7 0.645544 0.608170 0.032963 0.035100
7 0.525256 0.873900 0.029738 0.025800
7 0.596850 0.669050 0.036175 0.033020
7 0.621038 0.254210 0.040700 0.024780
7 0.546863 0.260400 0.035550 0.033040
7 0.499781 0.219120 0.030388 0.030960
7 0.478819 0.725300 0.038762 0.029920
9 0.101513 0.158280 0.027800 0.039320
9 0.103119 0.299660 0.025862 0.035200
9 0.102794 0.442080 0.029088 0.039320
9 0.103444 0.582930 0.027788 0.036220
9 0.099894 0.727410 0.029738 0.042420
9 0.107631 0.869820 0.019413 0.034160
7 0.453019 0.805270 0.028438 0.028900
7 0.428513 0.790820 0.028450 0.030960
7 0.402387 0.188160 0.034250 0.037160
7 0.379813 0.423450 0.034250 0.043340
7 0.358206 0.777930 0.036188 0.034060
7 0.329863 0.702590 0.034825 0.040260
7 0.305675 0.456990 0.036775 0.038180
7 0.282425 0.193320 0.039400 0.028880
7 0.258681 0.808090 0.029112 0.023300
7 0.232362 0.788380 0.027250 0.026880
7 0.183837 0.695820 0.030975 0.029280
7 0.209806 0.625100 0.034387 0.027400
7 0.161075 0.362290 0.033225 0.029860
11 0.073537 0.509780 0.021275 0.195880
