8 0.138288 0.924640 0.020425 0.033760
5 0.513725 0.495170 0.776150 0.781700
9 0.106994 0.870850 0.019413 0.038300
9 0.101513 0.727410 0.027800 0.036220
9 0.101831 0.583450 0.024563 0.041380
9 0.103769 0.437430 0.029737 0.044460
9 0.101513 0.291360 0.027800 0.037160
9 0.100538 0.147920 0.031025 0.041280
1 0.089338 0.512660 0.072850 0.787600
0 0.513281 0.940580 0.777337 0.103480
2 0.513725 0.092250 0.213775 0.040980
3 0.228175 0.159000 0.193425 0.058680
10 0.512362 0.961780 0.045250 0.035000
11 0.072494 0.505950 0.026138 0.200660
8 0.621675 0.922250 0.025875 0.033780
8 0.744225 0.921160 0.023150 0.033760
8 0.866437 0.921920 0.023825 0.028320
7 0.624506 0.801080 0.038188 0.035360
7 0.672162 0.757700 0.032750 0.030600
7 0.160013 0.118720 0.031675 0.027240
7 0.207388 0.458710 0.036875 0.034860
7 0.183512 0.650850 0.037350 0.028820
7 0.230313 0.584290 0.037350 0.036380
7 0.254663 0.715160 0.030250 0.034880
7 0.280669 0.640640 0.034038 0.032600
7 0.304175 0.238090 0.045675 0.037140
7 0.352850 0.576880 0.035475 0.034960
7 0.330731 0.725560 0.034788 0.033880
7 0.380769 0.740280 0.032737 0.034960
7 0.399831 0.815990 0.028663 0.031700
7 0.429450 0.628620 0.030700 0.033880
7 0.450550 0.195070 0.038875 0.042580
7 0.522381 0.515330 0.038188 0.038220
7 0.499231 0.646050 0.036838 0.031700
7 0.474044 0.833410 0.028663 0.036060
7 0.544844 0.211400 0.043637 0.038240
7 0.574125 0.366150 0.035475 0.035940
7 0.596925 0.405850 0.038875 0.037140
7 0.644588 0.398770 0.042950 0.040420
7 0.695987 0.372620 0.032750 0.033880
7 0.742288 0.428190 0.034100 0.031700
7 0.719819 0.746810 0.035463 0.032780
7 0.838625 0.693970 0.029350 0.031700
7 0.790288 0.630250 0.038875 0.024060
7 0.861775 0.240820 0.038875 0.040400
7 0.815475 0.418380 0.038875 0.040400
7 0.764412 0.344850 0.036150 0.041500
8 0.380325 0.925730 0.025200 0.035940
8 0.499806 0.923000 0.024512 0.032680
8 0.258456 0.923000 0.025188 0.037040
