10 0.513219 0.961930 0.047338 0.033460
7 0.159800 0.680930 0.026875 0.030100
7 0.183719 0.879710 0.024262 0.021900
7 0.208294 0.745560 0.023012 0.031400
7 0.259300 0.648020 0.031100 0.024440
7 0.306269 0.660450 0.034837 0.028420
7 0.378581 0.774680 0.032037 0.035880
7 0.476256 0.686080 0.037013 0.026920
7 0.405025 0.547260 0.033900 0.023880
7 0.283250 0.490530 0.032975 0.029860
7 0.501294 0.516910 0.037937 0.027860
7 0.670188 0.873230 0.026750 0.022900
7 0.718400 0.849820 0.025500 0.029920
7 0.767231 0.831660 0.029862 0.033400
7 0.864431 0.792590 0.024562 0.031900
7 0.794406 0.379770 0.039237 0.026660
7 0.816438 0.316560 0.033850 0.029240
7 0.839550 0.115730 0.031700 0.033620
7 0.743881 0.129920 0.032788 0.029320
7 0.695506 0.138950 0.036012 0.031900
7 0.623750 0.241760 0.032250 0.036120
7 0.645787 0.486840 0.040850 0.034400
7 0.597681 0.169950 0.034937 0.030100
7 0.572956 0.251650 0.034937 0.040420
7 0.524319 0.191450 0.031163 0.036980
7 0.550381 0.423200 0.034937 0.036120
7 0.452569 0.326020 0.031713 0.034400
7 0.426769 0.303660 0.037088 0.036120
7 0.354562 0.398580 0.032900 0.030960
7 0.329087 0.239140 0.033550 0.034040
7 0.233956 0.391870 0.040637 0.031980
9 0.107956 0.872870 0.018763 0.038180
9 0.101831 0.717040 0.024563 0.038200
9 0.102475 0.556050 0.029725 0.038180
9 0.101831 0.401260 0.021988 0.032000
9 0.101831 0.243940 0.024563 0.039320
3 0.228000 0.160670 0.188125 0.052300
2 0.512756 0.090410 0.218338 0.042540
0 0.513000 0.938320 0.773375 0.100760
1 0.090700 0.501880 0.070125 0.794120
5 0.512500 0.502350 0.776950 0.764700
8 0.136756 0.923920 0.017587 0.027320
8 0.259019 0.921200 0.019288 0.029120
8 0.380719 0.922970 0.025538 0.029060
8 0.500150 0.922060 0.024975 0.027240
8 0.623550 0.922570 0.027800 0.031860
8 0.744963 0.921650 0.025525 0.035500
8 0.865244 0.923470 0.025537 0.030060
11 0.073912 0.509780 0.022025 0.195880
