9 0.107963 0.860530 0.021350 0.042420
9 0.102150 0.720660 0.027800 0.041280
0 0.512712 0.940580 0.776200 0.103480
11 0.072787 0.509180 0.021275 0.195880
1 0.085931 0.514350 0.074213 0.814700
5 0.512906 0.503660 0.776137 0.767320
8 0.137325 0.924380 0.016450 0.033680
8 0.260156 0.924830 0.019288 0.032780
8 0.381006 0.923010 0.027237 0.034580
8 0.504119 0.922110 0.027238 0.032780
8 0.621281 0.920300 0.030063 0.036400
8 0.744969 0.922110 0.026663 0.032780
7 0.524725 0.654190 0.036600 0.031820
7 0.574444 0.604310 0.034988 0.033540
7 0.598625 0.727290 0.029625 0.036980
7 0.624694 0.473160 0.039838 0.029240
7 0.645919 0.376430 0.033912 0.031820
7 0.669538 0.304380 0.031100 0.025560
7 0.695263 0.301550 0.030025 0.027300
7 0.718487 0.262840 0.034125 0.025920
8 0.865244 0.924840 0.024387 0.036400
10 0.512550 0.959790 0.045250 0.034060
3 0.228094 0.159760 0.188312 0.049240
2 0.511437 0.093300 0.215050 0.039920
7 0.794137 0.271020 0.038125 0.025080
7 0.742181 0.660580 0.038113 0.034400
7 0.379106 0.725710 0.033638 0.028140
7 0.354875 0.197120 0.032300 0.036120
7 0.403250 0.225070 0.034450 0.030100
7 0.475006 0.176050 0.034988 0.031820
7 0.501075 0.269360 0.034450 0.037840
7 0.450281 0.729440 0.028537 0.036120
7 0.425825 0.798240 0.030150 0.030960
7 0.546762 0.704070 0.029075 0.026660
7 0.769056 0.782050 0.030062 0.032260
7 0.816981 0.874500 0.029163 0.022200
7 0.864237 0.821430 0.026025 0.039500
7 0.838925 0.555170 0.036325 0.031540
7 0.330775 0.689610 0.034750 0.028660
7 0.306131 0.403520 0.032513 0.028720
7 0.281688 0.615550 0.033625 0.028660
7 0.258731 0.441450 0.031012 0.025740
7 0.234288 0.545660 0.029150 0.029920
7 0.209838 0.624790 0.032500 0.032900
7 0.183338 0.703320 0.037725 0.031120
7 0.161113 0.396330 0.031725 0.029260
9 0.100538 0.153130 0.031025 0.037260
9 0.103763 0.294970 0.027150 0.036100
9 0.100862 0.437380 0.023925 0.042320
9 0.102800 0.579270 0.027800 0.039220
