7 0.401688 0.706470 0.033275 0.033420
9 0.107956 0.861050 0.016188 0.041380
9 0.102800 0.716570 0.027800 0.041380
9 0.102150 0.567920 0.027800 0.041280
9 0.102481 0.423960 0.025862 0.040240
9 0.101506 0.269170 0.026513 0.048500
9 0.102150 0.129340 0.027800 0.033040
0 0.513281 0.936500 0.773938 0.091680
7 0.693856 0.119500 0.034063 0.033440
7 0.596688 0.169650 0.036450 0.022300
7 0.573856 0.765290 0.032587 0.052020
7 0.545219 0.448900 0.043413 0.033440
7 0.527069 0.396330 0.045663 0.041980
7 0.499587 0.242770 0.037150 0.037260
7 0.452344 0.434650 0.035687 0.039620
7 0.474437 0.590680 0.039475 0.034680
7 0.428000 0.823000 0.033275 0.040880
7 0.379625 0.679970 0.032500 0.032180
7 0.357569 0.303450 0.034838 0.029860
7 0.282069 0.396320 0.038788 0.034800
7 0.307225 0.814880 0.036450 0.032320
7 0.328894 0.674340 0.038012 0.033560
7 0.256569 0.670560 0.029413 0.035920
7 0.210131 0.700960 0.032513 0.029840
7 0.233738 0.476200 0.039475 0.043480
7 0.162137 0.420540 0.037150 0.033440
7 0.186131 0.266920 0.044888 0.033560
11 0.073163 0.509180 0.022025 0.194680
10 0.513306 0.962220 0.044862 0.037080
3 0.228188 0.159760 0.188500 0.052280
2 0.511112 0.088570 0.221625 0.045180
1 0.090706 0.504490 0.071487 0.819180
5 0.514537 0.501050 0.772875 0.769940
8 0.137612 0.923020 0.017025 0.032760
8 0.257887 0.923430 0.020425 0.033580
8 0.379306 0.923880 0.021562 0.036320
8 0.501000 0.923470 0.027800 0.030060
8 0.624113 0.923020 0.027800 0.027320
8 0.742694 0.923020 0.028937 0.036400
8 0.862694 0.923470 0.032913 0.035500
7 0.864094 0.431000 0.043413 0.032320
7 0.840875 0.476200 0.041875 0.038520
7 0.814944 0.649570 0.042638 0.028620
7 0.792500 0.676820 0.042650 0.031080
7 0.768156 0.630440 0.041788 0.032200
7 0.742194 0.543070 0.033363 0.040980
7 0.718625 0.720160 0.038700 0.038520
7 0.667544 0.667520 0.041787 0.039760
7 0.620325 0.616130 0.037150 0.045940
7 0.646606 0.518240 0.037237 0.040880
