7 0.644156 0.320860 0.033962 0.023640
7 0.668512 0.285190 0.033950 0.028460
7 0.695181 0.495530 0.032037 0.028020
7 0.719525 0.176600 0.033500 0.032680
7 0.766906 0.364180 0.031863 0.041840
7 0.792269 0.256280 0.038463 0.045880
7 0.815525 0.468040 0.040850 0.040640
7 0.841256 0.418370 0.036763 0.048500
7 0.740375 0.764140 0.027750 0.036680
7 0.864131 0.778490 0.028588 0.031500
11 0.071881 0.506740 0.025787 0.194680
9 0.107312 0.868740 0.017475 0.032000
9 0.101187 0.721170 0.027150 0.042300
9 0.102125 0.578290 0.027750 0.037260
9 0.101181 0.427110 0.025863 0.032100
9 0.100869 0.278510 0.029087 0.036220
9 0.101513 0.129910 0.027800 0.038300
8 0.864394 0.922460 0.029288 0.033760
8 0.743550 0.923550 0.025875 0.035940
8 0.621344 0.925180 0.030637 0.041400
8 0.501175 0.923010 0.028600 0.034860
8 0.378962 0.920830 0.023825 0.037020
8 0.256075 0.922460 0.024500 0.035960
8 0.139312 0.923000 0.019750 0.032680
7 0.160744 0.119020 0.038488 0.040640
7 0.185250 0.554310 0.036850 0.040660
7 0.208944 0.802030 0.031938 0.028900
7 0.230600 0.627510 0.044200 0.043260
7 0.257556 0.592880 0.040938 0.034120
7 0.278800 0.209210 0.044200 0.035420
7 0.304025 0.161220 0.032700 0.026160
7 0.330075 0.876830 0.032000 0.030500
7 0.356275 0.716140 0.027200 0.038120
7 0.380119 0.730850 0.036763 0.034860
2 0.514887 0.093290 0.224575 0.040980
3 0.228938 0.160520 0.194575 0.058680
10 0.512831 0.961010 0.047713 0.034660
5 0.512906 0.492550 0.776137 0.792140
1 0.087637 0.505580 0.070800 0.777760
0 0.512150 0.941490 0.773925 0.107100
7 0.474412 0.577800 0.034725 0.035960
7 0.405313 0.285860 0.036775 0.035960
7 0.427438 0.255360 0.037450 0.035960
7 0.449225 0.121370 0.034725 0.031580
7 0.591856 0.119190 0.039487 0.029420
7 0.547606 0.302210 0.039487 0.044660
7 0.499950 0.747200 0.028600 0.037040
7 0.524800 0.771700 0.023825 0.031600
7 0.573819 0.727040 0.037437 0.035960
7 0.619600 0.302520 0.033100 0.032400
