8 0.380325 0.920280 0.027925 0.031600
8 0.258119 0.921370 0.027237 0.033780
8 0.136925 0.920820 0.020425 0.032680
1 0.090019 0.504490 0.068763 0.769060
0 0.512431 0.936050 0.775637 0.090780
7 0.304325 0.113660 0.038400 0.036720
7 0.280637 0.273800 0.040025 0.038040
7 0.255306 0.604510 0.036762 0.035420
7 0.234106 0.767910 0.035213 0.027580
7 0.209556 0.811050 0.031862 0.035420
7 0.183825 0.481700 0.032675 0.043120
7 0.161356 0.354190 0.040038 0.031500
9 0.101831 0.544700 0.029738 0.044360
9 0.102475 0.704140 0.027150 0.039200
7 0.814550 0.332510 0.029000 0.027580
7 0.769313 0.240770 0.031375 0.029420
7 0.790425 0.403610 0.032750 0.034860
7 0.718356 0.462000 0.036762 0.037040
7 0.741738 0.589350 0.038875 0.031580
7 0.669237 0.843160 0.027300 0.033760
7 0.693406 0.693920 0.027987 0.033760
7 0.648806 0.180850 0.034113 0.049020
7 0.622263 0.445010 0.030025 0.039220
7 0.595700 0.677030 0.027300 0.030500
7 0.524219 0.879660 0.027313 0.028320
7 0.574181 0.485450 0.034037 0.030260
7 0.550069 0.278560 0.034038 0.026480
7 0.502369 0.401840 0.029888 0.025200
7 0.475475 0.398690 0.029875 0.026260
7 0.450206 0.634580 0.040938 0.045880
7 0.426875 0.765300 0.030225 0.030200
7 0.376225 0.755490 0.036775 0.039340
7 0.401144 0.548300 0.034312 0.040640
7 0.328838 0.591510 0.033500 0.043140
7 0.351719 0.396740 0.036762 0.040520
11 0.073744 0.507000 0.022813 0.196480
9 0.102800 0.382730 0.031675 0.036220
7 0.866119 0.736240 0.027287 0.032680
9 0.099250 0.221240 0.034900 0.033120
5 0.514675 0.505830 0.772875 0.765140
9 0.107631 0.867190 0.019413 0.028900
2 0.513244 0.090940 0.220638 0.039400
3 0.228288 0.160210 0.192875 0.057460
10 0.513694 0.963590 0.046763 0.032540
7 0.839956 0.323740 0.032037 0.032440
8 0.865412 0.926820 0.031325 0.040320
8 0.743206 0.923550 0.030638 0.029420
8 0.623381 0.923550 0.033362 0.033780
8 0.502194 0.921370 0.030637 0.031580
