9 0.104088 0.480720 0.025225 0.032000
9 0.102794 0.649440 0.029088 0.041280
7 0.598331 0.517460 0.038113 0.030960
7 0.547706 0.158290 0.032312 0.026940
8 0.257325 0.923430 0.023825 0.033580
9 0.102156 0.819720 0.029087 0.043360
9 0.102475 0.146890 0.023275 0.039220
8 0.864963 0.924380 0.028375 0.033680
8 0.744119 0.923020 0.024963 0.030960
8 0.623269 0.923470 0.028362 0.028220
8 0.501850 0.922110 0.027225 0.029140
8 0.382138 0.923020 0.027225 0.030960
7 0.865400 0.382990 0.036325 0.029460
7 0.816575 0.525600 0.031850 0.023720
7 0.838969 0.725900 0.033637 0.025880
7 0.791269 0.678610 0.032287 0.028740
7 0.624350 0.878440 0.025375 0.026880
7 0.426606 0.284750 0.042563 0.031980
11 0.072975 0.508580 0.021650 0.194680
7 0.331313 0.285220 0.038125 0.026920
7 0.306481 0.440520 0.034887 0.027960
7 0.283131 0.630770 0.033287 0.028380
7 0.259175 0.737270 0.033900 0.025380
7 0.232244 0.743350 0.033288 0.026380
8 0.137038 0.923430 0.017025 0.033580
7 0.188419 0.705920 0.041862 0.037280
7 0.206994 0.585180 0.029487 0.033560
7 0.161756 0.609320 0.034838 0.032320
5 0.511275 0.506270 0.774500 0.772540
0 0.513850 0.937400 0.775075 0.095320
1 0.086619 0.501760 0.081013 0.798480
7 0.524156 0.182070 0.029087 0.028900
7 0.500906 0.655740 0.034187 0.026840
7 0.473850 0.442650 0.036825 0.027860
7 0.453500 0.360600 0.032250 0.041280
9 0.102475 0.319220 0.024575 0.028880
7 0.670050 0.634160 0.033625 0.031360
7 0.719031 0.538850 0.032687 0.030860
7 0.694462 0.414680 0.030825 0.029360
7 0.645475 0.427870 0.034250 0.027860
7 0.571100 0.544760 0.036550 0.027960
7 0.402875 0.356480 0.032900 0.035080
7 0.376425 0.253800 0.038050 0.029920
7 0.768338 0.186460 0.036325 0.032240
7 0.356144 0.359060 0.031013 0.029920
10 0.513125 0.961160 0.047525 0.038000
3 0.228187 0.158990 0.186975 0.051980
2 0.512425 0.091190 0.217025 0.050420
7 0.741275 0.633900 0.039850 0.024880
