8 0.864056 0.921700 0.027237 0.032680
7 0.211356 0.120040 0.036412 0.030320
7 0.184406 0.183210 0.035463 0.029580
7 0.161194 0.243540 0.038763 0.027240
0 0.513281 0.942850 0.775062 0.108020
1 0.086631 0.511030 0.078262 0.786500
5 0.512913 0.494510 0.772875 0.796060
8 0.136250 0.925730 0.017700 0.033780
8 0.255731 0.925190 0.018388 0.039220
8 0.380325 0.924100 0.026550 0.028320
8 0.498113 0.919200 0.026550 0.033760
8 0.622700 0.923550 0.029275 0.033780
8 0.743888 0.921910 0.025200 0.034860
7 0.258400 0.232370 0.034050 0.031100
11 0.073619 0.510440 0.023887 0.197680
10 0.512650 0.960550 0.044675 0.035580
9 0.100862 0.143270 0.031675 0.038180
9 0.102475 0.293470 0.029725 0.037260
9 0.104406 0.438460 0.025862 0.040360
9 0.102150 0.584480 0.027800 0.043440
9 0.101187 0.732570 0.029725 0.038300
9 0.108281 0.875960 0.016837 0.042320
3 0.228094 0.161280 0.193262 0.061400
2 0.515856 0.092250 0.217387 0.037820
7 0.870556 0.478450 0.044312 0.035940
7 0.841619 0.441420 0.031388 0.033760
7 0.818131 0.581940 0.037512 0.038120
7 0.767406 0.645120 0.036837 0.033760
7 0.792262 0.360260 0.033425 0.043560
7 0.744600 0.151120 0.036150 0.037040
7 0.717031 0.571600 0.039563 0.032680
7 0.669369 0.664180 0.039563 0.037040
7 0.694900 0.471380 0.032075 0.037040
7 0.622731 0.185430 0.040237 0.031580
7 0.649281 0.429440 0.040237 0.033760
7 0.597888 0.610800 0.032750 0.032680
7 0.571675 0.665280 0.033425 0.041400
7 0.547500 0.812880 0.030025 0.031600
7 0.524694 0.874430 0.033438 0.026140
7 0.477381 0.812880 0.031387 0.038120
7 0.427675 0.860810 0.027300 0.033780
7 0.449125 0.631500 0.033425 0.041400
7 0.501544 0.471380 0.034787 0.041400
7 0.380700 0.737710 0.038200 0.033780
7 0.353806 0.695780 0.026613 0.032680
7 0.282319 0.605910 0.034788 0.033780
7 0.233300 0.867880 0.021175 0.028320
7 0.401425 0.224060 0.043025 0.032600
7 0.326675 0.179230 0.042550 0.030260
7 0.307094 0.216870 0.035937 0.030340
