7 0.522869 0.851710 0.033137 0.033700
7 0.426569 0.825230 0.030463 0.025140
7 0.573481 0.438210 0.031362 0.040860
7 0.598119 0.390920 0.040313 0.033680
7 0.624369 0.175580 0.040362 0.024160
7 0.645600 0.415980 0.037675 0.035240
7 0.670594 0.676550 0.033912 0.036980
7 0.332281 0.234550 0.038762 0.031060
8 0.500719 0.923010 0.027238 0.029140
8 0.379019 0.922970 0.026662 0.034500
8 0.258456 0.923920 0.014762 0.030960
7 0.233375 0.700890 0.030200 0.034340
0 0.513569 0.940580 0.775637 0.103480
7 0.282519 0.710600 0.032688 0.033840
7 0.256831 0.657490 0.034588 0.026140
7 0.183813 0.634580 0.040250 0.037280
7 0.209738 0.295900 0.036375 0.028600
2 0.512587 0.091190 0.219975 0.040980
7 0.694781 0.788780 0.027462 0.036120
7 0.718537 0.846480 0.021175 0.036880
7 0.744975 0.817870 0.027400 0.028420
7 0.814800 0.858680 0.030200 0.032400
7 0.865969 0.716350 0.029262 0.029420
7 0.767750 0.441470 0.033975 0.028660
7 0.793881 0.339980 0.035463 0.031120
3 0.228187 0.159300 0.187750 0.050160
7 0.840913 0.384800 0.031725 0.027480
11 0.073350 0.509180 0.023150 0.195880
10 0.512362 0.961780 0.051325 0.034400
9 0.099894 0.151530 0.028438 0.031980
9 0.101831 0.293430 0.029738 0.033020
9 0.103444 0.433250 0.027788 0.038180
9 0.103444 0.572050 0.029087 0.033020
9 0.101506 0.717560 0.026513 0.037160
9 0.107637 0.857380 0.020700 0.036120
7 0.161756 0.302090 0.031738 0.031100
7 0.306563 0.150600 0.028875 0.025600
7 0.403281 0.379080 0.035837 0.034400
8 0.137325 0.924370 0.016450 0.031860
5 0.513725 0.503000 0.774500 0.771240
1 0.089681 0.499690 0.073537 0.796300
7 0.354063 0.643170 0.029575 0.034340
8 0.622413 0.923020 0.027800 0.032760
8 0.744112 0.924830 0.027225 0.030940
8 0.863256 0.922560 0.028363 0.028240
7 0.380187 0.707120 0.040150 0.032840
7 0.450531 0.624570 0.034488 0.025140
7 0.475837 0.528150 0.038525 0.027220
7 0.549519 0.638190 0.036287 0.029460
7 0.498681 0.690110 0.031363 0.027220
