7 0.647175 0.652690 0.033425 0.030620
7 0.527350 0.784500 0.027975 0.030600
7 0.476625 0.645610 0.038200 0.027340
7 0.622663 0.275240 0.041600 0.029520
7 0.571944 0.170660 0.036838 0.029520
7 0.549819 0.387440 0.033438 0.020800
7 0.501475 0.410320 0.033425 0.033880
7 0.452150 0.322370 0.030100 0.021500
7 0.426019 0.319590 0.026813 0.026260
7 0.403475 0.169850 0.036075 0.030500
7 0.306125 0.408350 0.034700 0.030940
7 0.377244 0.745620 0.038263 0.027160
7 0.354981 0.789420 0.024462 0.022760
7 0.328975 0.791630 0.023675 0.023380
7 0.282306 0.856600 0.027187 0.023320
11 0.073163 0.510380 0.020525 0.193480
2 0.513225 0.089360 0.220675 0.047800
3 0.227331 0.159750 0.190588 0.052900
10 0.512550 0.961320 0.050175 0.036520
8 0.257606 0.923880 0.015312 0.030880
8 0.381287 0.922110 0.026675 0.030940
0 0.513000 0.933320 0.775625 0.087160
1 0.084575 0.501770 0.082375 0.802820
9 0.101831 0.144360 0.025862 0.034160
9 0.101831 0.287800 0.029738 0.034160
9 0.103125 0.435880 0.027150 0.035200
9 0.103769 0.582940 0.028438 0.038280
9 0.102475 0.729990 0.024575 0.041380
9 0.106994 0.871880 0.016837 0.038280
5 0.513312 0.503660 0.775325 0.769920
8 0.136700 0.922240 0.019300 0.029040
8 0.864394 0.921660 0.027237 0.030040
7 0.256288 0.765790 0.025650 0.029700
7 0.232038 0.810010 0.027575 0.036580
7 0.208825 0.598690 0.041675 0.030060
7 0.184725 0.524180 0.040850 0.030080
7 0.158575 0.805890 0.027775 0.026140
8 0.500431 0.921650 0.023262 0.028220
8 0.622413 0.922570 0.025525 0.031860
8 0.745188 0.926330 0.027800 0.035420
7 0.863000 0.735480 0.041600 0.034960
7 0.814319 0.573170 0.034113 0.028420
7 0.839512 0.527420 0.038200 0.037160
7 0.769725 0.346040 0.036150 0.033880
7 0.791169 0.131450 0.039562 0.022980
7 0.744531 0.231120 0.032063 0.028440
7 0.720362 0.308470 0.039550 0.028420
7 0.694831 0.697900 0.025263 0.033880
7 0.671344 0.531780 0.035463 0.037160
7 0.596450 0.818810 0.032750 0.027340
