7 0.234088 0.491920 0.036475 0.024680
7 0.498787 0.684370 0.024400 0.026420
7 0.475837 0.709320 0.031825 0.027320
7 0.449144 0.759260 0.028362 0.030960
7 0.428431 0.863690 0.038012 0.034500
7 0.401769 0.658490 0.034612 0.038220
7 0.379925 0.818710 0.031775 0.026420
7 0.306194 0.816890 0.032962 0.026420
7 0.282056 0.618550 0.043688 0.021860
7 0.352613 0.206140 0.036475 0.029960
7 0.332419 0.358220 0.034188 0.027320
7 0.256738 0.299130 0.031225 0.028900
7 0.526331 0.739280 0.027288 0.030960
7 0.210281 0.324340 0.034187 0.026800
7 0.185331 0.363470 0.030238 0.022060
7 0.159306 0.336840 0.031838 0.023640
2 0.515850 0.086210 0.216075 0.048860
3 0.228181 0.159150 0.192287 0.058980
10 0.512931 0.961470 0.047137 0.036180
9 0.102481 0.718630 0.025862 0.051700
9 0.101506 0.574160 0.029088 0.039320
9 0.100862 0.425000 0.025225 0.042320
9 0.103119 0.274330 0.023287 0.040260
9 0.101831 0.130370 0.023287 0.035100
7 0.865012 0.350760 0.035175 0.025520
7 0.840337 0.374810 0.036875 0.028220
7 0.791544 0.439720 0.032338 0.023680
11 0.073713 0.509160 0.019425 0.194720
8 0.863712 0.924100 0.026550 0.037040
8 0.742181 0.923010 0.027237 0.030500
8 0.623044 0.923550 0.031312 0.033780
8 0.501850 0.921920 0.023150 0.026160
8 0.379300 0.924090 0.025875 0.034860
8 0.256069 0.922460 0.021788 0.033760
8 0.136250 0.923550 0.017700 0.035940
5 0.512500 0.498430 0.776950 0.785620
1 0.090362 0.501220 0.072175 0.793040
0 0.512150 0.937400 0.776200 0.097120
9 0.107319 0.867240 0.022637 0.037240
7 0.819344 0.457420 0.034613 0.022800
7 0.769412 0.567710 0.033475 0.034580
7 0.743063 0.281310 0.034100 0.028220
7 0.719775 0.299470 0.034050 0.028220
7 0.646869 0.663530 0.034613 0.031780
7 0.668713 0.307220 0.039725 0.032680
7 0.695094 0.131070 0.035738 0.029140
7 0.624463 0.176510 0.035175 0.027220
7 0.596094 0.124270 0.034038 0.028220
7 0.572831 0.429780 0.032912 0.029040
7 0.548175 0.186000 0.030125 0.028240
