7 0.183981 0.637650 0.035463 0.031020
7 0.161606 0.187910 0.036438 0.029420
2 0.511112 0.080160 0.223600 0.055680
3 0.228269 0.159910 0.189437 0.050780
0 0.513281 0.941040 0.773938 0.104400
10 0.512550 0.962070 0.048275 0.034340
5 0.512144 0.508240 0.776038 0.771240
11 0.073350 0.508590 0.023150 0.193500
9 0.101506 0.154670 0.029088 0.040340
9 0.101831 0.304830 0.025862 0.037260
9 0.102800 0.448790 0.025225 0.036220
9 0.101506 0.597380 0.026513 0.038280
9 0.102475 0.744900 0.027150 0.042320
9 0.108281 0.889420 0.019413 0.034160
1 0.083212 0.506670 0.083750 0.816980
8 0.137612 0.924370 0.017025 0.031860
8 0.258169 0.924830 0.026662 0.032780
8 0.379581 0.924370 0.032338 0.040940
8 0.503269 0.923880 0.030063 0.036320
8 0.622131 0.922110 0.026088 0.034580
8 0.744112 0.923880 0.022700 0.032680
8 0.863825 0.922560 0.034050 0.033680
7 0.866156 0.444480 0.036313 0.029040
7 0.838350 0.252440 0.034050 0.033680
7 0.813106 0.274690 0.034613 0.029140
7 0.767150 0.286480 0.036875 0.030960
7 0.791831 0.576520 0.036312 0.026400
7 0.741613 0.650960 0.039150 0.039120
7 0.720913 0.486200 0.035175 0.030960
7 0.694813 0.764890 0.028375 0.029140
7 0.670981 0.827070 0.027237 0.022780
7 0.620487 0.720400 0.038575 0.036400
7 0.646581 0.303780 0.036312 0.032680
7 0.595525 0.119460 0.032900 0.025520
7 0.574600 0.500380 0.030575 0.025920
7 0.550475 0.482510 0.031550 0.029500
7 0.525244 0.572530 0.033088 0.029500
7 0.501131 0.469230 0.031212 0.027300
7 0.477494 0.547910 0.035937 0.028820
7 0.425250 0.484360 0.035450 0.030320
7 0.452437 0.238120 0.033100 0.026560
7 0.403975 0.115190 0.032625 0.021260
7 0.330219 0.187440 0.036412 0.025040
7 0.379481 0.814680 0.027413 0.026480
7 0.355131 0.795000 0.024113 0.026480
7 0.306194 0.793870 0.024587 0.033300
7 0.280194 0.522300 0.036887 0.027240
7 0.256319 0.818080 0.030738 0.027240
7 0.231969 0.822610 0.022688 0.030260
7 0.207856 0.761720 0.023637 0.032520
