7 0.694994 0.177610 0.031488 0.022620
7 0.378344 0.545520 0.029412 0.033200
7 0.403419 0.550420 0.030112 0.030280
7 0.453238 0.530710 0.033075 0.025900
9 0.101187 0.144820 0.031025 0.035080
9 0.101513 0.293940 0.030375 0.036120
9 0.101187 0.444610 0.023275 0.038180
9 0.102150 0.599390 0.030375 0.038180
9 0.102481 0.748510 0.025862 0.037140
7 0.475806 0.432760 0.033537 0.027000
7 0.424519 0.178510 0.038588 0.031780
7 0.496887 0.150370 0.036925 0.028140
7 0.668825 0.202050 0.032150 0.028460
7 0.160362 0.752970 0.030950 0.038500
7 0.553625 0.421790 0.043750 0.033580
7 0.572600 0.523920 0.031775 0.041760
7 0.622275 0.557510 0.038075 0.025420
7 0.647038 0.376220 0.035750 0.031760
0 0.512712 0.939210 0.776200 0.093500
1 0.094106 0.505030 0.066038 0.805020
5 0.512906 0.503010 0.774513 0.768620
8 0.136756 0.922570 0.016463 0.031860
8 0.256469 0.923010 0.019863 0.029140
8 0.380156 0.922060 0.026663 0.032680
8 0.502138 0.921200 0.024400 0.029120
8 0.620431 0.923470 0.028362 0.039140
8 0.744112 0.924830 0.027225 0.030940
7 0.841231 0.452310 0.030712 0.024580
7 0.816094 0.193470 0.033413 0.027140
10 0.512831 0.962070 0.045812 0.034980
7 0.184738 0.466300 0.037925 0.034800
7 0.236212 0.389520 0.035600 0.032320
7 0.207269 0.368060 0.032013 0.031080
7 0.256800 0.263870 0.029275 0.027580
7 0.282650 0.236070 0.036125 0.021900
7 0.329062 0.614330 0.035225 0.034500
7 0.305231 0.770920 0.027287 0.033600
7 0.354594 0.808590 0.030688 0.030860
7 0.791319 0.607430 0.033387 0.029340
8 0.863538 0.921650 0.024400 0.037300
7 0.742081 0.681190 0.030662 0.028020
2 0.513556 0.085940 0.226588 0.048320
3 0.227906 0.160370 0.188312 0.052900
7 0.765744 0.821150 0.026937 0.034660
11 0.073725 0.510380 0.020900 0.194680
7 0.719119 0.877690 0.022137 0.020780
7 0.523356 0.762550 0.035937 0.024980
7 0.597469 0.604680 0.033488 0.029480
7 0.865337 0.439760 0.029475 0.027640
