7 0.642562 0.147060 0.046575 0.044440
2 0.511437 0.093560 0.213750 0.039400
3 0.227419 0.160670 0.193812 0.060180
10 0.512262 0.962830 0.048850 0.035860
9 0.101187 0.257350 0.028450 0.037260
9 0.104413 0.410090 0.029725 0.037260
9 0.103125 0.563330 0.031025 0.036220
9 0.101506 0.715030 0.026513 0.042420
9 0.107312 0.869300 0.020050 0.035200
0 0.513281 0.941940 0.775062 0.106200
1 0.090025 0.506670 0.070125 0.773420
5 0.514544 0.493200 0.779412 0.790840
8 0.137606 0.922460 0.019062 0.029400
8 0.258794 0.923010 0.027238 0.030500
8 0.380325 0.923010 0.032000 0.039220
8 0.501513 0.920280 0.030625 0.031600
8 0.623719 0.924640 0.029962 0.027240
8 0.743888 0.923550 0.025200 0.033780
8 0.862350 0.924090 0.029275 0.034860
7 0.160131 0.660130 0.037587 0.037900
7 0.182594 0.845100 0.031862 0.028760
7 0.231619 0.460130 0.041663 0.040540
7 0.209969 0.274500 0.037587 0.032680
7 0.301475 0.303920 0.045750 0.039200
7 0.332925 0.739860 0.038400 0.032680
7 0.283094 0.877130 0.031863 0.035300
7 0.257350 0.762090 0.031050 0.043140
7 0.424425 0.466670 0.038400 0.037900
7 0.375812 0.255560 0.040850 0.041840
7 0.353762 0.113730 0.040850 0.027460
7 0.403594 0.148370 0.039213 0.031380
7 0.451800 0.241170 0.037575 0.039220
7 0.499188 0.312420 0.035950 0.037920
7 0.546162 0.213070 0.046575 0.035300
7 0.619687 0.294770 0.038400 0.039220
7 0.522875 0.443140 0.040850 0.037920
7 0.475081 0.664050 0.044938 0.035300
7 0.571075 0.817640 0.031050 0.036600
7 0.596813 0.620260 0.044925 0.044440
7 0.694037 0.452940 0.041675 0.036600
7 0.717319 0.407840 0.042488 0.035280
7 0.667075 0.649020 0.044925 0.039200
7 0.765900 0.330540 0.034150 0.024680
7 0.791162 0.340490 0.031875 0.025260
7 0.740450 0.819090 0.030700 0.035940
7 0.813638 0.645880 0.043650 0.042480
7 0.837125 0.748220 0.030700 0.033880
7 0.866063 0.659990 0.038200 0.042580
11 0.072063 0.508530 0.023175 0.203060
