8 0.864731 0.923550 0.031312 0.035940
7 0.185306 0.800240 0.028663 0.040320
7 0.160450 0.381940 0.032075 0.029400
7 0.208113 0.522400 0.038875 0.029520
7 0.237381 0.450030 0.037512 0.030500
7 0.258494 0.284440 0.042962 0.028320
7 0.277894 0.746320 0.043637 0.039200
7 0.305500 0.141860 0.033650 0.021880
7 0.330244 0.216830 0.036687 0.028500
9 0.102475 0.133520 0.031025 0.033120
9 0.101187 0.285170 0.028450 0.047460
9 0.102150 0.429120 0.030375 0.042320
9 0.101831 0.578240 0.028438 0.035080
9 0.100869 0.726840 0.022637 0.041280
9 0.108606 0.874470 0.018763 0.041380
7 0.792231 0.115600 0.033362 0.039200
7 0.839750 0.508190 0.032675 0.033780
7 0.814894 0.594790 0.036088 0.030500
7 0.864256 0.708090 0.032687 0.034860
11 0.071688 0.510390 0.023925 0.203060
7 0.352613 0.402530 0.037450 0.029420
7 0.379850 0.281070 0.037450 0.028340
7 0.432237 0.295780 0.044325 0.038120
7 0.475844 0.401440 0.041538 0.038120
7 0.451675 0.523990 0.040850 0.028340
7 0.400275 0.772360 0.038800 0.032680
7 0.502056 0.276170 0.031313 0.031580
7 0.521462 0.198830 0.041525 0.029420
7 0.548350 0.169410 0.038125 0.029420
7 0.574562 0.285420 0.044250 0.037040
7 0.672913 0.522900 0.030025 0.030520
7 0.646356 0.546860 0.039562 0.037040
7 0.621169 0.650900 0.042288 0.038120
7 0.598400 0.814840 0.029275 0.026160
7 0.696775 0.702640 0.031325 0.039200
7 0.720944 0.863270 0.026562 0.035860
7 0.742050 0.411240 0.038800 0.033760
7 0.766219 0.226060 0.044938 0.033760
10 0.511981 0.962390 0.049413 0.037420
3 0.227906 0.160060 0.195913 0.063240
2 0.512756 0.091460 0.218338 0.043600
0 0.514700 0.936950 0.774500 0.094420
1 0.089681 0.514840 0.070812 0.789760
5 0.512500 0.497120 0.773700 0.783000
8 0.138969 0.925190 0.019062 0.030500
8 0.258800 0.919200 0.020425 0.033760
8 0.381688 0.920280 0.032000 0.027240
8 0.502194 0.920830 0.023837 0.028340
8 0.621344 0.921370 0.027912 0.035940
8 0.744906 0.923010 0.029962 0.034860
