8 0.139650 0.921910 0.020425 0.034860
1 0.090019 0.511570 0.071487 0.785420
0 0.513281 0.938310 0.775062 0.097140
9 0.102800 0.772770 0.027800 0.044380
9 0.102475 0.617510 0.028450 0.041380
7 0.159919 0.815670 0.023937 0.024060
3 0.228756 0.160210 0.192687 0.060500
10 0.511981 0.961920 0.049413 0.035880
5 0.513319 0.503400 0.773688 0.772560
9 0.100862 0.305340 0.032950 0.040360
7 0.865112 0.225080 0.038875 0.029400
7 0.551250 0.739240 0.029350 0.022880
7 0.527075 0.363960 0.035475 0.028320
7 0.500525 0.651550 0.038200 0.037020
7 0.428700 0.816580 0.033425 0.042480
7 0.475331 0.538260 0.040913 0.039200
7 0.450825 0.312770 0.042275 0.037020
7 0.376663 0.319450 0.030875 0.034140
7 0.405381 0.121860 0.030212 0.021920
7 0.303006 0.160120 0.038562 0.031920
7 0.258800 0.112790 0.035175 0.031780
7 0.233831 0.233020 0.031762 0.027320
7 0.354425 0.640800 0.038300 0.032600
11 0.072813 0.507330 0.024675 0.197060
9 0.101506 0.149000 0.031662 0.029000
9 0.100862 0.465810 0.025225 0.037260
8 0.864056 0.920830 0.029963 0.039220
8 0.742869 0.924640 0.027238 0.035960
8 0.621681 0.921380 0.031313 0.038120
8 0.499125 0.924640 0.023150 0.031600
7 0.283269 0.579140 0.038762 0.033360
7 0.207094 0.742100 0.027138 0.027040
7 0.184975 0.810690 0.021200 0.020460
7 0.331731 0.519390 0.035463 0.028820
2 0.512737 0.088560 0.221000 0.047280
7 0.840600 0.446760 0.034800 0.037040
7 0.818475 0.680360 0.032750 0.033880
7 0.791581 0.687500 0.032062 0.032680
7 0.767075 0.506120 0.038875 0.033760
7 0.742219 0.800240 0.031388 0.027240
7 0.720438 0.534990 0.032750 0.030500
7 0.694906 0.454380 0.037512 0.045760
7 0.670050 0.557860 0.038200 0.037040
7 0.646225 0.269190 0.038200 0.030500
7 0.620688 0.648830 0.038875 0.031580
7 0.598562 0.709830 0.040925 0.031580
7 0.573713 0.661360 0.036150 0.032680
8 0.378287 0.922460 0.026550 0.033760
8 0.258119 0.921380 0.024513 0.038120
