7 0.817106 0.463330 0.035463 0.030340
7 0.160456 0.242020 0.034138 0.027320
7 0.256938 0.188360 0.037125 0.022640
7 0.305038 0.249820 0.039425 0.026840
7 0.184206 0.354890 0.037462 0.023700
7 0.208581 0.805300 0.031863 0.022360
7 0.231862 0.581110 0.035950 0.026260
7 0.282512 0.851110 0.032675 0.040540
7 0.330119 0.479970 0.035163 0.027900
7 0.353869 0.440780 0.031037 0.022800
7 0.381656 0.447440 0.036412 0.020800
7 0.402813 0.627950 0.033525 0.030900
7 0.428025 0.495250 0.031950 0.027740
7 0.452062 0.519200 0.032750 0.029000
7 0.500131 0.541590 0.033537 0.024580
7 0.477669 0.596740 0.034312 0.036560
7 0.523181 0.736690 0.031563 0.035300
7 0.546031 0.818640 0.027613 0.026480
7 0.576175 0.836580 0.024075 0.027160
7 0.599219 0.767560 0.031563 0.022760
7 0.622856 0.661330 0.037862 0.034740
7 0.647287 0.797840 0.025250 0.029000
7 0.669156 0.621940 0.033538 0.025280
7 0.692994 0.370090 0.036287 0.027180
7 0.717219 0.698880 0.032738 0.029000
7 0.745000 0.721220 0.031550 0.024640
7 0.768837 0.640840 0.036675 0.032840
7 0.865563 0.706090 0.032350 0.025900
7 0.839162 0.806010 0.033925 0.024020
7 0.792756 0.118750 0.034988 0.026540
11 0.073169 0.507400 0.018287 0.195880
2 0.512256 0.089100 0.220637 0.047280
3 0.228462 0.160670 0.190950 0.058980
10 0.512650 0.961000 0.048850 0.035880
8 0.868819 0.921920 0.027238 0.039200
8 0.744906 0.924090 0.024513 0.034860
8 0.620319 0.921370 0.027237 0.031580
8 0.502875 0.921370 0.032000 0.035940
8 0.377262 0.924640 0.031325 0.031600
8 0.257094 0.921920 0.019737 0.032680
8 0.138294 0.923550 0.019062 0.029420
5 0.514950 0.493850 0.776950 0.781700
1 0.092738 0.506120 0.070125 0.802840
0 0.514131 0.936050 0.775637 0.096220
9 0.100219 0.136050 0.030388 0.034060
9 0.101513 0.283100 0.023925 0.039200
9 0.103763 0.432220 0.024575 0.032000
9 0.100219 0.575150 0.025213 0.049540
9 0.100862 0.725290 0.025225 0.044380
9 0.105706 0.872350 0.019413 0.035100
