7 0.767925 0.547630 0.035400 0.038140
7 0.377469 0.644580 0.038813 0.031600
7 0.401975 0.769300 0.029275 0.032680
7 0.426488 0.182700 0.038800 0.031600
7 0.475506 0.271490 0.041537 0.030500
7 0.449975 0.566700 0.036775 0.032680
7 0.500012 0.557430 0.034725 0.027220
7 0.523500 0.441960 0.038125 0.035960
7 0.572519 0.398930 0.036763 0.026140
7 0.549712 0.761680 0.029275 0.023960
7 0.597031 0.799800 0.027237 0.032680
7 0.643669 0.555250 0.042888 0.035940
7 0.621881 0.346100 0.033362 0.027240
7 0.670563 0.774210 0.021775 0.029420
7 0.693031 0.340650 0.031313 0.029420
11 0.072625 0.507930 0.024300 0.201860
0 0.513281 0.940130 0.775062 0.102580
1 0.085938 0.509930 0.078300 0.782140
5 0.511688 0.496470 0.775325 0.779100
8 0.136244 0.923550 0.019062 0.031580
8 0.257775 0.922460 0.019750 0.035960
8 0.378625 0.924640 0.031325 0.042480
8 0.500487 0.923550 0.023150 0.031580
8 0.625762 0.923000 0.029950 0.028320
8 0.744906 0.924640 0.028588 0.038120
8 0.867113 0.924640 0.032000 0.040320
9 0.100544 0.260450 0.028438 0.026940
9 0.103769 0.410600 0.029737 0.038280
9 0.102800 0.562300 0.025225 0.040360
9 0.099894 0.710900 0.032313 0.054800
9 0.108281 0.864150 0.018113 0.041380
10 0.512881 0.963350 0.047687 0.035860
3 0.228281 0.160670 0.196287 0.060180
2 0.511931 0.093030 0.219988 0.040460
7 0.842019 0.820610 0.025213 0.030260
7 0.863456 0.401760 0.038612 0.031520
7 0.815387 0.402400 0.033100 0.026480
7 0.743069 0.117880 0.036088 0.028320
7 0.791406 0.359170 0.036087 0.040300
7 0.330850 0.555960 0.032900 0.032680
7 0.720263 0.333030 0.035400 0.031580
7 0.158263 0.647190 0.038575 0.030860
7 0.183375 0.219490 0.037025 0.033460
7 0.207662 0.139420 0.032150 0.020800
7 0.231844 0.617280 0.035738 0.030040
7 0.255675 0.657630 0.036875 0.030860
7 0.282344 0.486060 0.035737 0.036320
7 0.304187 0.238740 0.040850 0.033680
7 0.354400 0.321390 0.036875 0.035420
