7 0.476450 0.203560 0.041600 0.032600
7 0.208281 0.814240 0.036763 0.028440
7 0.257300 0.719470 0.024500 0.034980
7 0.280106 0.872030 0.021113 0.030500
7 0.375425 0.763040 0.038800 0.037160
7 0.426481 0.671540 0.036088 0.034960
7 0.498656 0.714020 0.038813 0.032800
7 0.522181 0.676640 0.030012 0.028880
7 0.550269 0.681140 0.030612 0.023400
7 0.572350 0.487440 0.038200 0.032800
7 0.596519 0.582750 0.037513 0.031700
7 0.620350 0.728720 0.034800 0.033880
7 0.643837 0.249970 0.036825 0.039340
7 0.672094 0.340380 0.033438 0.034960
7 0.695581 0.473280 0.031388 0.039320
7 0.718394 0.839290 0.027987 0.034980
7 0.745281 0.113250 0.038187 0.027340
7 0.766387 0.808790 0.024575 0.032780
7 0.789875 0.780470 0.026625 0.030620
7 0.816087 0.495610 0.039550 0.031700
7 0.840600 0.637230 0.034100 0.036060
7 0.863406 0.351830 0.036163 0.031700
2 0.514544 0.095650 0.219363 0.041500
3 0.227231 0.160820 0.192663 0.060480
10 0.512169 0.961010 0.048663 0.034660
8 0.864731 0.922460 0.031312 0.038120
8 0.744225 0.920620 0.032675 0.028320
8 0.624737 0.925190 0.029275 0.034860
8 0.501513 0.923550 0.023825 0.025060
8 0.379300 0.924090 0.025875 0.034860
8 0.258794 0.923550 0.016337 0.038140
8 0.138975 0.924640 0.023150 0.035960
5 0.513312 0.497780 0.775325 0.786920
1 0.090706 0.507210 0.068762 0.778860
0 0.513288 0.941040 0.776200 0.104400
9 0.102481 0.754760 0.025862 0.045520
9 0.102475 0.592180 0.028450 0.046440
9 0.101187 0.427110 0.022000 0.036220
9 0.101181 0.262520 0.032313 0.039320
11 0.071313 0.508520 0.023925 0.204240
7 0.161900 0.254130 0.034525 0.028740
7 0.185212 0.387790 0.036875 0.031780
7 0.235088 0.456630 0.043025 0.031780
7 0.306250 0.494800 0.036875 0.034120
7 0.326813 0.214140 0.043025 0.034120
7 0.354944 0.391580 0.030262 0.033280
7 0.402931 0.217210 0.029787 0.032540
7 0.452581 0.237210 0.035463 0.030340
