7 0.278444 0.241450 0.034988 0.026540
7 0.693794 0.254640 0.032687 0.029440
7 0.668506 0.255100 0.031887 0.032760
7 0.647350 0.124750 0.038125 0.035180
7 0.595106 0.115460 0.035538 0.026920
7 0.622519 0.515860 0.038762 0.041400
7 0.570281 0.666530 0.038762 0.041380
7 0.548669 0.546350 0.034237 0.034060
7 0.521900 0.203690 0.037475 0.036220
7 0.501406 0.817480 0.024912 0.025760
7 0.475794 0.820150 0.028513 0.035660
7 0.451094 0.446890 0.036388 0.031860
7 0.427450 0.331930 0.036400 0.030860
7 0.402719 0.257020 0.039813 0.038320
7 0.376756 0.292360 0.037637 0.033360
7 0.354813 0.592660 0.032500 0.027600
7 0.329625 0.588800 0.031750 0.027200
7 0.302812 0.638370 0.044325 0.045740
7 0.235075 0.809390 0.027300 0.034860
7 0.258113 0.460450 0.037825 0.046980
11 0.070756 0.507930 0.027287 0.197060
7 0.209162 0.235400 0.031725 0.034120
7 0.185281 0.343570 0.033137 0.037140
0 0.514138 0.939220 0.774500 0.098960
1 0.087981 0.504490 0.074212 0.773420
5 0.511688 0.497120 0.775325 0.788240
7 0.162375 0.521160 0.043025 0.039320
7 0.792481 0.727200 0.026912 0.030880
7 0.864144 0.754780 0.025138 0.033040
9 0.097312 0.267620 0.031025 0.047480
9 0.102475 0.421480 0.024575 0.041280
9 0.101506 0.572050 0.022637 0.045420
9 0.100544 0.725290 0.021988 0.044380
8 0.137612 0.924100 0.020425 0.037040
2 0.513900 0.092510 0.216050 0.041500
3 0.228081 0.161270 0.195137 0.059580
10 0.513025 0.961310 0.049225 0.038300
9 0.107637 0.877510 0.014250 0.037140
7 0.743656 0.289330 0.033188 0.033740
7 0.841300 0.410440 0.037675 0.039480
7 0.818231 0.591750 0.039912 0.030900
7 0.718356 0.711070 0.033637 0.033020
7 0.768294 0.836840 0.026012 0.032320
8 0.257431 0.922460 0.024513 0.033760
8 0.379988 0.923550 0.029950 0.029420
8 0.500494 0.922460 0.031313 0.027240
8 0.623037 0.924060 0.038125 0.034920
8 0.744906 0.923010 0.034038 0.034860
8 0.862694 0.920830 0.028588 0.041380
