7 0.741694 0.174920 0.039237 0.034040
7 0.765806 0.457090 0.033563 0.037060
7 0.814738 0.308060 0.038775 0.032520
9 0.102125 0.134610 0.027750 0.039220
11 0.073375 0.507040 0.024300 0.195280
9 0.103763 0.585460 0.024575 0.041280
2 0.515212 0.094340 0.219325 0.035720
9 0.098606 0.285680 0.032313 0.046440
8 0.744913 0.922460 0.025875 0.029400
8 0.623719 0.921910 0.027238 0.030500
8 0.501513 0.920820 0.026550 0.032680
8 0.379650 0.922460 0.029275 0.029400
8 0.256069 0.919200 0.019062 0.038120
8 0.136244 0.923000 0.019062 0.032680
5 0.512906 0.504310 0.774513 0.773860
9 0.101831 0.436870 0.025862 0.043340
3 0.228569 0.161730 0.192688 0.059900
7 0.161906 0.314830 0.033888 0.030900
7 0.186412 0.352690 0.036250 0.034100
7 0.281600 0.176250 0.034500 0.022380
9 0.107637 0.887830 0.016825 0.035100
9 0.102150 0.735620 0.023925 0.046440
0 0.512719 0.935140 0.775063 0.092600
1 0.086956 0.512120 0.074887 0.790840
8 0.864731 0.923000 0.027237 0.032680
7 0.330300 0.251540 0.035600 0.030240
7 0.378319 0.212360 0.034238 0.029800
7 0.355612 0.383970 0.033675 0.028940
7 0.208519 0.788800 0.039562 0.033760
7 0.232356 0.857460 0.030038 0.029480
7 0.257212 0.679320 0.034825 0.037040
7 0.306556 0.644470 0.036838 0.034860
7 0.400512 0.610160 0.039550 0.038120
7 0.429787 0.462550 0.031375 0.034860
7 0.451569 0.817680 0.028663 0.032680
7 0.523062 0.733250 0.035475 0.038140
7 0.477106 0.223440 0.033438 0.029400
7 0.496513 0.152090 0.042275 0.043580
7 0.551312 0.277360 0.033425 0.037040
7 0.792756 0.403760 0.030738 0.034800
7 0.572081 0.511030 0.032737 0.035940
7 0.598294 0.688590 0.034787 0.033780
7 0.867287 0.746330 0.036925 0.030340
7 0.838450 0.759940 0.027475 0.024280
10 0.512837 0.963130 0.046575 0.035260
7 0.623825 0.418970 0.039550 0.034860
7 0.645606 0.141740 0.036838 0.031600
7 0.670206 0.387830 0.033088 0.026460
7 0.696006 0.404500 0.032888 0.024960
7 0.719706 0.289530 0.039712 0.031780
