11 0.072788 0.510080 0.022025 0.203640
7 0.862700 0.868450 0.026400 0.038380
7 0.837931 0.236270 0.041863 0.032180
7 0.818200 0.774330 0.038000 0.043340
7 0.769437 0.599730 0.044200 0.040860
7 0.791494 0.425740 0.035688 0.029720
7 0.745050 0.325440 0.038775 0.032200
7 0.693588 0.117390 0.039550 0.032180
7 0.716037 0.394780 0.039550 0.034680
7 0.670362 0.335960 0.039550 0.040880
7 0.596838 0.306240 0.039550 0.040880
7 0.623544 0.477740 0.037238 0.029720
7 0.647150 0.633780 0.039550 0.034680
7 0.572075 0.806530 0.025625 0.035900
7 0.522931 0.764420 0.029487 0.026000
7 0.546144 0.589200 0.035688 0.027240
7 0.500487 0.586720 0.038775 0.027240
7 0.404506 0.722940 0.032587 0.029720
9 0.103119 0.438410 0.025862 0.031980
7 0.476450 0.317590 0.034000 0.031700
7 0.452750 0.350730 0.033625 0.025140
7 0.426825 0.229530 0.035450 0.027460
7 0.378287 0.335830 0.034750 0.034620
7 0.351613 0.290150 0.036575 0.029260
7 0.281637 0.219650 0.031725 0.024540
7 0.305338 0.471960 0.032100 0.027520
7 0.333512 0.506000 0.032475 0.028720
7 0.259594 0.623940 0.036237 0.030520
7 0.233487 0.579480 0.031725 0.034640
7 0.207356 0.447770 0.037688 0.032900
7 0.187931 0.533770 0.036238 0.028140
7 0.157937 0.493970 0.033600 0.028660
0 0.513569 0.938760 0.775637 0.098040
9 0.102800 0.582370 0.027800 0.033020
9 0.101831 0.725300 0.025862 0.036120
9 0.108600 0.866680 0.017475 0.036120
2 0.514050 0.090410 0.221000 0.045700
3 0.228094 0.159900 0.187937 0.050160
10 0.511887 0.961770 0.045425 0.036180
1 0.086612 0.500780 0.078300 0.813720
5 0.513312 0.504310 0.780225 0.768620
8 0.137606 0.923420 0.013613 0.029960
8 0.257600 0.921650 0.018725 0.028220
8 0.381006 0.924830 0.024963 0.032780
8 0.502419 0.922560 0.024963 0.028240
8 0.623831 0.922560 0.028362 0.030040
8 0.743831 0.920290 0.025537 0.030940
8 0.864394 0.921160 0.028363 0.032680
9 0.101187 0.157720 0.029725 0.038200
9 0.101181 0.299100 0.025863 0.032000
