8 0.162517 0.914693 0.037183 0.057300
9 0.043896 0.857229 0.018625 0.023000
8 0.944808 0.914671 0.043833 0.068314
5 0.523675 0.465550 0.928017 0.824100
3 0.928696 0.846329 0.114608 0.049886
2 0.522596 0.032921 0.189008 0.039471
1 0.035171 0.459793 0.053192 0.831471
0 0.525150 0.930314 0.929017 0.115543
7 0.941546 0.596714 0.019042 0.022514
7 0.886063 0.906829 0.022325 0.028143
7 0.822696 0.560693 0.019042 0.047271
7 0.762288 0.262386 0.020358 0.031514
7 0.704829 0.562943 0.017075 0.033771
7 0.645404 0.842107 0.024292 0.029271
7 0.583354 0.581514 0.015758 0.037143
10 0.522625 0.968271 0.038950 0.029686
11 0.017050 0.466221 0.016733 0.277871
7 0.521958 0.255079 0.026917 0.021386
7 0.462529 0.069336 0.022325 0.030386
7 0.401796 0.325993 0.020358 0.023643
7 0.339742 0.359200 0.024950 0.031514
7 0.282617 0.180214 0.019700 0.031514
7 0.221217 0.490900 0.015100 0.029257
7 0.160154 0.164457 0.020358 0.024771
7 0.099412 0.354693 0.028892 0.033757
8 0.884517 0.913764 0.041983 0.062871
8 0.824729 0.918014 0.043008 0.065600
8 0.764442 0.916029 0.040400 0.062886
8 0.703358 0.915350 0.039083 0.061529
8 0.642529 0.915350 0.036708 0.066957
8 0.582979 0.912814 0.031908 0.055800
8 0.523592 0.913564 0.036283 0.059557
8 0.460817 0.913193 0.031683 0.059557
8 0.401917 0.912171 0.037600 0.052400
8 0.341850 0.913000 0.034333 0.056914
8 0.281692 0.913943 0.036283 0.060314
8 0.220342 0.915450 0.034967 0.057300
8 0.101417 0.912357 0.035183 0.056543
9 0.040542 0.090779 0.026367 0.030957
9 0.040283 0.246007 0.023783 0.030071
9 0.040542 0.398593 0.024300 0.027414
9 0.041575 0.548521 0.025333 0.028300
9 0.042863 0.704200 0.020692 0.026543
