7 0.944829 0.246071 0.020358 0.025886
10 0.523579 0.968271 0.040092 0.033629
7 0.762283 0.874743 0.021667 0.033771
9 0.040683 0.491400 0.024217 0.027657
9 0.041475 0.597571 0.025383 0.023543
9 0.044713 0.700764 0.017342 0.021500
9 0.044562 0.804421 0.018242 0.023043
8 0.943221 0.917257 0.041042 0.073171
8 0.882483 0.916793 0.043233 0.068471
8 0.823933 0.913979 0.039950 0.068471
8 0.764562 0.914914 0.041592 0.068486
8 0.703550 0.915857 0.038850 0.072229
8 0.643083 0.915386 0.039400 0.065657
8 0.583167 0.913979 0.039950 0.068471
8 0.523250 0.914443 0.041583 0.060029
8 0.463329 0.913971 0.041042 0.060971
8 0.402975 0.912193 0.045967 0.060043
8 0.339117 0.915386 0.038850 0.065657
8 0.282046 0.914071 0.039392 0.065657
8 0.221196 0.912571 0.035025 0.060029
8 0.158546 0.913507 0.037758 0.063786
8 0.099717 0.913979 0.039400 0.064729
7 0.825654 0.532550 0.028892 0.047271
7 0.100725 0.256764 0.038083 0.036014
7 0.163438 0.601207 0.032175 0.038271
7 0.220758 0.587250 0.028233 0.040529
7 0.280317 0.713221 0.021667 0.032643
7 0.341708 0.743607 0.026267 0.032643
7 0.399692 0.139243 0.024950 0.036029
7 0.459908 0.319800 0.032833 0.042771
7 0.524913 0.570257 0.030208 0.046143
7 0.583679 0.388464 0.026925 0.042786
7 0.646392 0.737979 0.021017 0.019129
7 0.703188 0.598957 0.019042 0.033771
0 0.524492 0.929100 0.925717 0.117971
1 0.034400 0.460236 0.051650 0.839414
2 0.525883 0.030621 0.188417 0.037929
3 0.932100 0.843150 0.111517 0.045643
5 0.524792 0.459821 0.922817 0.817729
9 0.041087 0.078693 0.028892 0.027300
9 0.041087 0.182557 0.025908 0.029429
9 0.040233 0.285629 0.027500 0.025600
9 0.042475 0.385443 0.026600 0.030714
7 0.885079 0.462757 0.020358 0.031514
11 0.016942 0.464714 0.015633 0.275600
