8 0.705325 0.915529 0.041167 0.064229
8 0.582338 0.913629 0.031692 0.057457
8 0.521775 0.910914 0.033533 0.054743
8 0.460688 0.912729 0.036442 0.057457
8 0.399725 0.914536 0.035917 0.057443
11 0.017158 0.465657 0.022233 0.278257
10 0.523262 0.964993 0.040225 0.031871
8 0.344179 0.913636 0.041458 0.061071
8 0.280846 0.913636 0.033008 0.061071
8 0.222921 0.911143 0.034858 0.058800
8 0.162625 0.913407 0.038283 0.061529
7 0.100396 0.668193 0.019042 0.030386
8 0.100358 0.911914 0.033517 0.057000
5 0.525904 0.463643 0.930992 0.825371
7 0.942858 0.744729 0.016417 0.028143
7 0.886063 0.874186 0.027575 0.034886
7 0.824337 0.601214 0.021008 0.047286
0 0.525388 0.926279 0.930425 0.113929
1 0.034912 0.459786 0.058875 0.835000
2 0.521550 0.030871 0.192300 0.036400
3 0.930242 0.082093 0.115233 0.058386
7 0.586638 0.036136 0.021008 0.027014
9 0.044446 0.779136 0.017942 0.027129
9 0.044296 0.671636 0.020042 0.027129
9 0.041013 0.562100 0.026008 0.025086
9 0.041904 0.452043 0.021825 0.026114
9 0.042804 0.341729 0.025408 0.023543
9 0.041008 0.233464 0.024217 0.035329
9 0.041471 0.124329 0.025975 0.025086
7 0.643108 0.353564 0.032833 0.036014
7 0.163433 0.828036 0.016417 0.019129
7 0.223846 0.237064 0.024292 0.030386
7 0.280971 0.599521 0.032175 0.032643
7 0.340725 0.078907 0.029550 0.029271
7 0.402779 0.480207 0.024958 0.032643
7 0.461221 0.369893 0.027575 0.034900
7 0.522946 0.700271 0.015758 0.027029
7 0.700892 0.125621 0.030200 0.041643
7 0.761629 0.667064 0.020358 0.032643
8 0.943200 0.916343 0.039350 0.064686
8 0.885279 0.917707 0.041725 0.061071
8 0.823396 0.918157 0.040925 0.067400
8 0.763229 0.916793 0.039342 0.063786
8 0.644217 0.917707 0.041983 0.063786
