8 0.643492 0.913679 0.041167 0.068757
8 0.765025 0.916164 0.044100 0.063786
8 0.821496 0.916614 0.042508 0.068314
8 0.881858 0.917793 0.044333 0.068757
8 0.943412 0.915714 0.043042 0.071029
9 0.044671 0.793543 0.021208 0.023000
9 0.042867 0.694043 0.022750 0.022086
9 0.041575 0.588329 0.023267 0.024771
9 0.042092 0.490150 0.024300 0.031843
9 0.040800 0.384886 0.025850 0.026543
9 0.041058 0.284936 0.022233 0.028300
9 0.041833 0.184536 0.024817 0.030957
9 0.041058 0.080164 0.026367 0.030957
11 0.017817 0.467921 0.020033 0.283529
10 0.524342 0.969143 0.038317 0.033171
7 0.101713 0.693514 0.021675 0.022514
7 0.160808 0.806086 0.022983 0.024771
7 0.220563 0.394657 0.024292 0.037143
7 0.280317 0.875879 0.020350 0.029271
7 0.339413 0.723907 0.021675 0.027014
7 0.402779 0.428429 0.023642 0.025886
7 0.461217 0.201607 0.024950 0.027014
7 0.524913 0.586579 0.028892 0.027014
7 0.583354 0.246636 0.023642 0.038271
7 0.645408 0.658621 0.016417 0.036014
7 0.703517 0.726729 0.023633 0.025886
7 0.763929 0.821843 0.023642 0.024771
7 0.827487 0.657607 0.019042 0.041643
7 0.885275 0.135864 0.024300 0.027014
7 0.944175 0.778500 0.020350 0.025886
0 0.524917 0.928300 0.929483 0.114743
1 0.033879 0.460229 0.057842 0.835886
2 0.523492 0.033429 0.187817 0.035371
3 0.116650 0.085279 0.107800 0.052014
5 0.524787 0.460457 0.927275 0.811371
8 0.100888 0.911236 0.037208 0.058357
8 0.159008 0.913000 0.036967 0.059257
8 0.223533 0.913221 0.035650 0.057900
8 0.283104 0.913036 0.036942 0.058357
8 0.341883 0.913450 0.034867 0.054729
8 0.400925 0.914400 0.032983 0.059257
8 0.462600 0.910964 0.031933 0.053386
8 0.521850 0.913679 0.040133 0.056100
8 0.580700 0.912093 0.036450 0.061986
8 0.704333 0.916843 0.037767 0.066943
