8 0.282483 0.910221 0.038300 0.059100
8 0.219554 0.911164 0.035025 0.057214
8 0.160567 0.909386 0.036117 0.061914
7 0.100396 0.216800 0.026925 0.030400
7 0.161796 0.596150 0.022325 0.030386
7 0.223192 0.039507 0.028233 0.024757
7 0.280971 0.338371 0.024292 0.030400
7 0.341054 0.572507 0.023642 0.034900
7 0.403762 0.316421 0.033492 0.040529
7 0.462862 0.656364 0.024292 0.038271
7 0.521629 0.150950 0.030208 0.036014
7 0.581054 0.056957 0.021675 0.034886
7 0.638838 0.353571 0.030858 0.042771
7 0.703846 0.082850 0.022975 0.032643
7 0.759658 0.616971 0.021667 0.031514
7 0.823683 0.089600 0.021017 0.037143
7 0.946475 0.490336 0.018383 0.046157
7 0.884421 0.683950 0.017725 0.034900
8 0.099992 0.912100 0.033383 0.060971
10 0.524404 0.966307 0.038958 0.030129
9 0.043667 0.821314 0.017050 0.022000
9 0.044263 0.727129 0.019442 0.024057
9 0.043817 0.634221 0.015550 0.028671
9 0.040083 0.542086 0.024817 0.024571
9 0.042921 0.448664 0.024508 0.023043
9 0.042025 0.354471 0.025117 0.023029
9 0.041429 0.258750 0.022125 0.022014
9 0.041129 0.169171 0.025108 0.024057
9 0.040983 0.072686 0.027200 0.025600
0 0.523312 0.927086 0.928075 0.115543
1 0.032333 0.457143 0.054750 0.835000
2 0.522000 0.032664 0.191400 0.039986
3 0.117271 0.099607 0.110275 0.072186
5 0.525904 0.458550 0.929508 0.827929
11 0.017925 0.463586 0.018933 0.283914
8 0.944042 0.917264 0.038300 0.069414
8 0.884400 0.915386 0.038300 0.061914
8 0.823933 0.914914 0.037750 0.064714
8 0.763742 0.916321 0.039950 0.073157
8 0.703275 0.917264 0.042683 0.075043
8 0.641446 0.913979 0.040492 0.064729
8 0.582071 0.913036 0.037758 0.059100
8 0.521608 0.911164 0.032833 0.057214
8 0.460592 0.913036 0.032283 0.059100
8 0.401062 0.912193 0.034475 0.054414
8 0.340762 0.910693 0.031192 0.063786
