10 0.523579 0.968157 0.041625 0.032086
9 0.042025 0.118243 0.022717 0.025600
9 0.041429 0.212429 0.026308 0.022514
9 0.039637 0.309943 0.025108 0.022000
9 0.040979 0.405407 0.024808 0.023557
9 0.040833 0.502150 0.024517 0.021500
9 0.044413 0.597879 0.017942 0.022529
9 0.043967 0.695136 0.019433 0.026614
9 0.045163 0.791879 0.018242 0.025586
8 0.946200 0.916614 0.039267 0.066771
8 0.883608 0.918843 0.039300 0.067857
8 0.823917 0.916400 0.038350 0.062971
8 0.765175 0.916129 0.039933 0.065686
8 0.704217 0.916943 0.044683 0.066229
8 0.644683 0.914229 0.040250 0.066229
8 0.582933 0.914229 0.037083 0.061886
8 0.522658 0.912814 0.034517 0.060257
8 0.462433 0.915614 0.037500 0.065286
8 0.400054 0.911107 0.040125 0.060786
8 0.340954 0.909979 0.038808 0.060786
8 0.283500 0.911107 0.036833 0.065300
8 0.222763 0.912229 0.036175 0.065286
8 0.160708 0.911671 0.036833 0.061914
8 0.101287 0.909979 0.032242 0.060786
5 0.527758 0.459179 0.931733 0.821557
3 0.928383 0.095900 0.107800 0.077486
2 0.523938 0.033179 0.197675 0.038957
1 0.032846 0.458029 0.057842 0.836771
0 0.524725 0.929107 0.929017 0.116357
11 0.017708 0.463771 0.020250 0.282029
7 0.102042 0.451500 0.024950 0.022514
7 0.161467 0.470636 0.022983 0.022500
7 0.221550 0.569129 0.019700 0.016886
7 0.279329 0.414914 0.028892 0.023629
7 0.340071 0.419979 0.028242 0.038271
7 0.399496 0.172336 0.030208 0.040529
7 0.459579 0.342314 0.037425 0.031514
7 0.520317 0.439121 0.023633 0.038271
7 0.590575 0.041764 0.032833 0.029271
7 0.643763 0.748679 0.018392 0.040529
7 0.699575 0.573629 0.019700 0.039400
7 0.762942 0.363136 0.030867 0.039386
7 0.822696 0.308543 0.026925 0.029257
7 0.886063 0.598400 0.022325 0.039400
7 0.944833 0.399714 0.021667 0.033771
