7 0.883762 0.224121 0.021675 0.018014
10 0.521542 0.966636 0.042133 0.032957
11 0.016971 0.466579 0.019358 0.277843
7 0.822042 0.228621 0.028233 0.036014
7 0.945158 0.777943 0.014450 0.031514
9 0.043496 0.787279 0.018042 0.024529
9 0.043908 0.681386 0.017000 0.023457
1 0.034913 0.461121 0.053708 0.828814
0 0.524442 0.927486 0.927600 0.114743
7 0.761958 0.787514 0.017067 0.037143
9 0.040592 0.572964 0.024883 0.028443
8 0.944258 0.916886 0.037850 0.067114
8 0.883233 0.914807 0.037183 0.066729
8 0.823092 0.917071 0.039167 0.065229
8 0.762508 0.918207 0.038067 0.064471
8 0.703408 0.916129 0.045517 0.066343
8 0.641338 0.916136 0.044658 0.067100
8 0.582292 0.914243 0.035650 0.055800
8 0.521654 0.912357 0.035625 0.052771
8 0.462829 0.913679 0.031442 0.053157
8 0.401529 0.912929 0.036525 0.053914
8 0.340892 0.911986 0.039583 0.058800
8 0.283000 0.914057 0.035650 0.056171
8 0.224121 0.912550 0.037825 0.054671
9 0.040275 0.152443 0.026333 0.024171
9 0.040279 0.468100 0.024258 0.029143
9 0.040379 0.362850 0.024675 0.023814
9 0.041521 0.257129 0.022192 0.022400
8 0.162713 0.913114 0.039608 0.053543
8 0.101304 0.910850 0.035842 0.057300
5 0.525158 0.464914 0.926533 0.820286
3 0.114171 0.849514 0.111508 0.054143
7 0.102037 0.197100 0.023642 0.033771
7 0.160808 0.140250 0.020350 0.032643
7 0.218592 0.524671 0.017733 0.022514
7 0.279988 0.246064 0.019692 0.030386
7 0.341383 0.271393 0.022983 0.027014
7 0.400808 0.687886 0.017067 0.031514
7 0.462862 0.616971 0.025608 0.020257
7 0.521300 0.717157 0.022983 0.024771
7 0.580725 0.301229 0.026267 0.028143
7 0.641467 0.436864 0.022983 0.040529
7 0.702862 0.470071 0.028892 0.041657
2 0.522446 0.031643 0.186325 0.039971
