7 0.764583 0.862929 0.021017 0.030400
7 0.822367 0.566314 0.027583 0.036029
7 0.883762 0.152636 0.026925 0.025900
7 0.948112 0.422236 0.025608 0.029271
10 0.522942 0.966307 0.041117 0.032300
11 0.017271 0.466029 0.018492 0.286543
5 0.521817 0.463643 0.934700 0.820286
3 0.115100 0.845271 0.105933 0.041400
9 0.042900 0.599771 0.028017 0.020629
9 0.040796 0.465050 0.021775 0.033414
9 0.039554 0.335300 0.025092 0.029857
9 0.041033 0.204300 0.024700 0.027371
9 0.038133 0.073314 0.028433 0.024171
8 0.943083 0.917343 0.038533 0.065143
9 0.039150 0.728279 0.027633 0.031643
9 0.043108 0.862471 0.023450 0.030571
7 0.279329 0.147007 0.028892 0.023643
2 0.523792 0.033943 0.190800 0.035371
1 0.031304 0.461121 0.058875 0.839414
0 0.524725 0.923450 0.929017 0.113129
8 0.882933 0.916800 0.035917 0.062429
8 0.823025 0.917929 0.039083 0.062886
7 0.098429 0.335557 0.025608 0.031514
7 0.159167 0.163329 0.024950 0.022514
7 0.223846 0.686200 0.019042 0.028143
8 0.762333 0.917471 0.038033 0.064686
8 0.703342 0.915307 0.041433 0.066500
8 0.641738 0.916114 0.037492 0.065600
8 0.583492 0.913021 0.031083 0.056900
8 0.522925 0.912257 0.029900 0.054914
8 0.461663 0.911257 0.035075 0.064714
8 0.401471 0.912200 0.032892 0.060971
8 0.343467 0.910786 0.036167 0.061914
8 0.280267 0.911729 0.035617 0.060029
8 0.223629 0.909850 0.035075 0.063786
8 0.161525 0.910321 0.037817 0.062843
8 0.101333 0.912664 0.037817 0.060043
7 0.342371 0.663121 0.022325 0.027014
7 0.402779 0.289971 0.026258 0.025886
7 0.461875 0.493150 0.024950 0.020271
7 0.527867 0.894450 0.028233 0.023643
7 0.582037 0.495400 0.028892 0.036029
7 0.641467 0.644550 0.022983 0.032643
7 0.703517 0.226929 0.031517 0.037143
