7 0.462533 0.067650 0.024950 0.038271
7 0.522946 0.132943 0.022325 0.031514
7 0.583354 0.638357 0.022325 0.020257
8 0.583683 0.914586 0.034067 0.057000
8 0.762596 0.915257 0.036175 0.061971
8 0.705992 0.916164 0.039083 0.063786
8 0.641475 0.913671 0.036183 0.065143
8 0.162654 0.910736 0.036442 0.057443
8 0.282587 0.910507 0.033542 0.053386
8 0.223083 0.913229 0.034333 0.054286
11 0.016608 0.466600 0.021133 0.282400
7 0.943846 0.041200 0.027575 0.037143
9 0.043888 0.790400 0.016425 0.025629
9 0.043263 0.694000 0.019658 0.021371
9 0.044179 0.598493 0.019075 0.023814
9 0.040550 0.501979 0.023433 0.026300
9 0.040454 0.406714 0.021175 0.026314
9 0.041108 0.309700 0.024050 0.031286
9 0.039658 0.214336 0.021650 0.026443
9 0.040779 0.116829 0.023392 0.024743
7 0.643104 0.607964 0.023642 0.024757
7 0.704833 0.655807 0.024950 0.034900
7 0.762942 0.288843 0.022983 0.028143
7 0.823354 0.105929 0.021675 0.033771
8 0.521933 0.910057 0.033533 0.057914
8 0.463087 0.913679 0.033008 0.056100
8 0.402788 0.909829 0.034858 0.059257
8 0.339575 0.911457 0.034833 0.059714
8 0.100492 0.912593 0.034833 0.055643
7 0.884750 0.410979 0.026267 0.038271
0 0.524442 0.927493 0.932317 0.116357
1 0.033879 0.462000 0.056808 0.832343
2 0.522000 0.033686 0.187217 0.034857
3 0.114483 0.829350 0.108417 0.073243
5 0.522933 0.464279 0.935450 0.821557
10 0.523642 0.966307 0.039717 0.032757
8 0.944813 0.915036 0.040142 0.066957
8 0.883325 0.916614 0.039083 0.062886
8 0.824875 0.915036 0.040400 0.064243
7 0.100396 0.246071 0.025608 0.028143
7 0.161463 0.772857 0.020358 0.021429
7 0.217937 0.190350 0.033492 0.040529
7 0.281954 0.226371 0.028892 0.031514
7 0.339742 0.323179 0.026267 0.029271
7 0.402450 0.301786 0.021667 0.033771
