7 0.158838 0.534793 0.025608 0.015757
10 0.523004 0.966857 0.040225 0.031657
11 0.017929 0.465279 0.018492 0.275243
8 0.101358 0.913971 0.032833 0.060971
8 0.159363 0.913507 0.033925 0.056271
8 0.220100 0.912100 0.036117 0.066600
8 0.281387 0.908814 0.033925 0.065657
8 0.342675 0.911636 0.036117 0.058157
8 0.401062 0.911257 0.034475 0.063800
8 0.461800 0.909850 0.032283 0.059100
8 0.522429 0.910693 0.039942 0.054414
8 0.584258 0.911629 0.035567 0.050657
8 0.645000 0.914914 0.044317 0.068486
8 0.703004 0.915386 0.039942 0.065657
8 0.763196 0.916321 0.041042 0.069414
8 0.823113 0.917257 0.038308 0.065657
8 0.884671 0.915850 0.041042 0.064729
8 0.946233 0.917264 0.041583 0.069414
9 0.041712 0.169764 0.024658 0.028586
9 0.040713 0.287071 0.025158 0.026886
9 0.041462 0.403736 0.024158 0.034986
9 0.041087 0.519121 0.023908 0.026014
9 0.040217 0.636436 0.027150 0.027729
9 0.044696 0.758643 0.017192 0.034971
9 0.042208 0.870400 0.018183 0.025600
3 0.115408 0.845800 0.105317 0.044571
2 0.523788 0.034200 0.193192 0.030771
1 0.034142 0.465100 0.052167 0.849143
0 0.525671 0.927086 0.931842 0.109086
5 0.522558 0.464164 0.933217 0.816243
7 0.947458 0.534236 0.029550 0.025900
7 0.885075 0.288279 0.028233 0.029271
7 0.824667 0.034443 0.016417 0.030400
7 0.766225 0.432929 0.033483 0.028143
7 0.704829 0.722221 0.022325 0.028129
7 0.643433 0.477957 0.029550 0.028143
7 0.583025 0.768371 0.030867 0.037143
7 0.518346 0.378329 0.022325 0.031514
7 0.464371 0.254629 0.024292 0.028143
7 0.400808 0.663121 0.023633 0.027014
7 0.342696 0.584893 0.017725 0.021386
7 0.279988 0.145321 0.026258 0.027014
7 0.222533 0.331057 0.026917 0.042771
7 0.101054 0.280400 0.025608 0.031514
