8 0.282408 0.912286 0.032783 0.056914
8 0.221496 0.912857 0.031908 0.054286
8 0.160692 0.913607 0.032567 0.057300
8 0.101854 0.911421 0.032992 0.055414
9 0.042817 0.761071 0.017167 0.023886
9 0.041200 0.646757 0.022900 0.024743
9 0.041450 0.533714 0.021900 0.022171
9 0.041575 0.423021 0.025133 0.027729
9 0.041646 0.305586 0.023642 0.024314
9 0.041038 0.193743 0.022725 0.023543
9 0.039979 0.081336 0.025975 0.025071
10 0.523008 0.966093 0.039717 0.028814
11 0.018258 0.465657 0.021350 0.289571
5 0.523304 0.459821 0.930242 0.817729
3 0.117267 0.853764 0.099133 0.052014
2 0.524238 0.033693 0.182742 0.031786
1 0.034912 0.455814 0.052675 0.841200
0 0.523971 0.927493 0.929492 0.116357
7 0.402779 0.574200 0.026258 0.031514
7 0.463521 0.108179 0.032175 0.027014
7 0.946804 0.605714 0.019042 0.040514
7 0.885404 0.880936 0.015758 0.032643
7 0.823021 0.123929 0.028892 0.033771
7 0.764912 0.195979 0.022975 0.029271
7 0.709100 0.606279 0.020350 0.043900
7 0.642779 0.324864 0.033492 0.037157
7 0.587621 0.035000 0.028242 0.033771
7 0.522942 0.292221 0.026267 0.032643
7 0.343350 0.542679 0.022983 0.029271
7 0.280646 0.239871 0.028892 0.033771
7 0.223517 0.120557 0.027583 0.033771
7 0.162125 0.578143 0.028233 0.039400
7 0.101383 0.210607 0.032833 0.040529
8 0.942450 0.912771 0.039583 0.065600
8 0.883208 0.916614 0.038267 0.063343
8 0.823171 0.916614 0.037475 0.066057
8 0.763796 0.917064 0.040108 0.063329
8 0.703104 0.916164 0.038525 0.064243
8 0.642675 0.914800 0.039050 0.065143
8 0.583037 0.912093 0.035358 0.057900
8 0.521683 0.914121 0.033517 0.058357
8 0.462046 0.910279 0.029292 0.061529
8 0.403463 0.910729 0.037208 0.057000
8 0.341125 0.911157 0.038067 0.054657
