8 0.584508 0.913136 0.035617 0.057214
7 0.342367 0.121121 0.027583 0.032643
0 0.525621 0.930721 0.931842 0.116357
1 0.035171 0.458464 0.053192 0.832357
2 0.524388 0.033179 0.188408 0.037929
3 0.117883 0.081564 0.107800 0.048814
5 0.523304 0.462371 0.928758 0.820286
11 0.016500 0.461886 0.020033 0.279000
7 0.403108 0.454314 0.029550 0.030400
7 0.462862 0.292779 0.026925 0.027014
7 0.520971 0.337243 0.022325 0.039400
7 0.582367 0.556750 0.021667 0.032643
7 0.643763 0.769500 0.018392 0.034886
7 0.703192 0.578700 0.016417 0.031514
7 0.764583 0.607964 0.021017 0.029271
7 0.824667 0.773436 0.016417 0.029271
7 0.882121 0.403657 0.027575 0.025886
7 0.945488 0.084536 0.029542 0.027014
8 0.097504 0.911257 0.035625 0.064714
8 0.162483 0.913600 0.037750 0.057229
8 0.221579 0.913136 0.044325 0.058157
8 0.281358 0.912193 0.036717 0.057214
8 0.342100 0.911729 0.038900 0.060029
8 0.401471 0.911257 0.037258 0.059086
8 0.462212 0.912193 0.041642 0.064729
8 0.521583 0.913607 0.036717 0.058157
10 0.523704 0.968929 0.038825 0.031000
8 0.641417 0.915479 0.040000 0.067529
8 0.703525 0.915950 0.043833 0.070357
8 0.763992 0.915007 0.043283 0.068471
8 0.823358 0.915943 0.039450 0.066600
8 0.883004 0.918293 0.041642 0.063786
8 0.945108 0.917821 0.043283 0.068471
9 0.044667 0.807186 0.021583 0.026657
9 0.044562 0.699836 0.018058 0.024529
9 0.041033 0.599243 0.023867 0.028086
9 0.041317 0.497571 0.024883 0.029514
9 0.043012 0.393600 0.023225 0.024171
9 0.041450 0.291936 0.025533 0.027014
9 0.041421 0.189014 0.024675 0.027371
9 0.040738 0.089843 0.026958 0.027371
7 0.103354 0.748671 0.022325 0.031514
7 0.161796 0.135193 0.022325 0.029271
7 0.222204 0.217921 0.019692 0.034900
7 0.279658 0.525793 0.024300 0.042786
