9 0.041346 0.484064 0.026558 0.025957
9 0.042179 0.276114 0.024075 0.025943
9 0.040308 0.171964 0.026567 0.030929
9 0.041658 0.068871 0.024700 0.023829
5 0.525158 0.462679 0.928017 0.818357
0 0.523312 0.929914 0.928075 0.122829
1 0.032333 0.461114 0.058867 0.835886
2 0.523046 0.033686 0.189308 0.033829
3 0.118196 0.082093 0.109658 0.043529
10 0.522813 0.968379 0.045192 0.035157
11 0.015838 0.462079 0.019592 0.281643
7 0.823025 0.407036 0.026267 0.030386
7 0.886721 0.877557 0.017075 0.028143
7 0.944175 0.711529 0.022983 0.029257
7 0.763271 0.877000 0.021008 0.027029
7 0.703188 0.630479 0.019042 0.024757
7 0.643437 0.215114 0.025608 0.033771
7 0.582042 0.082850 0.026267 0.023643
7 0.522617 0.729536 0.015100 0.027014
7 0.462204 0.456000 0.029542 0.036029
7 0.404421 0.141379 0.026925 0.034900
7 0.340071 0.629914 0.019042 0.025886
7 0.281304 0.594457 0.022325 0.024771
7 0.222204 0.461071 0.019692 0.030400
7 0.162775 0.813400 0.022983 0.030400
7 0.100400 0.292214 0.022983 0.037143
8 0.100888 0.913271 0.030875 0.054286
8 0.160329 0.911093 0.041458 0.057900
8 0.221288 0.912679 0.035125 0.056557
8 0.281850 0.911550 0.033800 0.055186
8 0.341221 0.912221 0.033275 0.052929
8 0.399742 0.913493 0.038000 0.061071
8 0.462746 0.911321 0.035125 0.054729
8 0.522117 0.913129 0.031433 0.054743
8 0.582150 0.912907 0.036967 0.057900
8 0.642450 0.914036 0.037233 0.060157
8 0.704200 0.918786 0.040933 0.063343
8 0.763112 0.917564 0.039058 0.064700
8 0.822687 0.915621 0.039875 0.064243
8 0.883246 0.916979 0.038558 0.061529
8 0.944387 0.916393 0.034858 0.061071
9 0.043054 0.800057 0.018192 0.030286
9 0.043054 0.692136 0.019675 0.026871
9 0.041187 0.587414 0.025908 0.031571
9 0.042500 0.380800 0.026333 0.024171
