1 0.034912 0.461114 0.052675 0.835886
0 0.524442 0.928700 0.930433 0.115543
7 0.942862 0.139693 0.026925 0.029271
7 0.886721 0.610214 0.028892 0.020257
8 0.101546 0.913721 0.038525 0.056100
8 0.161571 0.913950 0.035392 0.057900
8 0.223054 0.911686 0.035908 0.057000
8 0.282429 0.912586 0.035908 0.057000
8 0.341817 0.913036 0.034567 0.058357
8 0.403963 0.913043 0.034575 0.057914
8 0.461479 0.912143 0.031958 0.057000
8 0.523767 0.912136 0.034567 0.050671
8 0.584842 0.911236 0.035383 0.053386
8 0.641458 0.916214 0.036683 0.065143
8 0.703871 0.916886 0.042225 0.062886
8 0.763229 0.915536 0.039608 0.066500
8 0.824204 0.917336 0.040108 0.061071
7 0.823683 0.769500 0.021017 0.025886
7 0.765567 0.407600 0.021667 0.027029
7 0.704175 0.304043 0.026267 0.033771
7 0.641792 0.851671 0.024950 0.023629
7 0.584992 0.489771 0.029550 0.033771
7 0.521304 0.598964 0.025608 0.029271
7 0.462529 0.434057 0.028892 0.028143
7 0.402121 0.580950 0.027575 0.029271
8 0.882258 0.917793 0.040900 0.066957
8 0.945446 0.916664 0.041458 0.066043
9 0.040721 0.096243 0.027808 0.028800
9 0.041458 0.208214 0.026333 0.027371
9 0.041317 0.324457 0.024050 0.028800
9 0.042904 0.441229 0.029258 0.029857
9 0.043213 0.550893 0.032375 0.029500
9 0.044871 0.666779 0.026142 0.033757
9 0.042796 0.787464 0.020342 0.034843
7 0.342037 0.125057 0.025608 0.031514
7 0.279988 0.741921 0.021008 0.029271
7 0.220233 0.221864 0.023633 0.040529
7 0.162779 0.147571 0.020358 0.022514
7 0.102696 0.384529 0.030208 0.028143
11 0.015071 0.462264 0.021575 0.279014
10 0.523071 0.970450 0.039842 0.031871
5 0.524792 0.461093 0.930250 0.820271
3 0.926837 0.843150 0.114608 0.045643
2 0.524537 0.033179 0.187525 0.038957
