7 0.885079 0.151514 0.019042 0.023629
7 0.946475 0.192600 0.026267 0.020257
7 0.822042 0.368200 0.024300 0.024771
7 0.765238 0.350193 0.022325 0.024757
7 0.704833 0.466136 0.019700 0.038271
7 0.643763 0.258443 0.023642 0.016886
7 0.583354 0.685079 0.017075 0.021386
7 0.522617 0.349064 0.028233 0.027014
7 0.461875 0.214550 0.027583 0.037157
7 0.406387 0.890507 0.026925 0.020271
7 0.337117 0.613029 0.026267 0.039400
8 0.101304 0.912357 0.035842 0.056543
8 0.161758 0.914393 0.034967 0.055043
8 0.220692 0.914964 0.034967 0.059186
8 0.282046 0.914207 0.034958 0.059186
8 0.341092 0.914957 0.033867 0.056171
8 0.404754 0.914207 0.041125 0.054671
8 0.463138 0.911379 0.033425 0.057300
8 0.523279 0.912893 0.032325 0.055043
8 0.584525 0.914400 0.036067 0.056543
8 0.643792 0.916657 0.035400 0.066343
8 0.703604 0.916464 0.037608 0.062957
8 0.763637 0.915907 0.039358 0.064843
8 0.822462 0.917036 0.036508 0.063329
8 0.882938 0.915343 0.042225 0.063714
8 0.943546 0.916879 0.040242 0.064843
9 0.041983 0.092614 0.030400 0.031857
9 0.041500 0.221950 0.027233 0.035014
9 0.041038 0.347564 0.026508 0.026414
9 0.041929 0.478407 0.024008 0.028871
9 0.041217 0.602514 0.025433 0.023886
9 0.043721 0.733629 0.026158 0.035629
9 0.045512 0.860471 0.018275 0.022714
3 0.929929 0.084214 0.105942 0.047771
2 0.522746 0.032921 0.188708 0.033329
1 0.033879 0.461121 0.055775 0.839414
0 0.525625 0.927486 0.929017 0.109886
7 0.280971 0.760493 0.025608 0.046157
7 0.221546 0.486400 0.030208 0.031514
7 0.159821 0.662564 0.028892 0.034900
7 0.097971 0.323286 0.030858 0.028143
5 0.526388 0.451750 0.929508 0.821557
11 0.016500 0.465471 0.023550 0.283143
10 0.523708 0.967286 0.040350 0.029914
