7 0.702858 0.116621 0.019700 0.032643
7 0.643433 0.848293 0.022983 0.019129
7 0.582696 0.703086 0.017075 0.034886
8 0.704675 0.916886 0.042750 0.066229
8 0.340517 0.910643 0.031350 0.055914
9 0.042529 0.389721 0.024942 0.022386
9 0.040121 0.283971 0.025942 0.024171
9 0.041158 0.181236 0.023033 0.025586
9 0.040900 0.071893 0.026133 0.024871
5 0.525533 0.459821 0.931733 0.817729
7 0.398508 0.282093 0.028233 0.043900
3 0.933646 0.082100 0.100992 0.056257
7 0.341712 0.129564 0.024958 0.027014
7 0.281300 0.695771 0.027583 0.045029
7 0.222204 0.213421 0.031525 0.043900
7 0.160479 0.392964 0.023642 0.036014
7 0.100071 0.229179 0.030208 0.034900
8 0.281142 0.912543 0.035467 0.057543
8 0.222083 0.909557 0.035150 0.058086
8 0.162233 0.913629 0.033883 0.057543
10 0.524408 0.965764 0.037683 0.030786
11 0.017487 0.465657 0.018492 0.279771
9 0.043129 0.819307 0.020342 0.027014
9 0.043025 0.710536 0.019717 0.027729
8 0.641025 0.913357 0.042750 0.066771
8 0.941067 0.915257 0.043067 0.065143
8 0.883592 0.916343 0.038950 0.062971
8 0.822158 0.916614 0.042117 0.065686
8 0.763417 0.917157 0.041167 0.067857
2 0.526029 0.031893 0.187525 0.039471
1 0.034396 0.460236 0.055775 0.839414
0 0.525154 0.926679 0.929958 0.113129
8 0.101650 0.915800 0.034200 0.061886
9 0.040954 0.500986 0.025525 0.029514
7 0.521300 0.650179 0.030867 0.050643
8 0.523067 0.912814 0.034200 0.051571
8 0.461321 0.909829 0.036725 0.054286
8 0.401000 0.910100 0.031350 0.059171
9 0.041367 0.607986 0.024700 0.021686
7 0.464829 0.479079 0.026925 0.043900
8 0.582283 0.911457 0.034200 0.056457
7 0.946146 0.768936 0.019042 0.022500
7 0.884746 0.216800 0.022325 0.030400
7 0.823679 0.034443 0.027575 0.032657
7 0.762613 0.434050 0.030208 0.030386
