7 0.463188 0.605714 0.021008 0.031514
7 0.584013 0.295593 0.028892 0.032643
7 0.642450 0.625414 0.026267 0.030400
7 0.705817 0.433493 0.022983 0.036014
7 0.763271 0.421107 0.021008 0.029271
7 0.824337 0.080593 0.023642 0.019129
7 0.880483 0.599529 0.022983 0.037143
7 0.945488 0.661436 0.013792 0.028129
0 0.524442 0.926279 0.927600 0.110700
1 0.034396 0.466421 0.053708 0.844729
2 0.522596 0.032150 0.184242 0.038957
3 0.931171 0.848986 0.113375 0.048829
5 0.525162 0.461729 0.933958 0.819000
9 0.043875 0.843486 0.020183 0.023457
9 0.044621 0.708264 0.018692 0.027729
9 0.040763 0.574107 0.024908 0.028157
9 0.041137 0.442293 0.024658 0.027300
9 0.041883 0.307929 0.022167 0.025600
9 0.040525 0.174200 0.024883 0.025171
10 0.523642 0.966521 0.040733 0.030557
11 0.017158 0.466979 0.018267 0.283157
8 0.099767 0.914621 0.033650 0.061071
8 0.161054 0.915000 0.036508 0.060314
8 0.222629 0.914621 0.034308 0.058814
8 0.281342 0.911800 0.033867 0.058429
8 0.341596 0.914814 0.032108 0.057686
8 0.400750 0.914429 0.032550 0.052400
8 0.460567 0.912171 0.031667 0.059943
8 0.521479 0.912929 0.031225 0.054657
8 0.579975 0.914621 0.032550 0.059557
8 0.642538 0.916321 0.038925 0.064471
8 0.702571 0.915750 0.037158 0.064843
8 0.764100 0.916321 0.037600 0.068243
8 0.823188 0.914057 0.036508 0.066714
8 0.883113 0.919714 0.041125 0.067486
8 0.942487 0.917264 0.039808 0.067100
7 0.097775 0.387336 0.029550 0.036014
7 0.162450 0.860679 0.026267 0.025900
7 0.223521 0.439121 0.022325 0.027014
7 0.281954 0.801021 0.022325 0.043900
7 0.343354 0.546621 0.026925 0.032643
7 0.402121 0.894450 0.023642 0.043900
7 0.519663 0.153200 0.028892 0.027029
