9 0.041563 0.475871 0.025158 0.032000
9 0.042058 0.353229 0.026150 0.029000
7 0.761958 0.145321 0.027583 0.031529
7 0.827292 0.650743 0.024300 0.024771
7 0.883762 0.367643 0.026925 0.025886
7 0.944500 0.734043 0.019700 0.022514
11 0.017708 0.464907 0.020250 0.279757
5 0.526563 0.462364 0.932475 0.817729
10 0.524721 0.967293 0.040608 0.032529
9 0.040688 0.240621 0.024408 0.026443
9 0.042021 0.123650 0.027875 0.027300
8 0.943054 0.915664 0.039058 0.068757
8 0.883812 0.916800 0.038792 0.062886
8 0.823388 0.916800 0.035625 0.067400
8 0.764275 0.917929 0.037733 0.064229
8 0.703446 0.917029 0.036942 0.065143
8 0.642883 0.915671 0.037733 0.067857
8 0.581925 0.915214 0.033517 0.059714
8 0.522950 0.912271 0.032717 0.054743
8 0.463308 0.913179 0.031667 0.059271
8 0.401429 0.912950 0.031925 0.058814
8 0.340867 0.912950 0.030617 0.057900
8 0.282808 0.911593 0.033250 0.056100
9 0.044421 0.823950 0.023908 0.026014
7 0.102367 0.378893 0.024300 0.032643
8 0.221196 0.912500 0.032458 0.056086
8 0.160896 0.913857 0.034308 0.056086
7 0.160154 0.259571 0.025608 0.028143
8 0.101150 0.912814 0.031400 0.054286
7 0.406392 0.638357 0.033483 0.036029
7 0.463517 0.307979 0.028233 0.028129
7 0.523600 0.820714 0.023633 0.036029
7 0.583350 0.767814 0.026267 0.031514
7 0.220892 0.334429 0.030200 0.033771
7 0.641792 0.841543 0.019700 0.041657
7 0.705158 0.565193 0.022983 0.029271
7 0.280317 0.339500 0.024300 0.025886
7 0.338758 0.384521 0.030867 0.023643
0 0.523312 0.930721 0.928075 0.121214
1 0.032333 0.460671 0.054750 0.836771
2 0.522446 0.031643 0.191108 0.035886
3 0.931171 0.086336 0.104708 0.052014
9 0.045025 0.706007 0.022217 0.027300
9 0.041063 0.588057 0.027142 0.029429
