7 0.415481 0.171730 0.064537 0.030900
2 0.513200 0.094150 0.342350 0.038660
3 0.223531 0.181800 0.186787 0.104280
10 0.512175 0.960250 0.070700 0.030100
5 0.511681 0.504960 0.773688 0.775160
1 0.073375 0.506780 0.103550 0.790840
0 0.513000 0.941040 0.774500 0.100760
11 0.038663 0.507930 0.029525 0.174380
9 0.089588 0.731430 0.056575 0.047180
9 0.089581 0.632350 0.048837 0.042220
9 0.088031 0.526480 0.064313 0.041000
9 0.086487 0.422450 0.064325 0.043460
9 0.087256 0.324630 0.065863 0.050900
9 0.082619 0.219370 0.064312 0.043460
9 0.090356 0.836690 0.051938 0.044700
8 0.865269 0.923790 0.036363 0.033580
8 0.800025 0.921970 0.042050 0.031780
8 0.739319 0.922880 0.037512 0.031760
8 0.673794 0.927420 0.040337 0.033600
8 0.607975 0.926510 0.036925 0.035420
8 0.545569 0.924240 0.028987 0.036320
8 0.478900 0.923330 0.035225 0.036300
8 0.415894 0.924690 0.041987 0.033580
8 0.352356 0.924700 0.036313 0.035400
8 0.288244 0.923330 0.037437 0.030860
8 0.223850 0.923330 0.035750 0.030860
8 0.159481 0.922420 0.032963 0.032680
7 0.159612 0.346460 0.059100 0.027880
7 0.220312 0.278500 0.065350 0.030400
7 0.289831 0.123230 0.061937 0.028420
7 0.347631 0.440830 0.070362 0.030180
7 0.478187 0.208280 0.063650 0.032320
7 0.544963 0.700630 0.057400 0.031980
7 0.606331 0.572260 0.052313 0.032000
7 0.670181 0.372570 0.061337 0.026820
7 0.734681 0.320460 0.061337 0.023720
7 0.802400 0.334910 0.062625 0.031980
7 0.864319 0.276600 0.063912 0.030960
7 0.159688 0.624890 0.055525 0.027860
7 0.222894 0.737890 0.055538 0.028900
7 0.287713 0.714660 0.060050 0.036120
7 0.351562 0.866360 0.056175 0.032000
7 0.418644 0.597540 0.054888 0.030960
7 0.477656 0.754400 0.055537 0.030960
7 0.544063 0.735230 0.056350 0.028660
7 0.608969 0.773130 0.051887 0.026340
7 0.672794 0.688620 0.049638 0.028120
7 0.738469 0.678480 0.057062 0.029320
7 0.800444 0.601730 0.054862 0.032300
7 0.867069 0.627110 0.051513 0.025740
