9 0.085062 0.147450 0.065850 0.048620
9 0.086025 0.244400 0.062625 0.042320
9 0.084413 0.342960 0.065850 0.055720
9 0.087637 0.434290 0.059400 0.044380
9 0.086350 0.531290 0.061975 0.044380
9 0.090219 0.624210 0.051663 0.052740
9 0.086031 0.723230 0.057462 0.040260
9 0.090869 0.818690 0.054238 0.049540
8 0.351800 0.922190 0.037450 0.037140
8 0.415456 0.922190 0.038137 0.037140
7 0.159606 0.350790 0.063038 0.028940
7 0.224119 0.371020 0.060738 0.029480
7 0.287650 0.491850 0.062375 0.028420
7 0.161687 0.686410 0.053475 0.030340
7 0.223131 0.717430 0.052488 0.030340
8 0.477725 0.923980 0.031675 0.037080
8 0.545388 0.923690 0.028850 0.038580
8 0.607325 0.922550 0.033575 0.037820
8 0.674225 0.923300 0.031200 0.034800
8 0.737812 0.924060 0.036400 0.034800
8 0.801169 0.923680 0.039237 0.034040
8 0.865000 0.924440 0.038300 0.034040
8 0.288481 0.920550 0.040162 0.036060
2 0.514850 0.093010 0.347550 0.039420
3 0.223156 0.181800 0.186412 0.104880
7 0.287456 0.613040 0.055363 0.031840
7 0.352225 0.681110 0.054425 0.025780
7 0.351750 0.718190 0.054425 0.030340
10 0.513500 0.959030 0.069175 0.031300
11 0.039587 0.506740 0.023175 0.163640
7 0.416525 0.680360 0.054425 0.030320
7 0.417450 0.758280 0.053425 0.040920
7 0.481275 0.824470 0.053425 0.028060
7 0.480094 0.422030 0.061463 0.029580
7 0.546169 0.587340 0.050187 0.022560
7 0.547219 0.605060 0.049888 0.021040
7 0.609463 0.589150 0.056775 0.031580
7 0.672125 0.129880 0.064000 0.032680
7 0.734762 0.415270 0.061275 0.030500
7 0.799781 0.461020 0.063312 0.032680
7 0.864462 0.233900 0.056500 0.033760
7 0.736125 0.623340 0.050375 0.032680
7 0.800462 0.648380 0.057875 0.032680
7 0.864462 0.692510 0.056500 0.035940
7 0.676894 0.827580 0.059913 0.029400
7 0.607450 0.824860 0.053100 0.037040
8 0.158444 0.923280 0.033362 0.034960
5 0.513725 0.504320 0.776150 0.771240
1 0.074737 0.513750 0.102200 0.811540
0 0.512719 0.931500 0.775063 0.083520
8 0.222444 0.921100 0.033362 0.032800
