7 0.417200 0.594860 0.047875 0.023360
7 0.545781 0.704390 0.054112 0.033500
7 0.606812 0.668350 0.052375 0.027060
7 0.607944 0.688960 0.047338 0.023360
7 0.673319 0.791490 0.058238 0.033460
7 0.736581 0.704300 0.056362 0.031040
7 0.736025 0.844040 0.054500 0.033440
7 0.799106 0.767600 0.060463 0.033440
7 0.861431 0.863460 0.056737 0.032840
7 0.671337 0.483760 0.059350 0.034040
7 0.478813 0.230300 0.056275 0.031520
7 0.543225 0.204150 0.057050 0.030740
7 0.798894 0.215650 0.062837 0.034380
7 0.861706 0.220370 0.062237 0.030900
10 0.512931 0.960570 0.069937 0.030740
3 0.223788 0.181430 0.184300 0.105780
2 0.510269 0.093270 0.340062 0.035300
9 0.087319 0.126240 0.060038 0.035080
9 0.085381 0.224800 0.057463 0.040240
9 0.082481 0.319220 0.058113 0.037160
9 0.084419 0.415710 0.055537 0.040260
9 0.086356 0.516330 0.058112 0.039220
9 0.090869 0.610740 0.051663 0.046440
9 0.090869 0.712910 0.047788 0.038180
9 0.089900 0.808880 0.053600 0.042320
11 0.040150 0.506440 0.022050 0.170200
5 0.512906 0.505060 0.774513 0.764520
1 0.074025 0.504490 0.104850 0.799580
8 0.160794 0.928670 0.035462 0.039220
8 0.223431 0.927040 0.040913 0.035960
8 0.289806 0.927040 0.037512 0.033760
8 0.351425 0.928130 0.034100 0.040300
8 0.415763 0.925400 0.044325 0.037040
8 0.474994 0.921590 0.037512 0.033780
8 0.543756 0.923770 0.030712 0.035940
8 0.607756 0.928670 0.042963 0.039220
8 0.676856 0.925400 0.036838 0.041400
8 0.735412 0.923220 0.036825 0.041400
8 0.802875 0.922600 0.046250 0.031600
8 0.864769 0.921040 0.042288 0.037040
7 0.161481 0.567420 0.050388 0.034640
7 0.160138 0.712270 0.049275 0.032900
7 0.222656 0.646880 0.056362 0.029920
7 0.288725 0.678230 0.052625 0.032900
7 0.290219 0.555800 0.051137 0.029320
7 0.351806 0.579690 0.051137 0.032900
7 0.350313 0.820670 0.054125 0.035900
7 0.416388 0.576290 0.049850 0.025940
7 0.478781 0.728280 0.048513 0.037080
