7 0.863869 0.256070 0.056488 0.034500
7 0.290363 0.127770 0.064050 0.030820
9 0.085381 0.345020 0.061338 0.035080
2 0.512237 0.092630 0.337700 0.040340
3 0.222769 0.182260 0.188312 0.105800
10 0.513687 0.959940 0.066900 0.030720
8 0.867831 0.925410 0.040238 0.034860
8 0.799069 0.923770 0.034787 0.033780
8 0.736056 0.920610 0.036762 0.039220
8 0.675156 0.924860 0.044313 0.040320
8 0.607075 0.926490 0.038875 0.034860
8 0.542400 0.924310 0.033425 0.034860
8 0.478400 0.924860 0.032075 0.031600
8 0.414406 0.925950 0.037512 0.031580
8 0.352106 0.924860 0.038187 0.031600
8 0.288450 0.921590 0.038875 0.038140
8 0.224787 0.923220 0.039550 0.037040
8 0.158750 0.926500 0.032750 0.037040
5 0.513725 0.495820 0.774500 0.780400
1 0.071981 0.508300 0.108937 0.811560
0 0.513850 0.936500 0.775075 0.091680
11 0.039219 0.508830 0.026163 0.172580
9 0.085388 0.145900 0.058750 0.033120
7 0.864406 0.707120 0.053263 0.033640
7 0.800444 0.694220 0.055412 0.033640
7 0.737294 0.864530 0.053813 0.036980
7 0.674681 0.802570 0.057562 0.035340
7 0.607763 0.730340 0.060250 0.042240
7 0.544606 0.622850 0.051112 0.026740
7 0.545681 0.655100 0.057563 0.029320
7 0.479300 0.850730 0.058100 0.033620
7 0.416425 0.556200 0.053800 0.027600
7 0.415350 0.727760 0.052725 0.037080
7 0.349775 0.794830 0.052725 0.037060
7 0.288500 0.725610 0.058100 0.034500
7 0.222925 0.859330 0.052725 0.030180
7 0.158431 0.732920 0.053813 0.030200
7 0.160581 0.581140 0.054887 0.031040
7 0.221681 0.365720 0.060063 0.025880
7 0.478769 0.172230 0.071713 0.030180
7 0.351600 0.165420 0.062800 0.033760
9 0.085062 0.246000 0.056825 0.035200
9 0.086675 0.446150 0.058750 0.033020
9 0.084744 0.547280 0.057462 0.035080
9 0.089575 0.645830 0.046500 0.031980
9 0.088612 0.748510 0.047150 0.037140
9 0.092156 0.849130 0.051663 0.034060
7 0.672800 0.367430 0.065625 0.033620
7 0.734344 0.430640 0.062938 0.039640
7 0.800981 0.522660 0.053263 0.034480
