7 0.863444 0.201990 0.056763 0.035100
7 0.802175 0.755630 0.051600 0.027860
7 0.736069 0.756150 0.049663 0.033020
7 0.672212 0.746870 0.052250 0.028900
7 0.160581 0.640600 0.046813 0.024080
7 0.225081 0.682740 0.053263 0.027520
7 0.287163 0.826790 0.062400 0.033540
7 0.352456 0.641460 0.050038 0.024080
7 0.414000 0.754980 0.051650 0.022360
7 0.482262 0.748960 0.054875 0.025800
7 0.545419 0.745520 0.054337 0.027520
7 0.612138 0.673880 0.053425 0.024880
7 0.608631 0.653640 0.051062 0.022800
7 0.546375 0.600720 0.056575 0.032200
7 0.669050 0.148040 0.063550 0.036040
7 0.475175 0.165380 0.064325 0.036040
7 0.289319 0.208210 0.061212 0.029260
7 0.411450 0.319810 0.063250 0.034340
7 0.353400 0.556090 0.064175 0.037300
7 0.224306 0.588770 0.054887 0.028380
7 0.161150 0.429030 0.062325 0.041740
8 0.864050 0.923150 0.038575 0.029060
8 0.801813 0.923470 0.039150 0.028220
8 0.736000 0.920750 0.030075 0.028220
8 0.679263 0.925690 0.044825 0.034500
8 0.610050 0.927100 0.045950 0.033680
8 0.545937 0.923470 0.031200 0.033660
8 0.480806 0.926330 0.038013 0.029940
8 0.417087 0.925730 0.044250 0.035940
8 0.350706 0.923550 0.036762 0.033780
8 0.290119 0.921910 0.044937 0.030500
8 0.223394 0.926270 0.034038 0.039220
8 0.158713 0.926060 0.038125 0.039200
5 0.513319 0.495170 0.776963 0.789540
1 0.074362 0.501220 0.104175 0.799560
0 0.511862 0.936950 0.774500 0.092580
9 0.090862 0.841910 0.052950 0.038180
9 0.091513 0.742840 0.050375 0.036120
9 0.090544 0.645830 0.051013 0.038180
9 0.084744 0.547850 0.057462 0.040340
11 0.040438 0.508370 0.024675 0.173180
10 0.512931 0.961920 0.067663 0.029800
3 0.223250 0.182860 0.184325 0.106400
2 0.514600 0.089480 0.343200 0.049160
9 0.085388 0.450850 0.058750 0.040340
9 0.085062 0.352810 0.059400 0.038300
9 0.085706 0.254260 0.056813 0.037240
9 0.082800 0.156740 0.062625 0.034160
7 0.864737 0.779370 0.056750 0.025780
7 0.734781 0.477010 0.062563 0.027860
7 0.798625 0.208690 0.061275 0.038180
