7 0.353519 0.706910 0.050613 0.036620
7 0.351950 0.604790 0.056425 0.028740
7 0.288569 0.642050 0.056888 0.028740
7 0.287231 0.610490 0.055988 0.027220
7 0.223181 0.730210 0.051513 0.027300
7 0.160475 0.688600 0.052400 0.032960
7 0.861231 0.220670 0.064537 0.028020
7 0.672419 0.611240 0.049713 0.034480
7 0.737981 0.828190 0.052662 0.030500
7 0.609269 0.624100 0.048813 0.025800
7 0.221613 0.455700 0.062700 0.031520
7 0.159581 0.528720 0.050612 0.037280
5 0.514950 0.506270 0.778600 0.772540
1 0.071975 0.502970 0.104850 0.805020
8 0.479156 0.926050 0.034612 0.030860
8 0.417600 0.923340 0.038575 0.032680
8 0.355194 0.927420 0.036313 0.033600
0 0.512719 0.932410 0.775063 0.087140
8 0.287675 0.922430 0.038575 0.030860
8 0.223281 0.922880 0.034612 0.031760
8 0.158913 0.923790 0.031825 0.031780
11 0.039594 0.507930 0.026912 0.171980
10 0.511506 0.959490 0.076212 0.034060
9 0.085713 0.411310 0.062775 0.045940
3 0.223062 0.180880 0.188125 0.104280
2 0.513694 0.092260 0.339463 0.040920
9 0.091131 0.811910 0.048837 0.047180
9 0.086875 0.716560 0.058900 0.054600
9 0.088419 0.618730 0.049612 0.047180
7 0.799200 0.824000 0.051175 0.029320
9 0.084937 0.515330 0.064325 0.048420
8 0.543269 0.923790 0.028937 0.033580
8 0.607406 0.924700 0.040337 0.039040
7 0.862650 0.858050 0.054150 0.028140
7 0.414006 0.140770 0.060513 0.034460
8 0.672937 0.924690 0.036375 0.033580
8 0.737587 0.922420 0.035175 0.032680
8 0.799431 0.923340 0.039712 0.032680
9 0.084944 0.212550 0.067413 0.044700
9 0.086100 0.312250 0.060450 0.048420
7 0.481413 0.167280 0.062750 0.033040
7 0.545013 0.280870 0.067225 0.036620
7 0.607919 0.654560 0.050613 0.026520
7 0.544319 0.691870 0.050613 0.028020
7 0.478481 0.776790 0.053287 0.030180
8 0.865244 0.922880 0.038588 0.033600
7 0.672219 0.371170 0.059163 0.026580
7 0.737837 0.389080 0.064100 0.030880
7 0.800762 0.517360 0.051100 0.032320
7 0.417119 0.678210 0.051513 0.030820
