7 0.483356 0.662770 0.052488 0.030260
7 0.542219 0.806880 0.052012 0.031000
7 0.608169 0.744470 0.056263 0.030260
7 0.672944 0.610190 0.057212 0.029500
7 0.737244 0.689630 0.051538 0.031020
7 0.800369 0.828440 0.052013 0.033280
7 0.862300 0.693410 0.054850 0.031020
7 0.159706 0.300480 0.057937 0.043920
8 0.225487 0.920610 0.040850 0.039940
8 0.290169 0.922880 0.036312 0.037200
8 0.419531 0.927420 0.041988 0.040840
8 0.480519 0.925150 0.035737 0.036300
8 0.544350 0.921060 0.031775 0.044480
10 0.514450 0.960090 0.065375 0.029180
3 0.223625 0.180740 0.183950 0.102760
2 0.510831 0.093010 0.346138 0.040940
9 0.083775 0.208840 0.060450 0.039760
9 0.084169 0.311010 0.064313 0.045940
9 0.086100 0.405740 0.054250 0.039760
9 0.084163 0.511000 0.059675 0.042240
9 0.090356 0.610690 0.053488 0.040980
9 0.087263 0.709750 0.055025 0.045940
9 0.091131 0.807580 0.051938 0.041000
8 0.607888 0.928320 0.040850 0.039040
1 0.072356 0.506230 0.106963 0.800660
0 0.513000 0.938320 0.774500 0.100760
8 0.670869 0.923790 0.037437 0.039020
8 0.736425 0.925610 0.039100 0.037220
8 0.800506 0.923340 0.041412 0.038120
5 0.512906 0.502360 0.779412 0.767320
8 0.864050 0.920150 0.042550 0.037220
7 0.286369 0.553230 0.052187 0.031780
7 0.415444 0.640830 0.053888 0.034500
7 0.479844 0.525090 0.056737 0.031780
8 0.163081 0.925150 0.048787 0.036300
7 0.223113 0.497410 0.059575 0.027220
8 0.351444 0.928780 0.032912 0.039960
11 0.041081 0.507030 0.022438 0.165420
7 0.542431 0.230530 0.061513 0.030260
7 0.608625 0.201780 0.059625 0.025720
7 0.671981 0.146180 0.065288 0.034040
7 0.736044 0.516470 0.061038 0.034780
7 0.799631 0.367830 0.065288 0.029500
7 0.862988 0.166220 0.059625 0.028760
7 0.159475 0.636010 0.050650 0.036740
7 0.224837 0.600070 0.058825 0.032820
7 0.287788 0.652350 0.054000 0.035420
7 0.350713 0.664030 0.053375 0.023820
7 0.353875 0.645030 0.054950 0.023820
7 0.415981 0.770570 0.051062 0.026460
