8 0.286406 0.922680 0.042963 0.035960
8 0.225812 0.925400 0.045675 0.045760
8 0.160794 0.925400 0.035462 0.041400
7 0.160019 0.647960 0.049613 0.032320
7 0.223094 0.606480 0.051938 0.031080
7 0.288106 0.639290 0.056588 0.029860
7 0.351569 0.775500 0.051937 0.032320
7 0.416200 0.772410 0.055800 0.026140
7 0.476137 0.720960 0.055725 0.029720
7 0.549706 0.643000 0.064312 0.032320
7 0.607750 0.691300 0.055025 0.044720
7 0.672738 0.595590 0.049775 0.026380
7 0.671494 0.564730 0.050388 0.028380
7 0.734325 0.868840 0.053750 0.032240
7 0.735662 0.669970 0.054650 0.027220
7 0.798594 0.641310 0.055987 0.028660
7 0.864656 0.746290 0.054638 0.029380
7 0.864656 0.710100 0.054638 0.031520
7 0.799556 0.130430 0.065037 0.030180
7 0.607681 0.261620 0.059663 0.041280
7 0.546137 0.167410 0.059125 0.035340
7 0.479494 0.312740 0.063412 0.042240
7 0.415538 0.406470 0.061275 0.038780
7 0.351844 0.269750 0.063963 0.030180
7 0.288687 0.240080 0.058050 0.029320
7 0.159425 0.296410 0.061800 0.031900
7 0.222162 0.223160 0.062975 0.023640
9 0.089894 0.800160 0.054888 0.045520
9 0.090225 0.703680 0.056825 0.044480
9 0.091188 0.614410 0.053600 0.045500
9 0.085706 0.514830 0.060688 0.036220
5 0.511275 0.501040 0.777775 0.775160
1 0.073344 0.505140 0.106213 0.776680
0 0.513000 0.936040 0.774500 0.094400
9 0.084419 0.420400 0.058113 0.039320
9 0.085388 0.323350 0.060050 0.037140
9 0.085706 0.232020 0.060688 0.040240
9 0.086031 0.129340 0.057462 0.035080
10 0.512269 0.960710 0.070512 0.028580
2 0.511838 0.094530 0.347150 0.040340
3 0.223344 0.181950 0.185663 0.102740
11 0.038469 0.508230 0.027663 0.173780
8 0.865788 0.926490 0.038875 0.034860
8 0.799069 0.923220 0.042963 0.037040
8 0.738475 0.923770 0.040225 0.038140
8 0.670731 0.924860 0.039562 0.033760
8 0.607412 0.925950 0.038200 0.040300
8 0.545462 0.922140 0.042275 0.037040
8 0.476356 0.921050 0.037512 0.041380
8 0.416444 0.925950 0.037513 0.040300
8 0.352450 0.925950 0.036150 0.033780
