8 0.544800 0.923020 0.032350 0.036400
8 0.608056 0.926650 0.036313 0.032780
8 0.672169 0.924790 0.034038 0.036300
8 0.737419 0.922570 0.037437 0.031860
8 0.799831 0.924340 0.036312 0.029960
8 0.864225 0.923930 0.039150 0.034580
9 0.085063 0.513230 0.058100 0.035100
11 0.038844 0.510020 0.022437 0.170200
7 0.542412 0.281240 0.063150 0.039360
7 0.287587 0.772880 0.051500 0.027960
5 0.512094 0.496510 0.774513 0.784220
7 0.352313 0.805850 0.052850 0.029380
7 0.416356 0.738120 0.057338 0.034400
7 0.478619 0.814800 0.060913 0.034400
7 0.673044 0.217040 0.069362 0.042360
7 0.801831 0.126420 0.064587 0.032320
7 0.864550 0.258410 0.060125 0.034700
10 0.513600 0.960720 0.067475 0.028600
3 0.223819 0.180890 0.183937 0.105500
2 0.512038 0.089480 0.344400 0.052960
9 0.084094 0.212410 0.060038 0.042300
9 0.085062 0.310440 0.059400 0.036120
9 0.086031 0.413130 0.058762 0.039220
7 0.739156 0.521550 0.055988 0.037260
7 0.606487 0.581900 0.059575 0.034400
7 0.864481 0.709820 0.046137 0.033680
7 0.798863 0.744210 0.053750 0.029380
7 0.735706 0.864960 0.051063 0.032960
7 0.673231 0.753170 0.055987 0.030100
7 0.609175 0.659290 0.052400 0.038700
7 0.543781 0.742420 0.055087 0.032960
7 0.163537 0.576980 0.053000 0.026280
7 0.158538 0.663510 0.053750 0.030460
7 0.222731 0.659300 0.051512 0.032920
7 0.287825 0.519650 0.052250 0.032260
7 0.353375 0.529410 0.047775 0.034700
7 0.415325 0.518360 0.047775 0.030520
7 0.478181 0.278990 0.057863 0.031900
9 0.089250 0.610750 0.049725 0.040260
9 0.090544 0.707290 0.047138 0.043460
9 0.090219 0.806870 0.055537 0.042420
0 0.512719 0.937860 0.775063 0.098040
1 0.071300 0.504490 0.107575 0.806100
8 0.160525 0.925420 0.035175 0.029960
8 0.222831 0.923470 0.036312 0.035500
8 0.290063 0.920750 0.039150 0.028220
8 0.353600 0.926190 0.036875 0.035500
8 0.420263 0.923920 0.046525 0.040040
8 0.479275 0.922560 0.031775 0.035480
