7 0.800425 0.234480 0.056975 0.031040
9 0.087644 0.802700 0.054238 0.046440
9 0.092800 0.702080 0.047800 0.045400
9 0.092475 0.610230 0.056175 0.043340
9 0.084419 0.511160 0.061987 0.041280
9 0.084738 0.411580 0.060050 0.038200
9 0.084738 0.313540 0.060050 0.036120
9 0.084413 0.214990 0.059400 0.043340
8 0.866813 0.925410 0.039550 0.034860
8 0.802131 0.923770 0.043637 0.040300
8 0.739156 0.922680 0.037512 0.040320
8 0.673456 0.924320 0.036838 0.037040
8 0.607419 0.923230 0.043637 0.034860
8 0.546137 0.922680 0.030025 0.042480
8 0.478400 0.924860 0.036150 0.029400
8 0.414062 0.924860 0.045000 0.038120
8 0.351425 0.923220 0.036825 0.041400
8 0.288787 0.923770 0.040925 0.035940
8 0.222069 0.922680 0.040913 0.040320
8 0.159431 0.923770 0.040912 0.038140
5 0.512913 0.502360 0.777775 0.775160
1 0.075044 0.508360 0.101438 0.781160
0 0.513000 0.939220 0.774500 0.098960
11 0.040156 0.507040 0.021312 0.171400
2 0.514006 0.092320 0.336512 0.040960
3 0.224006 0.181950 0.183187 0.105780
10 0.512550 0.959950 0.066900 0.028300
7 0.158994 0.827700 0.050387 0.034840
7 0.225487 0.778420 0.050700 0.030360
7 0.288944 0.630870 0.052563 0.027860
7 0.351931 0.624890 0.051638 0.029860
7 0.416000 0.769710 0.052250 0.028860
7 0.481431 0.664460 0.053212 0.029320
7 0.542700 0.783180 0.051050 0.032680
7 0.607194 0.799480 0.048912 0.029320
7 0.671694 0.784000 0.053212 0.027600
7 0.734313 0.704020 0.062350 0.029320
7 0.801500 0.771100 0.051600 0.032760
7 0.864381 0.753900 0.050513 0.027600
7 0.164837 0.562560 0.055325 0.026760
7 0.219681 0.518710 0.063963 0.030180
7 0.288206 0.584060 0.058038 0.028480
7 0.351356 0.454640 0.065038 0.027600
7 0.415100 0.128400 0.060200 0.024080
7 0.478206 0.455070 0.062887 0.033620
7 0.542162 0.303710 0.062875 0.033620
7 0.610150 0.679510 0.054825 0.030180
7 0.671962 0.367780 0.064500 0.036200
7 0.736731 0.626630 0.052138 0.031060
7 0.861963 0.389710 0.067175 0.040500
