9 0.085719 0.222270 0.055562 0.035180
9 0.083450 0.126300 0.065200 0.043440
9 0.085062 0.319790 0.054250 0.036220
9 0.085062 0.415240 0.059400 0.035200
9 0.085062 0.512200 0.056825 0.037160
9 0.091513 0.609710 0.049075 0.044380
7 0.224787 0.766790 0.052250 0.034100
7 0.225519 0.626400 0.048762 0.029040
7 0.160775 0.609780 0.052400 0.016440
7 0.159700 0.595960 0.048800 0.021640
7 0.288419 0.323080 0.068187 0.040880
9 0.090225 0.703110 0.050375 0.043340
9 0.090219 0.801150 0.051663 0.039220
8 0.223769 0.925950 0.033438 0.038140
8 0.287425 0.923220 0.040925 0.032680
8 0.355512 0.928680 0.042275 0.032680
8 0.419506 0.925400 0.057263 0.037040
8 0.478706 0.922250 0.035412 0.031580
8 0.542737 0.923230 0.034100 0.039220
8 0.608431 0.925950 0.037512 0.035940
8 0.671750 0.925410 0.041600 0.039220
8 0.737456 0.924320 0.036838 0.032680
8 0.799069 0.922680 0.034787 0.033760
8 0.862388 0.922680 0.049775 0.035960
7 0.351131 0.579850 0.054113 0.031660
10 0.513025 0.959960 0.069750 0.031960
3 0.224356 0.182040 0.186213 0.105800
2 0.515387 0.090430 0.345575 0.046020
7 0.863306 0.169090 0.063413 0.040420
7 0.799669 0.219560 0.058588 0.041280
7 0.866719 0.614810 0.051113 0.036980
7 0.351950 0.784530 0.057475 0.036100
7 0.414225 0.694750 0.055475 0.034060
7 0.414188 0.425410 0.063275 0.038180
7 0.290481 0.704360 0.050762 0.032240
11 0.039031 0.509120 0.025038 0.170800
5 0.513962 0.506790 0.775325 0.770020
0 0.512431 0.939670 0.776762 0.101660
1 0.072319 0.502310 0.108262 0.810460
8 0.158750 0.924860 0.038200 0.033760
7 0.477719 0.368650 0.063912 0.027860
7 0.544794 0.652960 0.054888 0.030960
7 0.606719 0.468240 0.063912 0.037160
7 0.541250 0.685470 0.056825 0.027860
7 0.670400 0.208910 0.063200 0.033020
7 0.479731 0.856020 0.055412 0.032680
7 0.606313 0.863760 0.057025 0.030960
7 0.669737 0.763570 0.053800 0.036980
7 0.735844 0.822910 0.052737 0.038700
7 0.737725 0.696930 0.054350 0.034380
7 0.798994 0.753680 0.056487 0.032680
