8 0.740313 0.923060 0.036825 0.032800
8 0.161606 0.926870 0.036838 0.040420
8 0.223563 0.925240 0.036825 0.034960
8 0.289944 0.928510 0.042962 0.034980
8 0.355306 0.925240 0.037512 0.030600
8 0.418625 0.924150 0.044325 0.032780
8 0.478538 0.922520 0.036150 0.040400
8 0.545256 0.923610 0.037512 0.036060
5 0.512094 0.503660 0.776137 0.769920
1 0.069594 0.502970 0.109613 0.807180
0 0.512150 0.938770 0.775075 0.096220
11 0.039588 0.507040 0.023925 0.169000
8 0.606869 0.924700 0.043637 0.042600
8 0.673931 0.924150 0.037512 0.034980
8 0.800906 0.925240 0.038187 0.032800
8 0.866606 0.926330 0.041587 0.037140
7 0.159800 0.676210 0.057125 0.029940
7 0.159519 0.628790 0.048962 0.032100
7 0.224219 0.613300 0.055487 0.027360
7 0.287912 0.618020 0.050900 0.023160
7 0.289375 0.675280 0.055850 0.026320
7 0.224481 0.859290 0.051062 0.030500
7 0.351800 0.822790 0.057875 0.035940
7 0.416481 0.674100 0.056513 0.041400
7 0.477750 0.759610 0.055150 0.044660
7 0.545494 0.716590 0.054462 0.030500
7 0.607794 0.789570 0.056512 0.026140
7 0.671450 0.676820 0.053100 0.033760
7 0.737144 0.866910 0.053787 0.026140
7 0.801144 0.573880 0.061963 0.032680
7 0.862763 0.766150 0.055825 0.035940
7 0.354525 0.166470 0.061950 0.034860
7 0.414775 0.578780 0.058550 0.033760
7 0.480131 0.566250 0.051737 0.039220
7 0.542775 0.455150 0.066725 0.034860
7 0.608806 0.443710 0.059913 0.029420
7 0.670425 0.318430 0.064675 0.029420
7 0.736806 0.433900 0.062638 0.035960
7 0.805906 0.415380 0.071488 0.033760
7 0.859700 0.356020 0.067400 0.032680
10 0.512175 0.958440 0.068800 0.029520
3 0.223250 0.181640 0.184325 0.103360
2 0.508494 0.091500 0.347037 0.043960
9 0.086487 0.205750 0.061225 0.048420
9 0.082619 0.309150 0.062762 0.042220
9 0.085712 0.419360 0.058125 0.039760
9 0.085325 0.522150 0.065100 0.044700
9 0.089969 0.624930 0.052713 0.039740
9 0.087650 0.727710 0.057350 0.047180
9 0.088037 0.832970 0.053475 0.037260
