8 0.222713 0.921700 0.035400 0.032680
8 0.288106 0.924310 0.039563 0.039220
8 0.352750 0.922250 0.032675 0.029420
8 0.415763 0.927040 0.040225 0.035960
8 0.478063 0.927040 0.032750 0.029400
8 0.541719 0.924310 0.032062 0.034860
8 0.606394 0.927040 0.037512 0.038120
8 0.676144 0.924970 0.042212 0.037020
7 0.287494 0.421080 0.057488 0.030520
8 0.737113 0.923230 0.033425 0.030500
8 0.800769 0.926490 0.035463 0.030500
8 0.864769 0.923770 0.039562 0.027220
9 0.090219 0.807330 0.051663 0.039220
9 0.089256 0.713430 0.051013 0.039220
9 0.092156 0.617980 0.050363 0.036120
9 0.085712 0.526120 0.059400 0.036120
9 0.085400 0.433250 0.061300 0.034060
9 0.084094 0.337850 0.063912 0.041380
9 0.084419 0.246010 0.063263 0.041380
9 0.083450 0.152610 0.065200 0.038300
7 0.544894 0.496710 0.058287 0.037020
7 0.610969 0.502690 0.062738 0.037020
7 0.671506 0.180990 0.064012 0.037060
7 0.732662 0.482860 0.062700 0.035840
7 0.801481 0.428710 0.061862 0.035180
7 0.864187 0.423690 0.057375 0.036620
7 0.160644 0.600100 0.050387 0.027920
7 0.223781 0.769300 0.051013 0.033880
7 0.287388 0.792690 0.051325 0.032900
7 0.351619 0.623480 0.049138 0.028920
7 0.414450 0.626220 0.053500 0.033400
7 0.479456 0.615020 0.054737 0.035880
7 0.546644 0.632690 0.060337 0.030420
7 0.609031 0.787310 0.053788 0.032860
7 0.672100 0.825530 0.050800 0.030460
7 0.736488 0.646970 0.050425 0.030460
7 0.802369 0.742820 0.051538 0.037040
7 0.863025 0.662200 0.055650 0.026280
10 0.513312 0.959500 0.068425 0.029840
3 0.223912 0.179820 0.186025 0.105200
2 0.511250 0.091690 0.342025 0.040980
7 0.159800 0.534580 0.047775 0.032240
11 0.038844 0.508230 0.027662 0.173780
7 0.413519 0.438490 0.064988 0.040020
7 0.349450 0.338070 0.064200 0.028140
7 0.477344 0.492500 0.064988 0.037080
5 0.512906 0.505030 0.774513 0.777660
0 0.513288 0.935140 0.776200 0.088960
1 0.074025 0.499050 0.104850 0.801740
8 0.160794 0.925410 0.035462 0.034860
