9 0.088287 0.712390 0.055525 0.039220
9 0.087962 0.804290 0.060050 0.047580
9 0.093125 0.612870 0.053600 0.036220
9 0.086356 0.524630 0.058112 0.051700
9 0.085706 0.430720 0.063263 0.043440
9 0.084737 0.333200 0.066500 0.052720
9 0.085706 0.240840 0.058113 0.043440
9 0.085706 0.145390 0.064562 0.046540
2 0.511569 0.091880 0.353187 0.043200
3 0.222106 0.181340 0.186613 0.105800
10 0.513688 0.959800 0.068800 0.031040
7 0.860844 0.815670 0.056787 0.029940
7 0.800706 0.692210 0.055663 0.033580
7 0.736600 0.803420 0.052250 0.036320
7 0.671350 0.770290 0.053400 0.037220
7 0.606106 0.851980 0.053388 0.031760
7 0.481569 0.629550 0.052812 0.031700
7 0.416038 0.827020 0.057925 0.032680
7 0.225694 0.809770 0.053962 0.039940
7 0.349944 0.615510 0.053963 0.030860
7 0.286969 0.606440 0.060762 0.032680
7 0.159025 0.570570 0.055650 0.033580
7 0.414619 0.651360 0.051688 0.035400
7 0.544938 0.633650 0.056800 0.029580
7 0.543881 0.600430 0.051763 0.026980
8 0.862875 0.925230 0.043025 0.034100
8 0.801169 0.924860 0.046338 0.033360
8 0.736631 0.922960 0.034513 0.034120
8 0.673988 0.924850 0.034975 0.036380
8 0.608269 0.924090 0.040662 0.036380
8 0.544675 0.922210 0.031675 0.037140
8 0.478469 0.923400 0.037312 0.036400
8 0.418200 0.925230 0.048225 0.043180
8 0.353900 0.926360 0.033100 0.033360
8 0.287706 0.926370 0.034988 0.037900
8 0.222937 0.922590 0.034050 0.036380
8 0.158875 0.924470 0.030725 0.038660
5 0.512906 0.505620 0.774513 0.766000
1 0.070281 0.511570 0.112338 0.813740
0 0.512431 0.934230 0.775637 0.087140
7 0.865162 0.709370 0.052525 0.033300
7 0.797912 0.246870 0.065450 0.030260
7 0.733500 0.165870 0.068200 0.030900
7 0.671838 0.324730 0.058350 0.034660
7 0.606631 0.330720 0.061112 0.037840
7 0.479762 0.215360 0.057950 0.034040
7 0.350925 0.478870 0.069775 0.042860
7 0.288869 0.238060 0.063087 0.031520
7 0.224644 0.357510 0.065437 0.029620
7 0.158125 0.339540 0.056450 0.030200
11 0.040150 0.508820 0.022800 0.169000
