7 0.287119 0.450510 0.066038 0.030620
7 0.352369 0.465810 0.060087 0.027300
7 0.223800 0.650630 0.055150 0.031700
7 0.159825 0.667510 0.051100 0.030620
7 0.287125 0.769360 0.052425 0.025160
7 0.351119 0.781890 0.053788 0.034980
7 0.415119 0.637010 0.053788 0.030620
7 0.415725 0.576390 0.052425 0.034860
7 0.479794 0.538970 0.059237 0.034980
7 0.545837 0.281890 0.060600 0.028420
7 0.610175 0.194740 0.068075 0.034960
7 0.670769 0.521000 0.054462 0.033880
7 0.670088 0.616860 0.061275 0.038240
7 0.607450 0.628830 0.057200 0.031700
7 0.478088 0.752470 0.055825 0.030620
7 0.545494 0.781890 0.050388 0.028420
7 0.735444 0.681130 0.059913 0.036060
7 0.799781 0.439840 0.059237 0.034960
7 0.865144 0.168600 0.057862 0.032800
7 0.735106 0.837980 0.051063 0.038240
7 0.799787 0.826010 0.052425 0.031700
7 0.863100 0.855420 0.052425 0.033880
8 0.738187 0.924420 0.044875 0.040840
8 0.799744 0.925330 0.039763 0.035420
8 0.865269 0.922610 0.042613 0.031780
7 0.223800 0.365550 0.061950 0.034980
7 0.161169 0.208130 0.057863 0.031700
3 0.223150 0.182250 0.184900 0.103980
2 0.511306 0.089230 0.340463 0.042420
9 0.083131 0.219630 0.064562 0.044380
9 0.088287 0.708840 0.050375 0.040360
5 0.512500 0.505620 0.775325 0.773840
0 0.513281 0.940580 0.775062 0.096240
1 0.075387 0.515390 0.102125 0.810460
8 0.160050 0.924880 0.033525 0.038120
8 0.223875 0.922150 0.042050 0.036300
8 0.289406 0.924880 0.033537 0.036320
8 0.350400 0.923510 0.034100 0.037220
8 0.417344 0.923970 0.045438 0.038140
9 0.085062 0.318710 0.060700 0.048500
8 0.479475 0.923970 0.035800 0.036300
8 0.545850 0.922150 0.029000 0.039940
8 0.608263 0.923970 0.041475 0.041740
8 0.674638 0.925330 0.041475 0.037220
9 0.091831 0.804240 0.054888 0.047480
10 0.513694 0.959500 0.067287 0.029840
11 0.040706 0.509420 0.026162 0.171400
9 0.089256 0.608730 0.048438 0.042420
9 0.084094 0.512200 0.057463 0.041280
9 0.086350 0.411060 0.063275 0.045400
