10 0.513787 0.959810 0.069000 0.032860
7 0.351762 0.177630 0.068675 0.035220
7 0.414731 0.265830 0.060463 0.038220
7 0.736531 0.167040 0.058637 0.030520
7 0.863806 0.217800 0.066838 0.040080
7 0.800187 0.437360 0.058975 0.035240
7 0.672906 0.502750 0.049262 0.027460
7 0.864006 0.714600 0.050763 0.030520
7 0.799925 0.767490 0.052250 0.028660
7 0.735613 0.867190 0.052250 0.034700
7 0.673281 0.778800 0.052262 0.031120
7 0.608706 0.861810 0.051512 0.033500
7 0.544700 0.718480 0.054125 0.038280
7 0.609456 0.631290 0.050763 0.035900
7 0.544881 0.608600 0.050013 0.031120
7 0.480312 0.650100 0.051500 0.036480
7 0.482275 0.588920 0.055950 0.028680
7 0.415363 0.632190 0.053750 0.030500
7 0.350606 0.747750 0.050388 0.034700
7 0.288463 0.748340 0.053750 0.027520
7 0.290700 0.669510 0.053750 0.032300
7 0.161375 0.673700 0.054125 0.029920
7 0.228113 0.634610 0.053000 0.036420
7 0.161369 0.385850 0.060838 0.032300
7 0.222325 0.327650 0.063075 0.036420
9 0.085063 0.214470 0.058100 0.044380
9 0.084738 0.308390 0.058750 0.038180
9 0.082806 0.413130 0.058762 0.043340
9 0.086356 0.506520 0.058112 0.040240
9 0.088287 0.607190 0.056825 0.045500
9 0.088931 0.706780 0.046512 0.044480
9 0.089894 0.803720 0.054888 0.046440
8 0.867881 0.924780 0.044887 0.041760
8 0.798950 0.925290 0.040900 0.037300
8 0.738237 0.923430 0.037500 0.042660
8 0.670725 0.921610 0.046575 0.039020
8 0.608881 0.924330 0.038638 0.033580
8 0.546475 0.921610 0.035225 0.037220
8 0.477256 0.923880 0.037512 0.032680
8 0.414844 0.926650 0.042037 0.038220
8 0.351581 0.923470 0.032413 0.039140
8 0.289744 0.924380 0.040338 0.044560
8 0.227619 0.923420 0.044312 0.040840
8 0.159819 0.926600 0.036937 0.047200
5 0.513725 0.495810 0.774500 0.785620
1 0.076406 0.509390 0.100087 0.809380
0 0.513281 0.938310 0.775062 0.093500
2 0.512631 0.088850 0.337687 0.049180
11 0.040712 0.507630 0.025425 0.173780
3 0.222206 0.182560 0.186038 0.103360
