1 0.065513 0.505580 0.120500 0.801760
11 0.041269 0.506740 0.022812 0.169600
2 0.512825 0.093580 0.342825 0.038440
3 0.223912 0.181650 0.183000 0.102140
10 0.513213 0.959960 0.069750 0.031960
7 0.157862 0.283030 0.060200 0.036980
7 0.412038 0.127080 0.064500 0.032760
7 0.541844 0.140840 0.066113 0.029320
7 0.475569 0.305990 0.066112 0.031820
7 0.608487 0.597480 0.055350 0.031040
7 0.669756 0.453860 0.060738 0.029320
7 0.736138 0.368720 0.065575 0.041360
7 0.862719 0.171370 0.061812 0.037060
7 0.863519 0.833650 0.055587 0.037980
7 0.799950 0.554820 0.052250 0.034840
7 0.800731 0.635450 0.047588 0.029860
7 0.736188 0.631720 0.052250 0.031360
7 0.671650 0.652120 0.053800 0.030360
7 0.607106 0.749410 0.050388 0.029860
7 0.544900 0.825060 0.052875 0.030840
7 0.481137 0.778280 0.054125 0.033840
7 0.290150 0.458390 0.061700 0.028620
7 0.418588 0.590480 0.052100 0.029040
7 0.351969 0.603130 0.048987 0.030260
7 0.352094 0.652270 0.051313 0.030700
7 0.288513 0.633730 0.046400 0.028620
7 0.224706 0.676530 0.051062 0.024460
7 0.223150 0.739570 0.046400 0.028620
7 0.161375 0.703000 0.051325 0.030280
0 0.513569 0.939220 0.776762 0.097120
5 0.513312 0.497120 0.775325 0.788240
8 0.160450 0.928670 0.038875 0.039220
8 0.223431 0.924310 0.040913 0.039220
8 0.286744 0.925410 0.040912 0.039220
8 0.352444 0.925950 0.042963 0.035940
8 0.418794 0.928790 0.046288 0.044660
8 0.478681 0.923800 0.037037 0.033400
8 0.543863 0.924520 0.027625 0.033480
8 0.608312 0.927100 0.039775 0.037320
8 0.676394 0.925240 0.038638 0.039040
8 0.737394 0.922510 0.034663 0.037220
8 0.799794 0.926600 0.040337 0.036320
8 0.864762 0.921610 0.042050 0.037220
9 0.083131 0.185580 0.060688 0.046440
9 0.085062 0.294450 0.060700 0.043340
9 0.085062 0.395590 0.059400 0.039220
9 0.084738 0.500900 0.056175 0.045520
9 0.090219 0.611320 0.045213 0.049640
9 0.091194 0.716570 0.048438 0.051700
9 0.088287 0.825390 0.049075 0.044380
