8 0.287769 0.924310 0.037512 0.034860
7 0.738237 0.624360 0.051550 0.032320
7 0.800050 0.629010 0.054250 0.030180
7 0.863206 0.677390 0.056038 0.036620
7 0.864319 0.450220 0.059163 0.032320
7 0.802287 0.469560 0.056025 0.030880
7 0.734256 0.288880 0.063962 0.036120
7 0.673519 0.359830 0.056437 0.024940
7 0.608756 0.342630 0.063413 0.035260
7 0.544262 0.131070 0.056975 0.031820
7 0.413919 0.186970 0.066112 0.033540
7 0.479225 0.691340 0.058050 0.025800
7 0.353988 0.696500 0.053750 0.036120
7 0.286544 0.629420 0.059662 0.036120
7 0.221238 0.524070 0.056975 0.033540
7 0.160231 0.294900 0.060737 0.036120
2 0.514406 0.093580 0.338087 0.040960
3 0.223056 0.179820 0.186613 0.103960
10 0.512931 0.960550 0.067663 0.030100
9 0.082800 0.204160 0.062625 0.036120
9 0.085062 0.304770 0.061975 0.037140
9 0.084738 0.403380 0.060050 0.034160
9 0.085706 0.505030 0.052962 0.037260
9 0.091188 0.605590 0.049725 0.034060
9 0.090869 0.701610 0.049087 0.038300
9 0.090862 0.801660 0.052950 0.040240
8 0.867831 0.922140 0.045687 0.032680
8 0.799406 0.924860 0.036838 0.033760
8 0.737794 0.922130 0.034787 0.034860
8 0.675162 0.926500 0.041600 0.037040
8 0.608437 0.929220 0.042950 0.038120
8 0.543075 0.923230 0.030700 0.039220
8 0.476350 0.923220 0.038875 0.037040
8 0.414400 0.923770 0.045675 0.038140
8 0.354831 0.925410 0.036838 0.034860
7 0.674631 0.684910 0.049738 0.030180
8 0.222406 0.924860 0.036162 0.035960
8 0.161131 0.924310 0.033438 0.043580
1 0.067556 0.513750 0.115062 0.802820
0 0.513456 0.937670 0.773363 0.096220
5 0.512462 0.499010 0.776150 0.785620
11 0.039400 0.509430 0.024300 0.173780
7 0.160069 0.828420 0.052137 0.034400
7 0.223650 0.746680 0.056975 0.038800
7 0.288119 0.566700 0.050613 0.031520
7 0.350819 0.826470 0.050638 0.026540
7 0.414856 0.764110 0.055138 0.028020
7 0.480469 0.724330 0.054688 0.027300
7 0.544737 0.797790 0.056025 0.026580
7 0.610362 0.823580 0.056475 0.025160
