9 0.085063 0.143790 0.058100 0.039220
8 0.865788 0.924310 0.038875 0.039220
8 0.799069 0.923220 0.041587 0.032680
8 0.737456 0.923770 0.036838 0.035940
8 0.675162 0.924860 0.038875 0.035960
8 0.607756 0.928680 0.037512 0.032680
8 0.547162 0.924310 0.032075 0.043580
8 0.478738 0.924310 0.035475 0.034860
8 0.419850 0.923770 0.051125 0.035940
8 0.353806 0.927040 0.040237 0.031600
8 0.288450 0.924310 0.036150 0.030500
8 0.221725 0.922130 0.041600 0.034860
8 0.160456 0.925950 0.034787 0.040300
5 0.513319 0.501700 0.776963 0.784320
1 0.074025 0.507760 0.104850 0.799560
0 0.512719 0.933320 0.773937 0.083520
11 0.038475 0.508520 0.024675 0.170800
7 0.158681 0.285420 0.061363 0.036560
7 0.161525 0.590890 0.051100 0.037340
7 0.224681 0.591610 0.044838 0.035900
7 0.290969 0.558280 0.055587 0.033760
7 0.347625 0.376610 0.069475 0.035900
7 0.221319 0.658970 0.056038 0.035900
7 0.289175 0.653590 0.056475 0.035180
7 0.354569 0.799790 0.052888 0.039500
7 0.415650 0.605710 0.053100 0.026220
7 0.416100 0.626340 0.050575 0.023360
7 0.480356 0.661200 0.052737 0.026240
7 0.478919 0.720810 0.054537 0.032580
7 0.543594 0.557220 0.054437 0.030360
7 0.606487 0.459430 0.058475 0.029860
7 0.670719 0.307850 0.059113 0.036540
7 0.800412 0.126900 0.062300 0.034400
7 0.863544 0.412840 0.061363 0.045880
7 0.671350 0.618730 0.052400 0.032260
7 0.737187 0.614790 0.046125 0.024380
7 0.736063 0.756680 0.052850 0.034400
10 0.513212 0.961630 0.069375 0.028620
3 0.223438 0.181040 0.187375 0.106400
2 0.512631 0.092640 0.337687 0.039080
7 0.800337 0.678570 0.053300 0.035820
7 0.861925 0.864530 0.057325 0.030820
7 0.608413 0.714040 0.047475 0.032240
7 0.545263 0.704370 0.051050 0.031540
9 0.088287 0.804750 0.054250 0.044380
9 0.089900 0.710900 0.049725 0.034160
9 0.091838 0.613380 0.049725 0.037240
9 0.086031 0.519470 0.061338 0.041380
9 0.087325 0.424020 0.062625 0.038280
9 0.084419 0.329070 0.063263 0.036220
9 0.084738 0.235630 0.060050 0.033020
