8 0.545194 0.924700 0.032337 0.039040
9 0.088287 0.709870 0.052950 0.042420
9 0.091513 0.611270 0.047800 0.039220
9 0.085706 0.511170 0.060688 0.039220
9 0.083131 0.414160 0.060688 0.043360
9 0.085381 0.314110 0.063912 0.047580
9 0.084094 0.213440 0.065213 0.040240
7 0.160950 0.211020 0.061400 0.027320
7 0.159706 0.699110 0.053388 0.039940
7 0.227506 0.803050 0.058487 0.037220
7 0.288800 0.656030 0.053600 0.024820
7 0.289363 0.678830 0.051100 0.022980
7 0.352325 0.400280 0.060200 0.026320
7 0.353462 0.788800 0.054525 0.024520
7 0.416156 0.766560 0.051688 0.034480
7 0.418137 0.649910 0.060200 0.033580
7 0.483100 0.662620 0.056225 0.033600
7 0.481681 0.527820 0.053387 0.034480
7 0.544944 0.484700 0.049413 0.033600
7 0.607919 0.520100 0.061887 0.040840
7 0.544663 0.738880 0.052250 0.039040
7 0.609906 0.719350 0.055662 0.030860
7 0.673169 0.695300 0.055088 0.029960
7 0.737281 0.620420 0.057362 0.032680
7 0.797987 0.743420 0.056225 0.029960
7 0.865213 0.865960 0.051125 0.022680
7 0.864081 0.597260 0.053388 0.029960
7 0.798594 0.277090 0.061337 0.032780
7 0.743081 0.167620 0.075588 0.033880
7 0.669237 0.130040 0.062700 0.034960
11 0.039406 0.508530 0.027287 0.166020
10 0.513687 0.959330 0.066525 0.029500
3 0.222294 0.181040 0.185087 0.102760
2 0.513694 0.093390 0.346087 0.041700
9 0.091513 0.806820 0.052950 0.046440
8 0.861500 0.920150 0.044250 0.037220
8 0.801363 0.922880 0.037450 0.035400
8 0.738094 0.921970 0.038012 0.029940
8 0.672856 0.923340 0.035738 0.038120
8 0.608456 0.927420 0.041987 0.040840
8 0.479387 0.925140 0.031200 0.032680
8 0.415556 0.925610 0.039712 0.037220
8 0.352013 0.924690 0.035175 0.033580
8 0.289637 0.923900 0.038525 0.031800
8 0.225206 0.923340 0.035738 0.038120
8 0.159681 0.922880 0.037438 0.040840
5 0.513319 0.504310 0.778587 0.768620
1 0.072319 0.502310 0.108262 0.797380
0 0.516688 0.937850 0.776200 0.085340
