8 0.674100 0.924290 0.036450 0.037340
9 0.083769 0.155710 0.060688 0.040340
9 0.083775 0.249610 0.065850 0.042420
11 0.040337 0.508830 0.023175 0.167820
9 0.085063 0.342490 0.058100 0.038300
9 0.084744 0.439500 0.054887 0.038280
9 0.083769 0.530820 0.060688 0.035200
0 0.513281 0.936490 0.775062 0.093500
1 0.073375 0.512110 0.104925 0.814820
5 0.511275 0.504970 0.774500 0.777780
8 0.158575 0.925140 0.032600 0.033320
8 0.224694 0.923340 0.040188 0.039400
8 0.291119 0.922200 0.034037 0.034120
8 0.353050 0.926360 0.036875 0.033360
8 0.416169 0.925610 0.041137 0.034860
8 0.481075 0.925210 0.039075 0.034140
8 0.545388 0.923000 0.029875 0.035720
8 0.606950 0.925110 0.039400 0.033620
7 0.288125 0.124950 0.061275 0.030860
8 0.738450 0.922740 0.035125 0.032040
8 0.799844 0.922980 0.038413 0.037880
8 0.867156 0.923240 0.042362 0.034200
7 0.351694 0.791620 0.053888 0.033080
7 0.415881 0.828650 0.050262 0.029420
7 0.285863 0.653720 0.058800 0.032560
7 0.224462 0.722540 0.058150 0.033640
7 0.159469 0.599770 0.051213 0.032580
9 0.088281 0.624730 0.051663 0.041380
7 0.348269 0.380030 0.064687 0.034500
7 0.413800 0.150820 0.070925 0.033600
7 0.479613 0.476260 0.060700 0.036320
7 0.671663 0.348260 0.061275 0.030880
7 0.738044 0.364150 0.060138 0.033580
7 0.799038 0.164440 0.068650 0.033600
7 0.864581 0.449930 0.063588 0.030860
2 0.512487 0.092640 0.338100 0.041680
3 0.223631 0.181190 0.183563 0.100020
9 0.090862 0.712390 0.050375 0.043340
9 0.091188 0.807340 0.051025 0.041280
7 0.480894 0.638750 0.051588 0.032060
7 0.545737 0.711760 0.050925 0.024320
7 0.608306 0.642070 0.049787 0.030100
10 0.512550 0.959790 0.068800 0.028580
7 0.607075 0.711840 0.050725 0.033440
7 0.544275 0.677340 0.055100 0.025240
7 0.672150 0.728420 0.052450 0.025240
7 0.736644 0.862400 0.052013 0.030200
7 0.801075 0.581990 0.053375 0.027140
7 0.864281 0.779880 0.052837 0.031520
7 0.159056 0.528910 0.052762 0.030860
7 0.222312 0.533900 0.059000 0.029960
