9 0.089200 0.808210 0.060450 0.049660
8 0.545906 0.923370 0.027863 0.040940
8 0.478931 0.926100 0.034612 0.033680
8 0.417656 0.925190 0.039137 0.035500
8 0.353831 0.925650 0.036312 0.034580
8 0.287762 0.924290 0.039200 0.031860
8 0.223650 0.923380 0.034675 0.033680
8 0.158969 0.924290 0.034662 0.035500
7 0.413269 0.679150 0.051938 0.032340
7 0.352119 0.639000 0.052263 0.026920
7 0.288356 0.755960 0.049138 0.030920
7 0.863775 0.719380 0.052875 0.034400
7 0.799394 0.678330 0.051012 0.031900
7 0.738581 0.791040 0.052562 0.032400
2 0.516531 0.093770 0.342312 0.040940
3 0.223912 0.181190 0.186425 0.103660
10 0.511413 0.960090 0.071850 0.031020
7 0.225369 0.788800 0.053187 0.027920
7 0.158806 0.786560 0.051312 0.031400
7 0.863144 0.467980 0.062237 0.033840
7 0.800462 0.383630 0.062550 0.037340
7 0.737175 0.494860 0.065350 0.034840
7 0.671381 0.328390 0.059437 0.028380
7 0.609644 0.693430 0.051662 0.030860
7 0.227062 0.638690 0.051050 0.028860
7 0.159569 0.554570 0.052913 0.029860
7 0.544794 0.646650 0.055087 0.029860
7 0.478544 0.458030 0.065038 0.035820
7 0.413825 0.270910 0.066250 0.035820
7 0.353350 0.209450 0.059125 0.040300
7 0.288694 0.128230 0.057237 0.032340
8 0.608287 0.923840 0.039150 0.036400
8 0.672706 0.926550 0.032963 0.038220
8 0.736256 0.922930 0.037512 0.032780
8 0.801219 0.922930 0.036937 0.034580
8 0.866744 0.923830 0.042037 0.029140
9 0.082613 0.217510 0.075150 0.052140
9 0.083394 0.312860 0.067413 0.059560
9 0.085712 0.413790 0.065875 0.048420
9 0.086487 0.513470 0.062775 0.042220
7 0.670156 0.625820 0.057537 0.032400
7 0.608569 0.770640 0.053813 0.030400
7 0.544031 0.827870 0.049763 0.028420
5 0.514544 0.505620 0.774513 0.768640
1 0.066869 0.514410 0.115062 0.806100
0 0.511869 0.934680 0.776763 0.088040
11 0.037538 0.506740 0.028775 0.169600
7 0.480575 0.716640 0.054125 0.034880
9 0.090356 0.610690 0.053488 0.048420
9 0.092294 0.709130 0.048063 0.039740
