7 0.671581 0.635510 0.046538 0.026660
11 0.040712 0.509120 0.022425 0.169600
9 0.090219 0.823330 0.055537 0.050580
9 0.087962 0.726320 0.052300 0.050560
9 0.090225 0.633970 0.052950 0.045420
9 0.085062 0.537480 0.061975 0.048520
9 0.084744 0.446200 0.057462 0.043440
9 0.083450 0.348160 0.060050 0.039320
9 0.084419 0.255810 0.064562 0.046540
9 0.084744 0.157720 0.061338 0.034040
7 0.160825 0.263370 0.065350 0.037140
7 0.160719 0.589690 0.053587 0.033420
7 0.223881 0.621680 0.051612 0.027160
7 0.223875 0.699530 0.053975 0.031580
7 0.287706 0.561480 0.051612 0.027800
7 0.287112 0.820250 0.050425 0.029700
7 0.352319 0.726330 0.050038 0.025900
7 0.352125 0.678410 0.047275 0.023380
7 0.415162 0.604340 0.051225 0.027800
7 0.416938 0.488040 0.061075 0.025920
7 0.480331 0.865470 0.052488 0.022020
7 0.543212 0.555700 0.052475 0.025800
7 0.544844 0.641590 0.050062 0.031020
7 0.480331 0.362410 0.060988 0.035620
7 0.609638 0.657810 0.049175 0.028820
7 0.608225 0.163830 0.063350 0.028820
7 0.675225 0.659950 0.054300 0.025220
7 0.736706 0.784630 0.056337 0.034100
7 0.800906 0.740510 0.047712 0.030340
7 0.864750 0.764150 0.049250 0.032220
7 0.863181 0.557070 0.054763 0.031580
7 0.802288 0.517350 0.054400 0.030340
7 0.738656 0.556750 0.051663 0.032220
10 0.512550 0.959650 0.066900 0.030740
3 0.223531 0.181950 0.183763 0.102140
2 0.513700 0.091120 0.344200 0.038640
0 0.513281 0.932860 0.775062 0.086240
1 0.073713 0.515920 0.102875 0.822440
5 0.512094 0.504970 0.776137 0.772540
8 0.160075 0.924970 0.034725 0.034860
8 0.225094 0.922250 0.039488 0.035940
8 0.289438 0.922800 0.041525 0.032680
8 0.356156 0.924960 0.037437 0.032680
8 0.418112 0.923340 0.042900 0.033760
8 0.478869 0.923800 0.030338 0.033400
8 0.544931 0.921000 0.028888 0.039400
8 0.607838 0.925240 0.044250 0.040840
8 0.673650 0.922970 0.035175 0.034500
8 0.740313 0.922520 0.039150 0.029960
8 0.801306 0.922970 0.039712 0.036300
8 0.864844 0.924780 0.034038 0.032680
