8 0.418250 0.927960 0.040900 0.039040
11 0.040900 0.509130 0.025050 0.174380
10 0.513119 0.960400 0.069562 0.032240
3 0.222681 0.181040 0.185463 0.105200
2 0.514644 0.093390 0.341362 0.040180
9 0.084094 0.154620 0.067788 0.042320
9 0.085062 0.244920 0.060700 0.041280
9 0.085062 0.339910 0.060700 0.033140
9 0.084738 0.440010 0.062625 0.033140
9 0.084413 0.535460 0.059400 0.044480
9 0.089250 0.632980 0.049725 0.039320
9 0.089256 0.729940 0.052313 0.049520
9 0.089894 0.823330 0.048438 0.040260
0 0.513281 0.936050 0.775062 0.090780
1 0.074400 0.502860 0.102875 0.798480
5 0.511688 0.494510 0.775325 0.788220
8 0.158119 0.925740 0.042612 0.047280
8 0.221662 0.926150 0.034675 0.039020
8 0.288044 0.927560 0.033537 0.036400
8 0.353006 0.925240 0.037513 0.042680
8 0.479525 0.922970 0.040900 0.036300
8 0.545619 0.922110 0.031262 0.038220
8 0.609313 0.926330 0.040850 0.039020
8 0.672713 0.923930 0.036925 0.034580
8 0.737106 0.922970 0.039763 0.034500
8 0.798100 0.922520 0.041475 0.039040
8 0.866463 0.924780 0.045450 0.041760
7 0.863144 0.198840 0.060712 0.036320
7 0.736338 0.258300 0.064675 0.040840
7 0.671944 0.131210 0.061837 0.031780
7 0.607269 0.354520 0.066388 0.039040
7 0.543725 0.192940 0.062975 0.035400
7 0.479325 0.236510 0.064675 0.033580
7 0.414650 0.364970 0.061275 0.030860
7 0.352237 0.449390 0.057875 0.030860
7 0.288700 0.483430 0.064675 0.033580
7 0.223738 0.279170 0.057300 0.028140
7 0.798181 0.487520 0.062412 0.032680
7 0.865981 0.743050 0.051638 0.035420
7 0.803856 0.709910 0.056737 0.030860
7 0.739462 0.691760 0.053900 0.047200
7 0.672512 0.595080 0.051625 0.035400
7 0.607831 0.740780 0.058438 0.039960
7 0.544288 0.588730 0.053900 0.029940
7 0.481313 0.863780 0.050500 0.039040
7 0.414937 0.748050 0.053900 0.034500
7 0.352806 0.851530 0.052187 0.021780
7 0.288094 0.733670 0.056513 0.037300
7 0.223744 0.668540 0.052563 0.027840
7 0.161687 0.596570 0.050600 0.025740
7 0.160369 0.553750 0.054538 0.030460
