7 0.285975 0.640550 0.054750 0.031580
7 0.542775 0.126440 0.064000 0.029520
7 0.670694 0.332920 0.065363 0.035960
7 0.734262 0.865200 0.051225 0.027800
7 0.798681 0.692480 0.055562 0.030320
7 0.862506 0.764020 0.053187 0.036000
7 0.864281 0.403120 0.063838 0.027800
7 0.735838 0.388940 0.062250 0.033480
7 0.801050 0.607690 0.047675 0.029700
7 0.672406 0.579320 0.049637 0.030960
7 0.607394 0.831790 0.052787 0.030340
7 0.608575 0.655600 0.052800 0.028440
8 0.481425 0.925040 0.034750 0.037640
8 0.417406 0.926230 0.037762 0.040500
8 0.352075 0.925970 0.034475 0.036820
8 0.290344 0.925450 0.041037 0.034740
8 0.224675 0.926760 0.035125 0.043640
7 0.288837 0.487500 0.052200 0.031520
7 0.159144 0.302170 0.058438 0.028900
5 0.513663 0.507780 0.776150 0.773840
7 0.481056 0.687610 0.051463 0.025860
7 0.415119 0.644270 0.048737 0.026740
8 0.160000 0.925970 0.036450 0.043140
1 0.073031 0.501770 0.104237 0.820260
0 0.513012 0.935610 0.775075 0.090780
8 0.738731 0.922780 0.032837 0.032000
8 0.865275 0.923660 0.040775 0.032000
8 0.671556 0.925630 0.036937 0.033300
8 0.608219 0.926060 0.038863 0.032440
7 0.224975 0.584950 0.051450 0.028060
7 0.545656 0.647360 0.052787 0.029000
7 0.481337 0.721760 0.054200 0.027640
7 0.226056 0.631580 0.053663 0.032000
7 0.159569 0.622380 0.053663 0.031120
7 0.415900 0.311260 0.063375 0.027840
7 0.351544 0.328330 0.058113 0.028380
2 0.510594 0.094900 0.345663 0.040160
3 0.222394 0.182560 0.186038 0.103360
8 0.545150 0.921260 0.024350 0.041200
10 0.511600 0.960700 0.071075 0.030400
9 0.085062 0.150030 0.060700 0.041380
9 0.083131 0.236200 0.060688 0.038280
9 0.083125 0.324900 0.061975 0.040240
9 0.086994 0.408490 0.060688 0.034060
9 0.084419 0.497750 0.060688 0.039220
9 0.091831 0.583400 0.052313 0.041280
9 0.092481 0.674210 0.051013 0.039220
9 0.090544 0.757800 0.049737 0.039200
9 0.089256 0.842430 0.054887 0.043340
11 0.038469 0.507340 0.027663 0.169600
7 0.353831 0.664840 0.052562 0.024120
8 0.801119 0.922350 0.036662 0.029380
