7 0.608537 0.672820 0.054200 0.020360
2 0.514400 0.090740 0.342025 0.046640
3 0.222963 0.179970 0.186025 0.100620
10 0.513500 0.959960 0.068050 0.032560
11 0.040894 0.508820 0.020562 0.171400
7 0.159781 0.358370 0.061212 0.048300
7 0.223981 0.480970 0.061137 0.038380
7 0.221662 0.703810 0.056500 0.043460
7 0.158969 0.822070 0.051862 0.027380
7 0.287625 0.642500 0.050000 0.020200
7 0.289194 0.629240 0.050013 0.021400
7 0.351587 0.576700 0.051950 0.032880
7 0.350906 0.751760 0.056487 0.032760
7 0.417006 0.728540 0.054337 0.037920
7 0.415394 0.581480 0.056487 0.037920
7 0.483094 0.651570 0.049988 0.033620
7 0.476912 0.399660 0.067075 0.035200
7 0.542706 0.139610 0.063212 0.031060
7 0.546575 0.583400 0.054175 0.041280
7 0.609969 0.659760 0.048237 0.019960
7 0.672038 0.603780 0.047975 0.031560
7 0.673006 0.766740 0.053413 0.028720
7 0.737569 0.660140 0.052662 0.031720
7 0.800281 0.750310 0.054163 0.035300
7 0.863919 0.825270 0.053038 0.026340
7 0.863356 0.709400 0.048937 0.028720
7 0.733487 0.171370 0.063075 0.029860
7 0.801806 0.160910 0.057888 0.029260
8 0.865075 0.927360 0.034725 0.032680
8 0.800050 0.924640 0.040850 0.031600
8 0.740144 0.923550 0.043562 0.040300
8 0.673425 0.924640 0.035400 0.033760
8 0.606019 0.924640 0.043563 0.038120
8 0.544063 0.924090 0.029950 0.034860
8 0.481088 0.923010 0.032000 0.030500
8 0.416750 0.925730 0.043575 0.035940
8 0.350369 0.925190 0.038813 0.030500
8 0.287731 0.921920 0.038813 0.032680
8 0.222031 0.924100 0.039487 0.037040
8 0.161781 0.926270 0.036088 0.039220
5 0.513725 0.501040 0.772875 0.775160
1 0.074362 0.511570 0.101450 0.785420
0 0.513000 0.936500 0.775625 0.097120
9 0.090544 0.823330 0.051013 0.044380
9 0.091831 0.718590 0.045863 0.043340
9 0.091831 0.610750 0.045863 0.040260
9 0.085381 0.509610 0.057463 0.038180
9 0.083775 0.405390 0.056825 0.040260
9 0.084100 0.299620 0.062625 0.030960
9 0.082156 0.195380 0.063913 0.041280
