7 0.608275 0.167960 0.061625 0.025080
9 0.089969 0.803250 0.055813 0.047180
9 0.090356 0.704800 0.059663 0.045960
9 0.092294 0.608210 0.054263 0.050900
9 0.087650 0.511000 0.060450 0.044720
9 0.087644 0.408830 0.066637 0.045940
9 0.084550 0.317810 0.062000 0.044700
9 0.081069 0.214410 0.067412 0.053380
7 0.160456 0.828020 0.050563 0.032040
7 0.224219 0.847770 0.049588 0.025740
7 0.288312 0.625090 0.050025 0.017980
7 0.289562 0.614300 0.047625 0.019800
7 0.160669 0.487620 0.051013 0.026920
7 0.223287 0.217800 0.060475 0.025920
7 0.351856 0.313080 0.062362 0.027480
7 0.478206 0.314860 0.062738 0.033440
7 0.544831 0.405340 0.063863 0.025680
7 0.673600 0.502990 0.051925 0.022700
7 0.736862 0.370410 0.067225 0.031060
7 0.864513 0.290980 0.062750 0.028680
7 0.801369 0.561000 0.051038 0.024880
7 0.414813 0.641910 0.054250 0.026580
7 0.352781 0.670570 0.050213 0.036620
7 0.416381 0.694590 0.052888 0.034460
7 0.479981 0.826440 0.054688 0.033040
7 0.545819 0.725760 0.050213 0.032320
7 0.606513 0.857620 0.050650 0.038040
7 0.673250 0.611100 0.057825 0.030880
7 0.736400 0.801370 0.056925 0.034460
7 0.799775 0.688140 0.052000 0.030160
7 0.862712 0.685270 0.051550 0.028740
2 0.514619 0.092630 0.347087 0.040180
3 0.224094 0.184230 0.184112 0.107300
10 0.513025 0.959790 0.067850 0.034660
5 0.511275 0.503010 0.776150 0.768620
1 0.074050 0.513260 0.106275 0.823640
0 0.513281 0.934230 0.777337 0.090780
8 0.863575 0.919250 0.040850 0.042580
8 0.799544 0.921980 0.046362 0.039320
8 0.735206 0.924700 0.030713 0.038240
8 0.672912 0.922520 0.039550 0.038240
8 0.608912 0.924690 0.034100 0.036060
8 0.544575 0.922520 0.032075 0.040400
8 0.479219 0.918710 0.034788 0.037140
8 0.419644 0.926330 0.054537 0.050220
8 0.353263 0.926330 0.037525 0.032780
8 0.288275 0.925240 0.038125 0.037160
8 0.223562 0.923060 0.042275 0.043680
8 0.158525 0.928500 0.037550 0.035000
11 0.039775 0.507330 0.023550 0.167220
