9 0.089969 0.719040 0.052713 0.054600
8 0.222837 0.923860 0.039675 0.033280
8 0.290006 0.925170 0.037212 0.030660
8 0.353762 0.926260 0.036675 0.032840
8 0.417244 0.924280 0.041037 0.031560
8 0.480581 0.925140 0.032563 0.032440
8 0.546113 0.924270 0.025175 0.038580
8 0.607806 0.926680 0.036937 0.033760
8 0.674294 0.925830 0.035837 0.034580
8 0.735281 0.924980 0.042387 0.034720
9 0.086875 0.626780 0.055800 0.053360
9 0.086487 0.538250 0.059675 0.049660
9 0.085325 0.442890 0.063550 0.039740
9 0.086487 0.343200 0.058125 0.043480
9 0.083006 0.248470 0.063537 0.054620
8 0.800950 0.925770 0.041075 0.036300
11 0.039594 0.506440 0.026912 0.172600
7 0.287587 0.676100 0.053300 0.029440
7 0.351637 0.838050 0.051500 0.036620
7 0.416825 0.627010 0.047525 0.030180
7 0.481550 0.639190 0.053350 0.030180
7 0.545375 0.623780 0.051100 0.032320
7 0.607163 0.816920 0.052850 0.030160
7 0.675719 0.830170 0.053813 0.029460
7 0.736381 0.848450 0.054188 0.035900
7 0.800425 0.742740 0.053300 0.030880
7 0.865156 0.798640 0.050163 0.026600
7 0.862463 0.700470 0.052850 0.028020
7 0.161587 0.597540 0.051600 0.035080
7 0.227050 0.572260 0.054825 0.029920
7 0.286712 0.364310 0.063200 0.033020
7 0.351856 0.584640 0.056763 0.025800
7 0.416675 0.134190 0.058700 0.028900
9 0.081456 0.148780 0.068187 0.043480
7 0.479881 0.235320 0.061263 0.037160
7 0.543737 0.464410 0.061275 0.039220
7 0.609525 0.498980 0.063850 0.036120
7 0.670469 0.309630 0.063212 0.039220
0 0.513288 0.933770 0.776200 0.089860
1 0.071637 0.509500 0.105525 0.794120
5 0.513319 0.504310 0.773688 0.773860
7 0.224206 0.795410 0.051062 0.028740
7 0.735938 0.472150 0.059975 0.034060
7 0.800756 0.494350 0.060637 0.033020
8 0.159119 0.926580 0.033112 0.039840
7 0.159575 0.782770 0.052400 0.033700
10 0.512169 0.959640 0.065388 0.030720
2 0.511069 0.092260 0.339038 0.042440
3 0.223619 0.181340 0.185062 0.100920
8 0.866287 0.922620 0.041725 0.034200
9 0.091519 0.816870 0.051163 0.059580
