7 0.288412 0.138810 0.061950 0.024900
7 0.352431 0.236060 0.055212 0.022800
7 0.415269 0.540160 0.052137 0.032680
7 0.478719 0.321720 0.057563 0.037840
7 0.542644 0.280020 0.061812 0.038680
7 0.608219 0.620570 0.048912 0.031820
8 0.863712 0.919740 0.042900 0.028320
8 0.799719 0.921920 0.045613 0.028320
8 0.737763 0.923550 0.040175 0.031580
8 0.674100 0.926820 0.032675 0.031600
8 0.606700 0.926270 0.038125 0.034860
8 0.545081 0.921920 0.030637 0.037040
8 0.479387 0.926270 0.032675 0.034860
8 0.418450 0.926270 0.041525 0.039220
8 0.350031 0.925730 0.036763 0.038140
8 0.289775 0.925730 0.041525 0.031580
8 0.223738 0.925730 0.037450 0.040300
8 0.158719 0.927370 0.034038 0.030500
5 0.512906 0.495170 0.776137 0.789540
1 0.075387 0.502850 0.099400 0.800660
0 0.512712 0.939220 0.776200 0.102560
7 0.289425 0.647690 0.057400 0.040260
7 0.348112 0.742630 0.061275 0.029940
7 0.414544 0.807640 0.052237 0.040240
9 0.090862 0.859970 0.052950 0.039220
9 0.088287 0.753160 0.046500 0.046440
9 0.088612 0.648420 0.049725 0.035080
9 0.083450 0.547330 0.060050 0.037260
9 0.085388 0.442590 0.057475 0.040340
9 0.087962 0.334180 0.058750 0.040240
9 0.083450 0.234090 0.058750 0.038180
9 0.084413 0.130370 0.065850 0.033020
7 0.673013 0.371170 0.057025 0.035260
7 0.737756 0.568970 0.048912 0.033540
7 0.799019 0.249070 0.061813 0.033540
7 0.858437 0.494150 0.068850 0.036980
7 0.672856 0.636850 0.052888 0.033020
7 0.608363 0.868010 0.058050 0.033020
7 0.546137 0.659040 0.050975 0.036120
7 0.482919 0.710640 0.056112 0.036120
7 0.163137 0.646970 0.054825 0.038180
7 0.224275 0.742120 0.050950 0.026840
2 0.513613 0.090430 0.344400 0.047260
3 0.223331 0.180580 0.184487 0.102440
10 0.512744 0.960400 0.065763 0.030400
11 0.039594 0.508230 0.021688 0.169020
7 0.862475 0.759140 0.051600 0.032000
7 0.801531 0.778240 0.049663 0.035080
7 0.739938 0.760170 0.051600 0.034060
7 0.160475 0.348850 0.058675 0.030100
7 0.219594 0.164310 0.064287 0.034420
