8 0.352131 0.922430 0.034087 0.028820
8 0.480969 0.923900 0.035513 0.034800
8 0.545031 0.924280 0.030312 0.034040
8 0.608856 0.929580 0.039763 0.035560
8 0.673862 0.927740 0.036475 0.037880
8 0.738644 0.924700 0.035512 0.030320
8 0.798219 0.926220 0.040237 0.033360
8 0.864406 0.923940 0.044013 0.033360
9 0.086350 0.430200 0.061975 0.044480
9 0.087644 0.525150 0.064562 0.042420
9 0.092156 0.616470 0.051663 0.045500
9 0.089900 0.709870 0.047150 0.046540
9 0.091513 0.812540 0.050375 0.049640
9 0.083125 0.241360 0.059400 0.042400
9 0.083769 0.145900 0.060688 0.039320
9 0.084419 0.333720 0.063263 0.043440
2 0.512281 0.090740 0.346087 0.039400
3 0.223813 0.182260 0.188125 0.105800
10 0.512456 0.959940 0.067088 0.029480
7 0.160131 0.706310 0.053187 0.028380
7 0.159675 0.571440 0.053225 0.036000
7 0.225275 0.682390 0.052050 0.028420
7 0.289100 0.646100 0.059925 0.026480
7 0.288312 0.710720 0.055200 0.029640
7 0.351356 0.744480 0.052838 0.036640
7 0.418162 0.648310 0.056425 0.033420
7 0.478756 0.870950 0.056737 0.030860
7 0.545144 0.601800 0.054462 0.029960
7 0.607550 0.787890 0.057875 0.033580
7 0.673931 0.745230 0.052187 0.037220
7 0.738894 0.616780 0.056163 0.025400
7 0.799319 0.751120 0.057863 0.032680
7 0.860588 0.686680 0.057875 0.036320
7 0.350131 0.379820 0.061337 0.032800
7 0.414469 0.129820 0.060662 0.029520
7 0.479825 0.580250 0.051125 0.028420
7 0.545525 0.492020 0.062700 0.039320
11 0.040337 0.507030 0.020950 0.166620
7 0.606119 0.218050 0.064062 0.031700
7 0.676244 0.202800 0.072237 0.036040
7 0.733094 0.299750 0.060662 0.031700
7 0.798456 0.378180 0.064737 0.033880
7 0.863131 0.536140 0.060662 0.033880
0 0.513756 0.943000 0.777338 0.098960
1 0.070656 0.509940 0.110363 0.808280
5 0.513312 0.503660 0.775325 0.769920
8 0.158594 0.925870 0.030737 0.036300
8 0.224237 0.923190 0.038350 0.030340
8 0.289719 0.922400 0.035037 0.025720
8 0.418794 0.924320 0.041662 0.035640
