7 0.673538 0.662200 0.055025 0.033560
7 0.799700 0.808330 0.055025 0.043460
7 0.861225 0.634950 0.062000 0.043460
7 0.480825 0.779840 0.051925 0.033560
7 0.416194 0.744550 0.052713 0.037260
7 0.351956 0.753840 0.063538 0.038520
7 0.223481 0.830000 0.054262 0.034800
7 0.287719 0.680150 0.065087 0.047180
11 0.039319 0.507480 0.026912 0.171400
8 0.865450 0.925410 0.042275 0.034860
8 0.800769 0.925950 0.043638 0.035940
8 0.735075 0.924310 0.036150 0.039220
8 0.673456 0.927040 0.039562 0.044680
8 0.606050 0.927040 0.035475 0.040320
8 0.545119 0.922140 0.032063 0.037040
8 0.479081 0.925400 0.037512 0.028320
8 0.418825 0.925950 0.039550 0.033780
8 0.355475 0.928230 0.043575 0.030500
8 0.288787 0.922680 0.040925 0.033760
8 0.223769 0.925400 0.037513 0.032680
8 0.159431 0.925950 0.034112 0.035940
5 0.512087 0.503660 0.777775 0.780400
1 0.071975 0.509390 0.104850 0.783220
0 0.513569 0.938760 0.776762 0.098040
7 0.161112 0.425290 0.059350 0.025100
7 0.224363 0.409370 0.060875 0.035900
7 0.287431 0.274110 0.058637 0.032900
9 0.084413 0.376540 0.059400 0.038280
9 0.090862 0.739740 0.056825 0.040240
7 0.414156 0.423410 0.062738 0.036500
7 0.350706 0.595700 0.053787 0.031120
9 0.086031 0.465810 0.058762 0.039300
9 0.091831 0.560230 0.054888 0.036220
9 0.092156 0.647380 0.052962 0.039200
9 0.090225 0.832620 0.050375 0.044360
9 0.085706 0.195440 0.060688 0.039320
9 0.085388 0.287230 0.060050 0.039220
2 0.511056 0.090430 0.344787 0.044740
3 0.223888 0.183100 0.184500 0.104880
10 0.511887 0.960090 0.069750 0.031020
7 0.480588 0.257090 0.060500 0.032300
7 0.543112 0.244840 0.060875 0.022160
7 0.606750 0.543440 0.054525 0.029320
7 0.670837 0.188820 0.063425 0.035360
7 0.737219 0.645890 0.049988 0.032780
7 0.799288 0.534530 0.055900 0.037060
7 0.866206 0.169470 0.058588 0.029340
7 0.157262 0.792170 0.058825 0.038380
7 0.545450 0.672720 0.055800 0.032320
7 0.607750 0.625050 0.055025 0.028620
7 0.735075 0.870920 0.055800 0.034680
