7 0.288538 0.489780 0.060025 0.031840
7 0.161488 0.124600 0.058600 0.028080
7 0.223275 0.258350 0.060125 0.034100
7 0.351562 0.475580 0.058475 0.031400
7 0.477844 0.491740 0.060338 0.035880
7 0.415631 0.647510 0.052263 0.022940
7 0.545175 0.202710 0.059125 0.034380
7 0.609406 0.217320 0.056438 0.029240
7 0.801550 0.261700 0.055900 0.037840
7 0.866319 0.651610 0.048912 0.027500
7 0.735819 0.662470 0.053812 0.029860
7 0.674687 0.623100 0.057125 0.035800
7 0.735569 0.756880 0.051638 0.038320
7 0.803837 0.690690 0.055675 0.035340
7 0.863719 0.863870 0.049137 0.026380
7 0.609094 0.790690 0.053313 0.036620
7 0.545937 0.717230 0.054200 0.035900
7 0.481887 0.830460 0.052400 0.035920
7 0.416719 0.825090 0.054638 0.035180
7 0.354906 0.800360 0.058238 0.031600
7 0.288619 0.659550 0.054638 0.036620
7 0.222556 0.764530 0.055088 0.033020
7 0.161187 0.827240 0.047925 0.033760
10 0.511788 0.960700 0.068800 0.029800
3 0.222862 0.182710 0.186225 0.106700
2 0.508888 0.089170 0.342025 0.044740
9 0.091838 0.837310 0.053600 0.041380
9 0.090225 0.737730 0.050375 0.036220
9 0.089581 0.638150 0.045213 0.035180
9 0.083450 0.546250 0.058750 0.037140
9 0.086031 0.446150 0.054888 0.039220
9 0.086031 0.345540 0.058762 0.042320
9 0.085706 0.250080 0.056813 0.037160
9 0.085413 0.153590 0.061275 0.031980
0 0.512431 0.936950 0.775637 0.096220
1 0.070275 0.497410 0.108250 0.796300
5 0.511681 0.496470 0.776962 0.794780
8 0.158713 0.924380 0.035175 0.035480
8 0.224531 0.923930 0.034038 0.034580
8 0.288637 0.923920 0.035175 0.032760
8 0.351900 0.925740 0.035750 0.032760
8 0.416863 0.927560 0.036300 0.036400
8 0.480119 0.924830 0.034612 0.032780
8 0.543950 0.923470 0.032900 0.039140
8 0.608063 0.926650 0.040850 0.040020
8 0.673025 0.925740 0.036875 0.034600
8 0.738837 0.925740 0.035750 0.038200
8 0.799544 0.925740 0.039137 0.030960
8 0.865075 0.923430 0.046525 0.033580
11 0.040338 0.508530 0.022425 0.168420
