8 0.735819 0.922570 0.035113 0.031580
8 0.867219 0.923190 0.036287 0.031580
8 0.800437 0.922880 0.038250 0.028440
8 0.674162 0.924780 0.037075 0.030960
8 0.609938 0.926630 0.037875 0.032140
9 0.083781 0.182830 0.063537 0.047180
9 0.082613 0.289950 0.058125 0.040980
9 0.087256 0.388400 0.067412 0.054600
9 0.086100 0.501090 0.058900 0.047180
9 0.092294 0.602010 0.048063 0.048420
9 0.093069 0.707890 0.051162 0.044700
9 0.088813 0.811910 0.059675 0.049660
5 0.513219 0.503660 0.778312 0.769920
8 0.544869 0.925370 0.026788 0.032780
8 0.479069 0.924200 0.031262 0.032760
8 0.415531 0.922840 0.038062 0.033680
8 0.352837 0.925100 0.036375 0.032760
8 0.289006 0.921920 0.036937 0.030040
8 0.222937 0.921930 0.035175 0.028220
7 0.799162 0.230650 0.069925 0.033540
8 0.159112 0.926010 0.032350 0.030940
2 0.510363 0.091880 0.342350 0.040160
3 0.223906 0.183320 0.187912 0.109760
7 0.673119 0.250860 0.064013 0.030960
7 0.608619 0.169180 0.062938 0.034400
7 0.544394 0.159720 0.060262 0.029240
7 0.478794 0.169250 0.059662 0.035260
7 0.418088 0.564710 0.060250 0.036220
7 0.352244 0.521760 0.056487 0.029240
7 0.287988 0.265440 0.065575 0.039640
7 0.224869 0.537190 0.052187 0.029340
7 0.157950 0.499790 0.053800 0.035340
7 0.864663 0.685000 0.047750 0.023200
7 0.864700 0.665350 0.049900 0.024540
7 0.802463 0.637430 0.054825 0.033540
7 0.738294 0.722630 0.053162 0.025740
7 0.738494 0.696560 0.051063 0.025720
7 0.670469 0.551610 0.056763 0.034060
7 0.606294 0.845720 0.053537 0.032000
7 0.543737 0.703830 0.054825 0.028900
7 0.479881 0.842110 0.058687 0.035100
7 0.417294 0.718280 0.050912 0.037160
7 0.351213 0.646040 0.058050 0.033040
7 0.286712 0.825600 0.055475 0.026840
7 0.224800 0.767300 0.051600 0.029920
7 0.159656 0.752850 0.055462 0.031980
11 0.039012 0.507330 0.027275 0.168420
0 0.513281 0.935140 0.773938 0.088960
1 0.070987 0.513260 0.112400 0.823640
10 0.512175 0.960550 0.064625 0.031940
