8 0.738244 0.924790 0.036363 0.030860
7 0.862906 0.844230 0.054163 0.029860
7 0.801212 0.574680 0.046675 0.036320
7 0.862894 0.271530 0.064413 0.032900
7 0.736287 0.484860 0.061275 0.030360
7 0.736188 0.815560 0.050800 0.034640
7 0.673169 0.619530 0.047362 0.025340
7 0.609181 0.643880 0.051138 0.027960
7 0.543538 0.677000 0.055075 0.031680
7 0.480200 0.780350 0.050750 0.035900
7 0.418425 0.686030 0.051875 0.035820
7 0.352731 0.864290 0.051137 0.028060
7 0.288738 0.767210 0.055275 0.032300
7 0.669344 0.266200 0.063113 0.031640
7 0.224337 0.815320 0.052625 0.024480
7 0.158275 0.808750 0.053375 0.037620
8 0.671006 0.924830 0.040338 0.041860
8 0.608031 0.926190 0.039213 0.037300
9 0.090544 0.721170 0.051013 0.040260
9 0.089900 0.826940 0.049725 0.047480
2 0.511425 0.093200 0.339000 0.037840
3 0.223344 0.182260 0.183762 0.105800
10 0.513506 0.959500 0.069562 0.031040
11 0.040813 0.510920 0.025425 0.177960
9 0.085381 0.432740 0.061338 0.047480
9 0.083775 0.333150 0.061975 0.048500
9 0.084419 0.230470 0.060688 0.049540
9 0.085062 0.527160 0.064550 0.036120
9 0.090225 0.626750 0.050375 0.039220
8 0.541650 0.919340 0.033525 0.038120
8 0.479237 0.923920 0.035800 0.030960
8 0.417119 0.924380 0.044312 0.039120
8 0.353150 0.922700 0.036875 0.035400
8 0.288044 0.924830 0.041463 0.032780
8 0.222800 0.921150 0.032400 0.030860
8 0.160100 0.928010 0.037500 0.037300
1 0.070312 0.510480 0.111050 0.805000
0 0.513000 0.936500 0.773375 0.089880
9 0.085706 0.139660 0.063263 0.045400
5 0.513981 0.501170 0.776963 0.783020
7 0.607006 0.339050 0.058638 0.029260
7 0.478244 0.265840 0.059713 0.033840
7 0.416969 0.148640 0.060337 0.028360
7 0.283744 0.241150 0.069838 0.035300
7 0.354638 0.645540 0.052850 0.041560
7 0.226131 0.681150 0.061362 0.039420
7 0.158669 0.129020 0.058263 0.031640
7 0.800588 0.628680 0.047925 0.023880
8 0.863912 0.924330 0.041475 0.037220
8 0.798100 0.922560 0.035800 0.039120
