7 0.735662 0.293450 0.064675 0.032700
9 0.088931 0.740260 0.049088 0.035080
9 0.089250 0.841440 0.053600 0.047560
7 0.799200 0.197260 0.064675 0.030960
9 0.089575 0.638610 0.059400 0.044380
7 0.672119 0.133250 0.068087 0.035500
11 0.038100 0.507030 0.027650 0.166620
10 0.513500 0.959030 0.066150 0.028260
9 0.085381 0.544180 0.054888 0.041280
9 0.085706 0.147920 0.064562 0.047480
9 0.083450 0.246990 0.060050 0.039220
9 0.086994 0.340890 0.058113 0.043340
9 0.084744 0.442540 0.057462 0.040240
7 0.158406 0.721700 0.060663 0.032680
7 0.223087 0.770720 0.055225 0.026160
7 0.288450 0.803950 0.053850 0.029420
7 0.287425 0.606230 0.057250 0.034860
7 0.158750 0.301770 0.061350 0.033780
7 0.224450 0.277800 0.063375 0.027240
7 0.351081 0.361140 0.066113 0.032680
7 0.416444 0.128560 0.068837 0.029400
7 0.478738 0.517450 0.062700 0.033780
7 0.543812 0.596280 0.053350 0.023640
7 0.544219 0.615580 0.047613 0.024080
7 0.608381 0.555160 0.050613 0.024960
7 0.351556 0.667470 0.053337 0.029140
7 0.417369 0.706520 0.054462 0.036400
7 0.481469 0.866280 0.053312 0.034600
0 0.512719 0.935130 0.775063 0.090780
1 0.069969 0.512110 0.114437 0.814820
5 0.513312 0.503000 0.775325 0.771240
8 0.158994 0.926560 0.032662 0.034040
8 0.223525 0.922020 0.036925 0.034040
8 0.288544 0.923530 0.039288 0.031020
8 0.353550 0.925040 0.038825 0.032520
8 0.415962 0.925840 0.042600 0.034120
8 0.479550 0.924700 0.036450 0.033360
8 0.543850 0.925080 0.030775 0.037160
8 0.607206 0.924670 0.043062 0.037820
8 0.672212 0.926970 0.037875 0.034860
8 0.736275 0.924700 0.036450 0.031840
8 0.799638 0.925460 0.042125 0.030320
8 0.863463 0.922780 0.045900 0.034040
7 0.607438 0.828150 0.054475 0.038220
7 0.672681 0.763250 0.056737 0.031860
7 0.736506 0.705600 0.052762 0.030960
7 0.799487 0.758260 0.053900 0.040040
7 0.864169 0.801380 0.052763 0.033680
7 0.861613 0.632530 0.054475 0.026420
2 0.511806 0.093010 0.342313 0.040940
3 0.222863 0.181040 0.184325 0.103360
