2 0.510831 0.094900 0.345188 0.041680
8 0.222488 0.921560 0.035750 0.033680
8 0.287731 0.922920 0.036887 0.030960
8 0.352975 0.926110 0.033475 0.026420
8 0.415388 0.925200 0.047100 0.033680
8 0.480063 0.922930 0.033475 0.034580
8 0.546162 0.923830 0.029500 0.032780
8 0.609706 0.925190 0.038588 0.035500
8 0.673844 0.926100 0.038637 0.037320
8 0.739350 0.921110 0.035750 0.030940
8 0.802319 0.922920 0.043688 0.030960
8 0.863881 0.924750 0.038588 0.029140
7 0.159975 0.553160 0.056500 0.037160
7 0.157650 0.603320 0.054950 0.028480
7 0.225763 0.613220 0.054950 0.028480
7 0.221894 0.701140 0.058037 0.030960
7 0.282650 0.821880 0.057275 0.029720
7 0.352306 0.604620 0.055737 0.033560
7 0.349600 0.558800 0.058050 0.031080
7 0.416550 0.764360 0.055725 0.033560
7 0.480400 0.644860 0.054950 0.032320
7 0.543863 0.672660 0.053400 0.030960
7 0.605781 0.855940 0.058037 0.030960
7 0.672338 0.638610 0.058050 0.034660
7 0.733100 0.578550 0.058825 0.029740
7 0.803169 0.506100 0.051912 0.027240
7 0.798500 0.610740 0.058050 0.030960
7 0.863500 0.683870 0.051625 0.026860
7 0.864519 0.714110 0.053187 0.025420
7 0.287600 0.252060 0.061925 0.036040
7 0.414144 0.403760 0.067338 0.032320
7 0.478388 0.170330 0.071975 0.036020
11 0.039594 0.507330 0.025413 0.168420
7 0.544556 0.340600 0.063462 0.039760
7 0.606481 0.437190 0.066562 0.042220
7 0.672656 0.157940 0.065788 0.036040
7 0.735344 0.202520 0.067338 0.033560
8 0.157694 0.924520 0.034038 0.029960
0 0.511869 0.932410 0.775637 0.087140
1 0.068269 0.502960 0.115138 0.818080
5 0.511688 0.503660 0.775325 0.769920
3 0.223238 0.184990 0.188475 0.110060
10 0.513031 0.959500 0.070512 0.032880
9 0.081844 0.168590 0.061212 0.043460
9 0.084163 0.262710 0.059675 0.031100
9 0.085325 0.357440 0.060450 0.039760
9 0.085712 0.445990 0.059675 0.040980
9 0.091131 0.538860 0.050388 0.043480
9 0.091125 0.634210 0.058125 0.048420
9 0.089581 0.728950 0.051937 0.042220
9 0.091519 0.818110 0.052712 0.039740
