7 0.864456 0.782370 0.053788 0.026580
7 0.801750 0.766250 0.051100 0.030180
7 0.738825 0.864430 0.053350 0.030180
7 0.671194 0.670220 0.055138 0.024440
7 0.608256 0.681290 0.053788 0.027940
7 0.544881 0.707090 0.051562 0.027940
7 0.479262 0.711430 0.052900 0.025140
7 0.416112 0.750120 0.052000 0.030880
7 0.352062 0.789860 0.052900 0.027240
7 0.288463 0.786670 0.052900 0.029460
7 0.224856 0.724330 0.053788 0.029460
7 0.223519 0.654510 0.051037 0.027380
8 0.675238 0.924740 0.039150 0.038200
7 0.160219 0.662970 0.053838 0.028380
7 0.159306 0.565920 0.050387 0.024880
3 0.223044 0.181190 0.185063 0.108540
10 0.513406 0.959180 0.069363 0.033440
8 0.607725 0.924740 0.036875 0.034600
8 0.544200 0.923840 0.030125 0.030960
8 0.479494 0.923840 0.032337 0.030960
8 0.416525 0.925200 0.039150 0.033680
8 0.352437 0.925190 0.039200 0.037300
8 0.288013 0.921570 0.038575 0.031860
8 0.223338 0.921110 0.031775 0.030940
8 0.158375 0.922930 0.032350 0.032780
7 0.543563 0.395670 0.064950 0.028740
2 0.512256 0.093010 0.341413 0.037900
9 0.088813 0.834830 0.056575 0.048420
0 0.513288 0.935590 0.772800 0.091700
1 0.069969 0.499160 0.110363 0.812640
7 0.480719 0.511170 0.064937 0.030820
7 0.735487 0.177820 0.058225 0.030160
7 0.800650 0.674450 0.052400 0.028740
9 0.089581 0.738850 0.055038 0.042220
9 0.089969 0.637310 0.054263 0.042220
9 0.084550 0.540100 0.062000 0.043480
9 0.089194 0.441650 0.061988 0.039740
9 0.088031 0.342580 0.064313 0.032320
9 0.083394 0.242270 0.067413 0.047180
7 0.863356 0.679470 0.050612 0.030180
7 0.417437 0.158340 0.064075 0.031360
9 0.083775 0.142590 0.060450 0.043460
5 0.513200 0.505620 0.772875 0.773840
7 0.352581 0.164560 0.058787 0.027880
8 0.864450 0.922470 0.041975 0.037300
11 0.039781 0.507340 0.025787 0.169600
7 0.287106 0.192670 0.062212 0.025380
8 0.800056 0.923830 0.038012 0.029140
8 0.736794 0.923830 0.035187 0.032780
7 0.670763 0.625000 0.052400 0.027320
7 0.607387 0.521440 0.060025 0.023720
