8 0.351219 0.925240 0.033438 0.032800
8 0.289944 0.925240 0.037513 0.041520
7 0.800513 0.813950 0.048900 0.025900
8 0.225269 0.920340 0.040237 0.036040
8 0.160931 0.923600 0.040913 0.038240
8 0.865250 0.925240 0.036150 0.032800
8 0.607894 0.927420 0.040237 0.037160
11 0.039587 0.509120 0.023175 0.179160
7 0.866112 0.764460 0.050075 0.030320
7 0.162225 0.621050 0.054550 0.025060
7 0.224519 0.764300 0.052488 0.032680
5 0.514956 0.505620 0.774513 0.771240
8 0.736569 0.928510 0.034787 0.037140
7 0.158481 0.542620 0.052487 0.038120
8 0.543894 0.920340 0.033438 0.040400
7 0.223500 0.364510 0.065425 0.030500
7 0.287944 0.569970 0.051988 0.026620
8 0.799200 0.926330 0.038875 0.034980
9 0.084163 0.140730 0.062775 0.047180
7 0.288081 0.588210 0.050613 0.021900
7 0.350631 0.712610 0.055162 0.030900
7 0.351631 0.662690 0.049288 0.024580
2 0.511331 0.094150 0.350812 0.035620
3 0.223338 0.181650 0.185275 0.102140
10 0.513169 0.957720 0.065737 0.034360
9 0.082619 0.237950 0.067413 0.048420
9 0.082231 0.330810 0.069738 0.048420
9 0.085325 0.428030 0.057350 0.044700
8 0.671206 0.925240 0.040237 0.039320
9 0.085712 0.522140 0.058125 0.039760
9 0.089969 0.616870 0.044962 0.045940
9 0.087263 0.709130 0.056575 0.047180
0 0.511869 0.936050 0.776763 0.090780
7 0.415850 0.616360 0.051650 0.031520
7 0.416838 0.727930 0.050475 0.030260
7 0.478937 0.228100 0.058450 0.027840
1 0.068950 0.504600 0.113775 0.810440
7 0.543637 0.242180 0.062750 0.028880
7 0.607500 0.333060 0.061100 0.027840
7 0.672506 0.186490 0.064387 0.028900
7 0.736369 0.436000 0.060113 0.028960
7 0.801050 0.128410 0.058150 0.028420
7 0.863269 0.210890 0.062413 0.031580
7 0.481175 0.826880 0.050075 0.030320
7 0.543431 0.828140 0.054013 0.027800
7 0.608437 0.852410 0.051650 0.023380
7 0.671875 0.752480 0.052450 0.025280
7 0.739250 0.671480 0.053225 0.024640
9 0.088813 0.806350 0.055025 0.053380
8 0.478194 0.919250 0.035463 0.038220
8 0.416925 0.923070 0.047725 0.050220
