8 0.286406 0.925400 0.040237 0.037040
8 0.222750 0.924860 0.035475 0.040320
8 0.160794 0.927580 0.034113 0.032680
1 0.071300 0.516470 0.110300 0.827900
0 0.513288 0.937860 0.776200 0.092600
2 0.514600 0.092000 0.344000 0.041600
7 0.222938 0.394690 0.060125 0.035300
7 0.162231 0.592800 0.052637 0.031640
5 0.511363 0.504400 0.777775 0.771200
11 0.041081 0.510020 0.020938 0.173800
8 0.864769 0.924860 0.036837 0.033760
3 0.223625 0.182560 0.190400 0.108240
7 0.157762 0.752670 0.057375 0.033700
7 0.225394 0.861960 0.055587 0.040120
7 0.288106 0.718630 0.050212 0.027220
7 0.350812 0.744070 0.052000 0.029380
7 0.480919 0.796030 0.048862 0.022940
7 0.546544 0.697850 0.049312 0.028660
7 0.609694 0.668460 0.051112 0.025800
8 0.801450 0.923230 0.038200 0.034860
10 0.514075 0.960700 0.068800 0.030400
8 0.739494 0.922140 0.040913 0.032680
8 0.674137 0.925400 0.040925 0.037040
8 0.608094 0.925400 0.036837 0.037040
9 0.083450 0.214530 0.061325 0.042420
9 0.086031 0.313080 0.058762 0.041400
7 0.671950 0.724360 0.047525 0.025800
7 0.736225 0.820750 0.052450 0.030820
7 0.801837 0.773460 0.052000 0.026520
7 0.864675 0.740150 0.051075 0.048300
7 0.864706 0.165450 0.058263 0.030460
7 0.801662 0.444250 0.062000 0.029340
7 0.738581 0.606100 0.053038 0.038880
7 0.670831 0.371390 0.058637 0.044860
7 0.544494 0.326310 0.058262 0.032300
7 0.480294 0.626990 0.050787 0.034100
7 0.415162 0.341540 0.062375 0.038880
7 0.415719 0.624610 0.052287 0.035300
7 0.353762 0.634460 0.050050 0.031120
7 0.288631 0.410800 0.056388 0.037680
9 0.086350 0.413690 0.059400 0.036220
9 0.086675 0.514260 0.061325 0.039200
9 0.091506 0.617460 0.051663 0.045400
9 0.089250 0.715500 0.047150 0.041280
9 0.090225 0.820230 0.050375 0.038180
8 0.542400 0.922130 0.033425 0.039220
8 0.477719 0.924310 0.033438 0.034860
8 0.416106 0.925950 0.040913 0.042500
8 0.353125 0.925400 0.038875 0.037040
