7 0.417300 0.804590 0.053300 0.038060
8 0.158656 0.926100 0.034037 0.033680
8 0.225069 0.924740 0.035237 0.030960
8 0.288019 0.924740 0.039713 0.034600
8 0.353000 0.923840 0.035800 0.036400
8 0.416262 0.924740 0.043175 0.034600
8 0.477513 0.922470 0.029500 0.035500
8 0.542475 0.922020 0.026675 0.034600
8 0.606900 0.924740 0.037500 0.034600
8 0.673563 0.923380 0.036925 0.033680
8 0.737394 0.922470 0.035237 0.031860
8 0.800650 0.922470 0.039200 0.031860
8 0.864194 0.922020 0.040337 0.030960
11 0.039219 0.507040 0.029887 0.170200
0 0.514138 0.937860 0.774500 0.099840
1 0.071981 0.508410 0.106213 0.802820
5 0.512913 0.502350 0.777775 0.772540
2 0.515325 0.091120 0.348500 0.043200
3 0.224200 0.183160 0.185850 0.106400
10 0.512456 0.958870 0.064812 0.031620
7 0.159131 0.824690 0.057787 0.035820
7 0.287856 0.820720 0.054187 0.031600
7 0.350781 0.674160 0.060913 0.035200
7 0.477988 0.843650 0.051050 0.028740
7 0.544725 0.756940 0.051050 0.031600
7 0.608750 0.738660 0.053800 0.029440
7 0.671925 0.641560 0.052850 0.030160
7 0.737075 0.679900 0.053350 0.033760
7 0.800250 0.693510 0.056875 0.025140
7 0.862956 0.612530 0.057788 0.029460
7 0.862731 0.455590 0.062712 0.039500
7 0.802262 0.396100 0.058225 0.032320
7 0.737319 0.407220 0.066287 0.034480
7 0.670137 0.527250 0.057325 0.033740
7 0.607656 0.459890 0.062262 0.026580
7 0.542488 0.438750 0.060025 0.021580
7 0.478413 0.274990 0.060950 0.029460
7 0.414612 0.393950 0.066725 0.028020
7 0.352781 0.166420 0.058712 0.031600
7 0.286875 0.221900 0.057750 0.024200
7 0.160456 0.242640 0.059613 0.025080
7 0.225469 0.581400 0.053787 0.025960
7 0.225063 0.600500 0.048125 0.020200
9 0.083775 0.201410 0.060450 0.039740
9 0.087650 0.300480 0.063550 0.039760
9 0.088031 0.403260 0.064313 0.052120
9 0.084550 0.507900 0.062000 0.043480
9 0.090744 0.612540 0.048062 0.042240
9 0.091519 0.706660 0.054263 0.039760
9 0.091131 0.808210 0.055038 0.049660
