9 0.067265 0.852370 0.011350 0.031060
9 0.052035 0.697990 0.041210 0.036420
0 0.534555 0.922810 0.904510 0.114060
1 0.046010 0.468070 0.074820 0.814220
2 0.530950 0.047350 0.482840 0.047820
3 0.930530 0.134380 0.108420 0.126320
7 0.707580 0.830000 0.027360 0.027120
7 0.767520 0.713100 0.020040 0.029040
7 0.826500 0.764730 0.023040 0.027580
7 0.885480 0.775640 0.021240 0.034080
7 0.943440 0.844800 0.026160 0.024960
7 0.945445 0.295670 0.029550 0.035460
7 0.884445 0.246150 0.033490 0.028900
7 0.825285 0.538620 0.033490 0.032840
7 0.767170 0.639080 0.039400 0.031520
7 0.648650 0.602970 0.038740 0.027580
7 0.709715 0.128880 0.030870 0.043320
7 0.591850 0.388910 0.032840 0.045980
7 0.532425 0.622010 0.033490 0.036780
7 0.474965 0.151870 0.032830 0.042020
7 0.415540 0.280570 0.042680 0.034140
7 0.357760 0.613470 0.042680 0.043340
7 0.297680 0.448660 0.035460 0.036760
7 0.239565 0.439470 0.040050 0.036780
7 0.180795 0.084890 0.036770 0.034140
7 0.121700 0.433560 0.031520 0.035440
9 0.054280 0.543620 0.038520 0.041800
9 0.054580 0.392220 0.038520 0.042400
10 0.532555 0.954440 0.049390 0.043800
11 0.021665 0.473350 0.020670 0.352340
8 0.886085 0.912840 0.024950 0.050040
8 0.767890 0.911590 0.027580 0.047260
8 0.648715 0.909620 0.028230 0.048600
8 0.531505 0.902400 0.026270 0.047280
8 0.414625 0.903640 0.026270 0.042160
8 0.297745 0.903640 0.028890 0.039520
8 0.183160 0.904950 0.024300 0.036900
7 0.532980 0.684920 0.027600 0.026400
7 0.473880 0.786320 0.021960 0.029520
7 0.414120 0.837200 0.024840 0.029040
7 0.355200 0.694760 0.033960 0.026400
7 0.297660 0.843560 0.030000 0.023520
7 0.236280 0.676880 0.036840 0.032880
7 0.181200 0.728840 0.021960 0.028320
7 0.591420 0.718530 0.023520 0.028820
5 0.525865 0.494670 0.908770 0.803940
7 0.648000 0.683730 0.032760 0.024500
9 0.053980 0.236960 0.039120 0.035240
9 0.054160 0.085320 0.038520 0.035840
7 0.123180 0.715800 0.023640 0.026640
