7 0.589215 0.666870 0.035870 0.034420
9 0.051290 0.148800 0.038740 0.032680
9 0.053010 0.239530 0.037880 0.038700
9 0.054300 0.327240 0.037880 0.043840
9 0.054535 0.415390 0.040930 0.034380
9 0.053885 0.502650 0.039630 0.035300
9 0.054300 0.592540 0.034440 0.041280
9 0.052580 0.680690 0.039600 0.049020
9 0.055375 0.767970 0.030570 0.036100
9 0.066550 0.858260 0.015100 0.029240
7 0.120765 0.764910 0.021770 0.026940
7 0.180505 0.721400 0.023430 0.022400
7 0.240640 0.780290 0.023020 0.024060
7 0.297250 0.633900 0.029660 0.024040
7 0.357385 0.704820 0.018870 0.024880
7 0.414305 0.684080 0.034830 0.030680
7 0.474960 0.830680 0.023840 0.029440
7 0.533540 0.826540 0.023640 0.030280
7 0.650490 0.815960 0.019080 0.031520
7 0.708445 0.748980 0.022190 0.036920
7 0.766820 0.776150 0.025300 0.038980
7 0.825190 0.680340 0.029660 0.031520
5 0.530355 0.470980 0.908770 0.787600
3 0.929605 0.808660 0.109030 0.122600
2 0.532445 0.048840 0.474470 0.048440
1 0.045495 0.472710 0.072750 0.817300
0 0.533850 0.926580 0.904980 0.121600
8 0.767565 0.905680 0.030870 0.048600
8 0.653965 0.905680 0.036110 0.051200
7 0.767500 0.224750 0.036120 0.043340
7 0.823970 0.450630 0.040060 0.038100
7 0.883725 0.463760 0.033490 0.030200
7 0.942495 0.138730 0.032830 0.031500
8 0.529535 0.899770 0.027570 0.042020
8 0.411670 0.905030 0.020360 0.042020
8 0.298070 0.901740 0.020360 0.040720
8 0.178235 0.903710 0.018390 0.042020
7 0.709715 0.469680 0.033490 0.031520
7 0.649960 0.411890 0.032180 0.042020
7 0.590210 0.413210 0.032180 0.034140
7 0.531440 0.608220 0.039400 0.038080
7 0.472670 0.474270 0.040060 0.038100
7 0.413900 0.325870 0.035460 0.032820
7 0.354150 0.146610 0.038080 0.028900
7 0.295710 0.354110 0.039400 0.044660
7 0.239565 0.633830 0.033490 0.026260
7 0.181780 0.084230 0.030860 0.035460
7 0.121370 0.346220 0.036120 0.039400
10 0.533190 0.951250 0.048620 0.048100
11 0.021445 0.472690 0.020670 0.348380
8 0.883130 0.908960 0.028240 0.047280
