7 0.826270 0.521550 0.027580 0.030220
7 0.766515 0.503820 0.032830 0.036760
7 0.713000 0.409920 0.034800 0.032840
7 0.648650 0.385630 0.040060 0.028900
7 0.118745 0.156460 0.032170 0.030200
7 0.180465 0.216220 0.037430 0.031520
7 0.238250 0.302230 0.032180 0.035460
7 0.296365 0.086200 0.030210 0.036760
7 0.356115 0.334410 0.032830 0.034140
7 0.418495 0.360020 0.032830 0.030200
7 0.472670 0.673890 0.032180 0.035460
7 0.532095 0.230010 0.032830 0.035460
7 0.591195 0.549790 0.032830 0.026260
10 0.532045 0.956470 0.048630 0.043780
11 0.020675 0.472910 0.023530 0.355860
9 0.053370 0.227140 0.044720 0.051600
9 0.054445 0.383660 0.038270 0.048160
8 0.883770 0.908240 0.024260 0.035600
8 0.767240 0.908900 0.027580 0.039520
8 0.652650 0.911520 0.022980 0.039520
8 0.530845 0.902390 0.021010 0.034140
8 0.414295 0.902330 0.020350 0.031660
8 0.296430 0.902990 0.022320 0.030340
8 0.177250 0.906270 0.024300 0.036900
7 0.942820 0.637770 0.033480 0.036780
7 0.884380 0.224100 0.029540 0.023640
7 0.827100 0.744710 0.026540 0.033180
7 0.883705 0.678150 0.030270 0.029460
7 0.943985 0.803680 0.026750 0.025720
7 0.768520 0.765450 0.026340 0.037340
7 0.708595 0.775410 0.026750 0.026540
7 0.649905 0.698260 0.031730 0.030680
7 0.590810 0.647260 0.033800 0.028200
7 0.531195 0.678570 0.030270 0.031940
7 0.473855 0.698270 0.026750 0.023220
7 0.414240 0.843210 0.026960 0.026940
7 0.356080 0.783280 0.026340 0.025720
7 0.296050 0.665920 0.036500 0.029040
7 0.238610 0.683330 0.034000 0.026540
7 0.181065 0.710300 0.030070 0.028200
7 0.121495 0.780250 0.024050 0.034420
9 0.065840 0.866100 0.018060 0.036120
9 0.052080 0.708290 0.041280 0.043860
9 0.054445 0.547470 0.037410 0.052460
5 0.535180 0.470240 0.905060 0.795000
3 0.924960 0.138100 0.119560 0.118880
2 0.533640 0.045560 0.481040 0.053800
1 0.045755 0.479430 0.073270 0.838980
0 0.534080 0.924700 0.902620 0.119720
