9 0.051930 0.710430 0.037880 0.042140
7 0.649635 0.486090 0.038090 0.035460
7 0.591190 0.589180 0.035460 0.034160
7 0.531440 0.420430 0.035460 0.035460
7 0.473065 0.744540 0.028890 0.030200
7 0.413575 0.733640 0.032170 0.026280
7 0.354480 0.211620 0.030860 0.032840
7 0.295050 0.342940 0.036780 0.032840
7 0.239240 0.503160 0.031520 0.032840
7 0.178500 0.728390 0.032180 0.028900
7 0.119070 0.134130 0.038080 0.032820
8 0.531505 0.905610 0.027570 0.046100
8 0.652650 0.908900 0.022980 0.039520
9 0.053200 0.556080 0.038700 0.036120
9 0.052985 0.398270 0.039990 0.036980
11 0.021115 0.473130 0.019570 0.352780
10 0.532615 0.952010 0.045190 0.044540
8 0.766910 0.910860 0.022980 0.040840
8 0.885430 0.907590 0.027580 0.044780
9 0.053845 0.244330 0.037410 0.036980
9 0.053865 0.083530 0.040030 0.036980
3 0.929605 0.803710 0.111510 0.105260
2 0.531670 0.047800 0.481040 0.047760
7 0.765200 0.469020 0.035460 0.038080
7 0.710045 0.571450 0.038090 0.030220
7 0.827580 0.356730 0.031520 0.036780
7 0.883725 0.086850 0.040050 0.035460
7 0.941835 0.417140 0.034150 0.031520
7 0.884300 0.735070 0.021920 0.022380
5 0.532580 0.470240 0.910260 0.798000
7 0.825325 0.704970 0.025410 0.030860
7 0.767600 0.826640 0.022420 0.027360
7 0.709745 0.657930 0.030630 0.025380
7 0.650395 0.810210 0.023410 0.025380
7 0.591795 0.800510 0.022170 0.027860
1 0.047820 0.474780 0.072240 0.831760
0 0.534555 0.919030 0.907330 0.112180
8 0.180205 0.904300 0.022330 0.038200
8 0.298075 0.902990 0.021670 0.043460
8 0.413970 0.902990 0.019700 0.038220
7 0.534190 0.687300 0.032380 0.038320
7 0.474970 0.728350 0.021420 0.019900
7 0.415500 0.656690 0.029880 0.030860
7 0.356900 0.663400 0.027640 0.030360
7 0.299420 0.844800 0.024660 0.025880
7 0.239820 0.829880 0.025900 0.022880
7 0.180850 0.794540 0.024900 0.025880
7 0.122485 0.793150 0.022390 0.024380
9 0.065885 0.867380 0.017630 0.039560
