7 0.179865 0.655210 0.032550 0.029860
9 0.067245 0.855550 0.014430 0.033340
9 0.052315 0.701030 0.040810 0.043780
9 0.054305 0.556950 0.039810 0.043300
8 0.650025 0.908900 0.024290 0.042160
8 0.766910 0.912180 0.026920 0.043480
8 0.885430 0.912910 0.022320 0.042020
7 0.947085 0.415830 0.032830 0.031500
7 0.884710 0.285160 0.030200 0.035440
7 0.825610 0.464420 0.034140 0.034160
7 0.767500 0.260860 0.034800 0.039400
7 0.709060 0.121000 0.034800 0.038080
7 0.651605 0.518270 0.038090 0.034140
7 0.588895 0.456540 0.037430 0.031520
11 0.021005 0.475990 0.021990 0.364660
7 0.530125 0.351480 0.032830 0.044640
7 0.475295 0.146610 0.037430 0.036780
7 0.415215 0.248390 0.040710 0.038100
7 0.354805 0.084890 0.035450 0.036780
7 0.297995 0.645660 0.028210 0.031520
7 0.239895 0.402700 0.034150 0.028880
7 0.179815 0.113780 0.033490 0.042040
7 0.120385 0.278590 0.036770 0.035460
8 0.532160 0.902990 0.022320 0.030340
7 0.944090 0.688060 0.028400 0.024480
5 0.533065 0.480230 0.913230 0.795020
0 0.533615 0.923750 0.906390 0.112180
1 0.044720 0.470130 0.074300 0.814220
2 0.531395 0.045260 0.478350 0.054400
3 0.136755 0.812370 0.112130 0.112700
8 0.177905 0.904370 0.017730 0.035460
9 0.054745 0.096370 0.039730 0.038180
9 0.054675 0.248700 0.038570 0.037320
9 0.053685 0.403430 0.038070 0.041820
8 0.299060 0.902330 0.023640 0.031660
8 0.413640 0.901030 0.020360 0.036860
10 0.533510 0.951250 0.045700 0.044540
7 0.884995 0.666290 0.034630 0.033180
7 0.825795 0.761890 0.036910 0.034420
7 0.768870 0.706230 0.029440 0.030700
7 0.708320 0.662890 0.028620 0.031100
7 0.650055 0.706310 0.032550 0.023620
7 0.594375 0.734510 0.029450 0.035260
7 0.531860 0.648670 0.032140 0.025300
7 0.474105 0.846690 0.021150 0.025700
7 0.416875 0.794640 0.027370 0.026120
7 0.359235 0.673340 0.043130 0.045600
7 0.238340 0.735130 0.026960 0.029020
