11 0.022545 0.474450 0.018470 0.354540
7 0.298260 0.825880 0.023640 0.026160
7 0.356695 0.779560 0.023650 0.029040
7 0.416935 0.840520 0.023410 0.025680
7 0.474595 0.701920 0.032170 0.025440
7 0.530910 0.845200 0.019900 0.026600
7 0.650550 0.640700 0.034300 0.041400
7 0.708560 0.731300 0.027000 0.027600
7 0.765310 0.660200 0.035700 0.028600
7 0.824160 0.693400 0.029800 0.036200
7 0.885760 0.832700 0.027800 0.027600
7 0.942310 0.638500 0.034700 0.037200
10 0.533635 0.952660 0.046970 0.043800
7 0.239395 0.825160 0.022810 0.026160
7 0.182650 0.645880 0.027360 0.036280
7 0.122160 0.743860 0.021600 0.019880
9 0.066995 0.854360 0.013430 0.029360
9 0.053415 0.703730 0.036550 0.040420
8 0.179875 0.905020 0.020350 0.044640
8 0.299710 0.901740 0.019700 0.040720
8 0.413310 0.903050 0.026260 0.035460
8 0.531505 0.904370 0.028890 0.035460
8 0.649370 0.906330 0.026920 0.049900
8 0.767895 0.910280 0.028890 0.055160
8 0.884775 0.905030 0.024950 0.049900
9 0.054920 0.556670 0.037840 0.043860
9 0.055565 0.407480 0.039990 0.039560
9 0.053415 0.254400 0.041710 0.041280
9 0.052750 0.106050 0.037020 0.038700
0 0.533615 0.921860 0.907330 0.108400
1 0.046015 0.471170 0.073790 0.812140
2 0.531395 0.047650 0.480150 0.052020
3 0.134895 0.805570 0.118330 0.106500
5 0.532955 0.473210 0.905050 0.797980
7 0.945115 0.166970 0.036770 0.035460
7 0.886350 0.685050 0.030860 0.026260
7 0.828565 0.415170 0.036110 0.035460
7 0.767175 0.448010 0.036770 0.035460
7 0.709390 0.219490 0.035460 0.035460
7 0.650620 0.360670 0.038740 0.052540
7 0.593490 0.712620 0.036120 0.031520
7 0.534720 0.448660 0.039400 0.042040
7 0.472995 0.732990 0.032830 0.027580
7 0.414230 0.483460 0.042680 0.038080
7 0.355790 0.276620 0.042680 0.039400
7 0.297680 0.091450 0.035460 0.026260
7 0.237925 0.087510 0.034150 0.034140
7 0.179810 0.420430 0.040060 0.032820
7 0.122025 0.576050 0.036110 0.042020
