7 0.827580 0.082260 0.031520 0.028880
7 0.886350 0.545180 0.034800 0.030200
7 0.593820 0.726410 0.032840 0.035460
7 0.825500 0.711300 0.031600 0.033400
7 0.650945 0.462450 0.042030 0.032820
7 0.941505 0.237880 0.032170 0.040720
8 0.882805 0.908960 0.028890 0.044640
10 0.532875 0.953550 0.047230 0.051700
7 0.944650 0.763100 0.026500 0.030600
7 0.884450 0.743600 0.032700 0.032400
8 0.180205 0.904370 0.022330 0.043340
7 0.122030 0.279900 0.038740 0.038080
7 0.181455 0.316020 0.040710 0.026280
7 0.237595 0.488720 0.037430 0.030200
7 0.296365 0.340320 0.034150 0.038080
7 0.355790 0.365920 0.032180 0.031520
7 0.412585 0.557660 0.036770 0.031520
7 0.473325 0.272680 0.036110 0.044640
7 0.532095 0.352140 0.038090 0.030200
7 0.767900 0.808500 0.024400 0.029000
7 0.710350 0.789100 0.023500 0.030600
8 0.296100 0.903050 0.019040 0.032820
7 0.652080 0.785640 0.024240 0.031920
7 0.592250 0.689200 0.031700 0.030000
7 0.533750 0.774100 0.025500 0.028600
7 0.474250 0.844000 0.025900 0.032400
7 0.414050 0.714500 0.031500 0.029400
7 0.356500 0.677900 0.031600 0.032200
7 0.298200 0.738100 0.029400 0.026200
7 0.239340 0.785160 0.025800 0.024720
7 0.181040 0.700600 0.033560 0.029080
7 0.121800 0.753220 0.027800 0.030520
9 0.051290 0.735730 0.039600 0.043860
9 0.054730 0.579640 0.042180 0.044720
8 0.650685 0.906340 0.025610 0.039400
8 0.414295 0.902400 0.021670 0.036760
8 0.529535 0.901090 0.018390 0.042020
11 0.021345 0.473350 0.019590 0.352340
9 0.053010 0.102360 0.040460 0.043000
9 0.053440 0.262750 0.039600 0.028380
9 0.052150 0.421830 0.036160 0.042140
8 0.767565 0.908310 0.028230 0.040700
0 0.533615 0.928470 0.906390 0.125380
1 0.046530 0.469110 0.069660 0.808020
2 0.533640 0.045860 0.481040 0.053200
3 0.137680 0.135000 0.109040 0.122600
5 0.532955 0.468010 0.906550 0.784620
7 0.707090 0.666010 0.038740 0.040700
7 0.765205 0.473620 0.040710 0.031520
