8 0.414955 0.901740 0.029550 0.032840
8 0.180860 0.902400 0.018380 0.031520
7 0.827100 0.737000 0.023800 0.025600
7 0.883600 0.841000 0.025000 0.024800
7 0.944050 0.812100 0.025900 0.025400
9 0.055805 0.343570 0.040030 0.033540
9 0.053440 0.173740 0.047340 0.043000
0 0.533145 0.919980 0.905450 0.114080
1 0.046010 0.468580 0.071720 0.821440
2 0.532890 0.044660 0.486720 0.058000
3 0.138610 0.810510 0.109660 0.108980
5 0.532215 0.472470 0.903570 0.805420
10 0.532875 0.949850 0.048750 0.050900
11 0.022435 0.474670 0.025290 0.353220
9 0.054730 0.515140 0.037880 0.037840
9 0.054730 0.686710 0.038740 0.035260
9 0.067410 0.854820 0.014240 0.032680
7 0.121155 0.646800 0.029090 0.029680
7 0.181450 0.698300 0.022480 0.030240
7 0.239450 0.740550 0.027220 0.023620
7 0.295680 0.785880 0.024720 0.025680
7 0.357750 0.741200 0.024300 0.024000
7 0.415650 0.842900 0.025500 0.024600
7 0.472200 0.709500 0.029600 0.033400
7 0.534600 0.727600 0.024400 0.023200
7 0.767450 0.727700 0.022900 0.027400
7 0.590900 0.747900 0.023800 0.027400
7 0.650500 0.728300 0.025800 0.028600
7 0.708150 0.664500 0.031700 0.027400
7 0.943475 0.429620 0.033490 0.032840
7 0.887335 0.633170 0.034150 0.043340
7 0.825940 0.641060 0.037420 0.032840
7 0.767175 0.384970 0.032830 0.035460
7 0.709060 0.316680 0.028240 0.038080
7 0.648650 0.233940 0.026920 0.030200
7 0.590865 0.268750 0.036110 0.034140
7 0.529795 0.192570 0.040050 0.044660
7 0.472015 0.637110 0.033490 0.035460
7 0.412260 0.608880 0.032180 0.042040
7 0.356115 0.167620 0.028890 0.031520
7 0.296690 0.665350 0.026920 0.028900
7 0.237595 0.354760 0.036110 0.030200
7 0.180140 0.362640 0.035460 0.038080
7 0.121370 0.084890 0.036120 0.034140
8 0.883130 0.906330 0.024300 0.042020
8 0.767235 0.914210 0.032830 0.042020
8 0.648385 0.907650 0.028890 0.036780
8 0.532160 0.898460 0.019700 0.031520
8 0.297085 0.904370 0.018390 0.035460
