7 0.590085 0.794850 0.022610 0.025700
7 0.121370 0.585240 0.040060 0.028880
0 0.531730 0.922810 0.901680 0.115940
1 0.046530 0.469100 0.074820 0.816280
2 0.533785 0.046160 0.478350 0.052600
3 0.141395 0.135000 0.117710 0.115160
5 0.534070 0.473950 0.908780 0.796500
7 0.180470 0.478210 0.034800 0.045980
7 0.236280 0.449970 0.034800 0.026260
7 0.295380 0.581300 0.038740 0.026280
7 0.353165 0.174850 0.033490 0.035460
7 0.415545 0.096050 0.037430 0.032820
7 0.473330 0.177470 0.030860 0.032820
7 0.530780 0.690310 0.031520 0.026260
7 0.591190 0.305510 0.035460 0.036780
7 0.651600 0.081600 0.035460 0.040720
7 0.708730 0.383000 0.038080 0.039400
11 0.021335 0.474010 0.019130 0.352780
10 0.533825 0.953280 0.045830 0.043520
8 0.884445 0.910280 0.029550 0.047280
8 0.769210 0.905680 0.027580 0.051200
8 0.648385 0.906330 0.028890 0.049900
7 0.767500 0.103930 0.032180 0.038100
7 0.825940 0.413860 0.032180 0.030200
7 0.884380 0.681110 0.029540 0.031500
7 0.941505 0.176160 0.036110 0.032840
8 0.531505 0.905020 0.017070 0.044640
8 0.411995 0.901740 0.024950 0.038080
8 0.299060 0.903710 0.019700 0.036780
8 0.181515 0.905020 0.021010 0.044640
9 0.054920 0.101590 0.040420 0.043860
9 0.053650 0.253790 0.035300 0.038700
9 0.052555 0.402140 0.035690 0.041280
9 0.055135 0.551780 0.039990 0.036120
9 0.052575 0.703130 0.037450 0.044700
9 0.066745 0.853620 0.019350 0.029240
7 0.121905 0.719910 0.024050 0.025700
7 0.180130 0.661110 0.030480 0.031100
7 0.240370 0.674580 0.028200 0.029040
7 0.299470 0.648050 0.032760 0.026540
7 0.357530 0.677900 0.034420 0.024880
7 0.416320 0.846070 0.022600 0.027780
7 0.472825 0.803980 0.024470 0.027360
7 0.533475 0.814760 0.022610 0.028200
7 0.650635 0.811230 0.023850 0.025300
7 0.708590 0.775980 0.023220 0.023640
7 0.765200 0.819110 0.029440 0.028620
7 0.825335 0.658200 0.030690 0.027800
7 0.884640 0.825330 0.024060 0.025300
7 0.943740 0.832590 0.024880 0.025700
