9 0.054515 0.239960 0.040890 0.037840
9 0.055160 0.391300 0.043040 0.039560
9 0.053870 0.548250 0.038740 0.033540
9 0.053440 0.701330 0.038740 0.043860
9 0.066980 0.856110 0.013380 0.036980
7 0.122215 0.734330 0.024190 0.027300
7 0.181680 0.729270 0.026100 0.027300
7 0.238875 0.724610 0.027130 0.029020
7 0.298060 0.728410 0.023160 0.028340
7 0.356985 0.729790 0.027310 0.026260
7 0.415020 0.823870 0.025080 0.029740
7 0.474550 0.665070 0.029740 0.024540
7 0.531920 0.729000 0.027660 0.028680
7 0.591170 0.843510 0.025920 0.029660
7 0.648655 0.708920 0.033010 0.030400
7 0.177510 0.080940 0.035460 0.039400
7 0.234640 0.531400 0.035460 0.031520
7 0.297020 0.229350 0.038080 0.044660
7 0.356775 0.463770 0.039390 0.043340
7 0.415875 0.524840 0.032830 0.031520
7 0.475955 0.434220 0.033490 0.039400
7 0.533410 0.355420 0.039400 0.042040
8 0.883460 0.914210 0.035460 0.057780
8 0.764940 0.905680 0.034800 0.053840
8 0.649700 0.908300 0.031520 0.053840
8 0.533475 0.905020 0.026270 0.044640
8 0.414620 0.903710 0.019700 0.044660
8 0.297740 0.902400 0.019700 0.044640
8 0.179220 0.907000 0.019040 0.045960
7 0.118745 0.171560 0.043990 0.023640
7 0.590865 0.742180 0.030870 0.030200
7 0.652260 0.333100 0.031520 0.039400
11 0.021865 0.472540 0.019790 0.370320
10 0.533445 0.951630 0.047610 0.044780
7 0.943700 0.749670 0.022480 0.031100
7 0.884690 0.661370 0.029560 0.026620
7 0.826890 0.822940 0.024560 0.031800
7 0.767100 0.776280 0.023180 0.031800
7 0.709805 0.756230 0.024370 0.025580
7 0.705445 0.596400 0.036770 0.040720
7 0.765530 0.421090 0.038740 0.042020
7 0.822655 0.617420 0.037430 0.045960
7 0.882740 0.693590 0.034140 0.035460
7 0.946105 0.500530 0.033490 0.035460
5 0.532585 0.473950 0.907290 0.793540
3 0.135205 0.141190 0.102850 0.107740
2 0.531845 0.045560 0.477450 0.051400
1 0.047305 0.469620 0.070170 0.827640
0 0.532435 0.919040 0.903090 0.108400
9 0.054085 0.082580 0.040890 0.039560
