3 0.137060 0.142430 0.109040 0.110220
7 0.944790 0.358700 0.034800 0.038080
7 0.887005 0.179440 0.032170 0.034160
7 0.828565 0.104580 0.045310 0.039400
7 0.764870 0.233290 0.046620 0.034140
7 0.710045 0.082910 0.034150 0.027580
7 0.648320 0.189290 0.039400 0.040700
7 0.588565 0.606910 0.036770 0.038100
7 0.531770 0.103930 0.038740 0.045980
7 0.472015 0.203740 0.041370 0.032840
7 0.416200 0.279250 0.034800 0.057780
7 0.356185 0.510780 0.036770 0.027560
7 0.298005 0.608220 0.034810 0.032840
7 0.239235 0.595740 0.034150 0.039400
7 0.177840 0.107220 0.044000 0.039400
7 0.121700 0.584590 0.035460 0.043340
7 0.942965 0.672640 0.029030 0.026960
7 0.883975 0.650030 0.030070 0.029860
7 0.827885 0.713480 0.024050 0.024880
7 0.769200 0.655840 0.028620 0.029040
7 0.710735 0.844330 0.023250 0.024460
7 0.650395 0.840410 0.020750 0.025740
8 0.883790 0.910930 0.030860 0.048580
8 0.767565 0.908970 0.028230 0.049900
8 0.651995 0.909620 0.032170 0.056480
8 0.532820 0.903050 0.031520 0.040700
8 0.417580 0.908300 0.028240 0.053840
8 0.298400 0.905020 0.023640 0.047280
8 0.182830 0.902400 0.027580 0.044640
7 0.591505 0.803290 0.022830 0.026180
7 0.531890 0.647750 0.028840 0.019500
7 0.473300 0.810940 0.025720 0.021560
7 0.415460 0.711620 0.029880 0.029440
7 0.356970 0.684680 0.031940 0.026160
7 0.297045 0.661020 0.033590 0.026960
7 0.239605 0.704990 0.028610 0.021980
7 0.180300 0.832300 0.023640 0.024480
7 0.121315 0.641320 0.029670 0.027360
9 0.065695 0.861970 0.014010 0.037260
9 0.055300 0.705740 0.041960 0.031520
9 0.052635 0.550300 0.041210 0.035120
9 0.053155 0.397580 0.041250 0.035840
9 0.053335 0.240290 0.040170 0.039420
9 0.053175 0.085200 0.040130 0.033680
10 0.534085 0.953680 0.046590 0.041760
11 0.021665 0.474670 0.017150 0.362900
0 0.534320 0.922810 0.905920 0.110300
1 0.044725 0.472720 0.075330 0.831760
2 0.533335 0.046750 0.475670 0.052620
5 0.532585 0.470240 0.904310 0.800960
