7 0.708520 0.765580 0.023860 0.028200
7 0.120385 0.113780 0.034150 0.039400
7 0.179810 0.087520 0.034800 0.039400
7 0.237595 0.084890 0.038750 0.026260
7 0.295050 0.654190 0.032840 0.038100
7 0.355135 0.639090 0.037430 0.026260
7 0.413900 0.367240 0.034140 0.042040
7 0.473655 0.453910 0.035450 0.034140
7 0.530780 0.551100 0.034140 0.036760
7 0.589880 0.653530 0.035460 0.026260
7 0.648980 0.750710 0.031520 0.034140
7 0.709385 0.404670 0.034150 0.035460
7 0.766845 0.485430 0.033490 0.034140
7 0.826265 0.369860 0.032830 0.039400
7 0.884050 0.157120 0.031520 0.028880
7 0.942820 0.449970 0.034800 0.034140
8 0.413965 0.903710 0.030210 0.039380
8 0.532820 0.905020 0.018380 0.047280
8 0.650685 0.909620 0.032170 0.040720
8 0.768880 0.906990 0.028240 0.040700
8 0.883135 0.910930 0.029550 0.048580
9 0.052365 0.092470 0.045190 0.036980
9 0.053440 0.246410 0.041320 0.045580
9 0.054085 0.402910 0.041750 0.042140
9 0.055160 0.559430 0.037020 0.042140
9 0.051720 0.721970 0.039600 0.040420
7 0.121905 0.684660 0.027790 0.025720
7 0.181825 0.796260 0.022210 0.028200
7 0.238745 0.805180 0.026570 0.025280
7 0.296600 0.754380 0.023240 0.028200
7 0.356005 0.746700 0.023450 0.024480
7 0.416035 0.796670 0.025730 0.033180
7 0.473785 0.717880 0.028010 0.024040
7 0.533400 0.756450 0.019100 0.027380
7 0.591255 0.812850 0.022410 0.026540
7 0.649525 0.734270 0.021590 0.025300
7 0.766165 0.797510 0.022630 0.029860
7 0.826295 0.844370 0.022210 0.028220
7 0.883425 0.812430 0.024910 0.029860
7 0.944705 0.831100 0.022210 0.025720
5 0.536670 0.471730 0.902080 0.803940
3 0.932390 0.133140 0.102220 0.116400
2 0.532445 0.046160 0.479250 0.052600
1 0.045235 0.470650 0.073270 0.815260
0 0.534085 0.926110 0.906390 0.120660
8 0.178890 0.901740 0.019700 0.032840
8 0.299710 0.900430 0.019700 0.035460
10 0.534145 0.954550 0.048750 0.048100
11 0.022325 0.472690 0.018910 0.351020
