7 0.532245 0.713720 0.023350 0.023160
7 0.474275 0.630270 0.032850 0.026260
7 0.414155 0.668910 0.029230 0.027300
7 0.356095 0.703640 0.029910 0.024880
7 0.298285 0.847060 0.024190 0.024200
7 0.239190 0.758940 0.023500 0.022120
7 0.180790 0.710200 0.023860 0.022800
8 0.767890 0.906330 0.027580 0.049900
8 0.883135 0.911590 0.029550 0.055140
7 0.708760 0.720640 0.024900 0.022480
7 0.590865 0.119690 0.042690 0.040700
7 0.532425 0.555040 0.041370 0.036760
7 0.413310 0.510780 0.040720 0.032840
7 0.476280 0.417150 0.047280 0.034140
0 0.534085 0.922810 0.905450 0.114060
1 0.046275 0.463430 0.073270 0.817300
7 0.121615 0.807930 0.023330 0.019700
9 0.067190 0.853860 0.015560 0.032840
9 0.055250 0.700670 0.039440 0.038220
9 0.054055 0.542710 0.041230 0.038820
9 0.052110 0.385950 0.039740 0.038220
9 0.053260 0.229250 0.038520 0.038220
7 0.769070 0.745350 0.024560 0.026940
2 0.533635 0.043760 0.475070 0.056200
3 0.929915 0.814230 0.103470 0.111460
7 0.356120 0.400070 0.039400 0.036780
7 0.296690 0.181410 0.030860 0.045980
7 0.884410 0.665510 0.027840 0.028340
7 0.825575 0.692820 0.030770 0.024200
7 0.240220 0.146610 0.040060 0.031500
7 0.179810 0.635150 0.042680 0.042020
7 0.122355 0.327840 0.038090 0.039400
5 0.535180 0.468010 0.905060 0.793540
7 0.886675 0.084230 0.036770 0.043340
11 0.021445 0.475990 0.018030 0.357620
10 0.533765 0.952780 0.046970 0.041480
7 0.945115 0.330470 0.044650 0.042020
7 0.651605 0.183380 0.034150 0.036760
7 0.706435 0.682430 0.029550 0.034140
7 0.768155 0.142020 0.033490 0.045960
7 0.825940 0.657470 0.034800 0.036780
7 0.650355 0.739300 0.020410 0.024520
8 0.179545 0.904370 0.024950 0.051220
7 0.592550 0.648410 0.029220 0.027980
8 0.298400 0.909620 0.030200 0.051200
8 0.415940 0.903060 0.027580 0.045960
8 0.532815 0.900420 0.024950 0.045960
8 0.650680 0.909620 0.030860 0.056480
