10 0.532550 0.952140 0.047100 0.044280
11 0.022225 0.476870 0.027510 0.357620
7 0.295380 0.276620 0.040060 0.039400
8 0.299055 0.902390 0.024950 0.034140
7 0.356120 0.082920 0.035460 0.030200
8 0.884775 0.910280 0.030210 0.047280
8 0.767235 0.907650 0.032830 0.049900
8 0.651010 0.908960 0.034140 0.052520
8 0.532160 0.903050 0.026260 0.043340
8 0.415935 0.903050 0.022330 0.043340
7 0.238650 0.663510 0.031520 0.034820
8 0.181845 0.905680 0.021670 0.035440
7 0.182425 0.682920 0.032370 0.034000
7 0.415545 0.170240 0.032170 0.031520
7 0.473655 0.174840 0.028890 0.038080
7 0.535380 0.592460 0.030200 0.040720
7 0.590865 0.555030 0.040050 0.042020
7 0.648975 0.537970 0.034150 0.028900
7 0.709390 0.591810 0.035460 0.036780
7 0.120040 0.702490 0.027780 0.026540
9 0.066765 0.852670 0.013810 0.036980
7 0.766845 0.099990 0.033490 0.035460
9 0.053870 0.698320 0.041320 0.044720
9 0.052795 0.538790 0.044330 0.030100
9 0.054945 0.383560 0.040890 0.036120
9 0.053440 0.223190 0.038740 0.042140
7 0.824625 0.409920 0.037430 0.038080
7 0.883725 0.717880 0.029550 0.031520
7 0.944465 0.597710 0.032830 0.035460
7 0.826695 0.824330 0.025730 0.029860
7 0.768350 0.702290 0.030900 0.031100
7 0.708910 0.647880 0.032780 0.032760
7 0.649195 0.734140 0.021170 0.026120
7 0.593000 0.813560 0.024080 0.031520
7 0.120385 0.230660 0.035450 0.039400
7 0.176860 0.562260 0.039400 0.045960
7 0.531930 0.647250 0.028840 0.036500
7 0.471305 0.650650 0.030690 0.039820
7 0.416120 0.763590 0.017860 0.028620
7 0.242195 0.582610 0.033490 0.028900
7 0.357675 0.761590 0.021150 0.028620
0 0.534555 0.920450 0.906390 0.107460
1 0.045240 0.466000 0.072240 0.805960
2 0.532585 0.046160 0.477170 0.053800
3 0.932390 0.812990 0.112140 0.111460
5 0.532955 0.468760 0.905050 0.789080
7 0.298650 0.636680 0.034240 0.027800
