8 0.297085 0.903710 0.021010 0.039380
8 0.178895 0.904370 0.021010 0.040700
10 0.532425 0.953920 0.052450 0.048880
7 0.767350 0.836500 0.021700 0.023400
5 0.533695 0.467270 0.908030 0.795020
7 0.119075 0.322580 0.040710 0.039400
7 0.885850 0.654200 0.031700 0.025200
7 0.944550 0.745300 0.024300 0.023000
7 0.825900 0.708400 0.035200 0.034000
7 0.709200 0.760700 0.020400 0.023400
7 0.650250 0.675200 0.030500 0.022000
7 0.590895 0.846840 0.026490 0.028800
7 0.531780 0.814010 0.029520 0.026500
7 0.474540 0.691760 0.029660 0.028520
7 0.414495 0.692040 0.029670 0.025640
7 0.358740 0.790910 0.025360 0.026220
7 0.298910 0.834970 0.024640 0.026780
7 0.238985 0.694120 0.030490 0.030480
7 0.180735 0.793590 0.026130 0.035340
7 0.121615 0.797130 0.024630 0.039300
9 0.066550 0.855250 0.014240 0.038700
7 0.944460 0.576050 0.030200 0.042020
7 0.884710 0.729700 0.026260 0.034160
7 0.826600 0.216870 0.030860 0.032820
7 0.767500 0.178790 0.033480 0.035460
7 0.706760 0.222780 0.031520 0.026280
7 0.649960 0.155150 0.032180 0.035460
7 0.592510 0.727730 0.027580 0.024940
7 0.531765 0.196510 0.033490 0.034140
7 0.474640 0.077010 0.033480 0.036780
7 0.413575 0.560290 0.037430 0.028900
7 0.358085 0.245760 0.032830 0.030200
7 0.297345 0.196510 0.037430 0.028900
7 0.237925 0.665350 0.036770 0.036780
7 0.177845 0.592470 0.033490 0.035460
9 0.052580 0.706060 0.040460 0.041280
9 0.054730 0.550400 0.040460 0.036120
9 0.054945 0.400330 0.040890 0.033540
9 0.052795 0.249850 0.040890 0.030100
9 0.054300 0.094620 0.046480 0.034400
3 0.927745 0.806180 0.115230 0.115160
2 0.532740 0.044960 0.478060 0.053800
1 0.047305 0.464460 0.073270 0.825560
0 0.534555 0.926100 0.906390 0.124440
11 0.021225 0.476430 0.021550 0.360260
8 0.883785 0.909620 0.025610 0.043320
8 0.768880 0.908960 0.026920 0.044640
8 0.649040 0.905680 0.030200 0.056480
8 0.533475 0.902390 0.027570 0.034140
8 0.416265 0.901740 0.025610 0.043320
