7 0.946430 0.514330 0.034140 0.049900
5 0.533695 0.472470 0.903570 0.796500
7 0.943020 0.672020 0.030920 0.036080
7 0.884235 0.723640 0.025310 0.034840
7 0.827200 0.692950 0.028200 0.026540
7 0.768620 0.763660 0.023840 0.033600
7 0.708290 0.671600 0.030500 0.027800
3 0.927125 0.805560 0.113990 0.121360
2 0.531400 0.044660 0.477160 0.055600
11 0.022555 0.470710 0.019370 0.355860
10 0.533890 0.952010 0.043400 0.044540
1 0.047305 0.466520 0.075330 0.827640
0 0.533375 0.919510 0.904030 0.103700
7 0.649085 0.781710 0.024490 0.029020
7 0.591335 0.844750 0.025110 0.026540
7 0.121045 0.588520 0.040710 0.038080
7 0.181450 0.371830 0.043340 0.035460
7 0.239235 0.476900 0.045970 0.030200
7 0.296035 0.625300 0.036110 0.038080
7 0.350540 0.671270 0.038740 0.035460
7 0.413570 0.733640 0.026920 0.042040
7 0.473325 0.426340 0.040050 0.039400
7 0.534065 0.348850 0.040710 0.042020
7 0.589555 0.272030 0.045310 0.024940
7 0.649635 0.081600 0.036770 0.032840
7 0.709715 0.105900 0.034810 0.042040
7 0.766515 0.315360 0.032830 0.040720
7 0.825940 0.310110 0.038740 0.024940
7 0.533275 0.760350 0.023450 0.022820
7 0.472630 0.769270 0.023660 0.027380
7 0.415190 0.636340 0.029880 0.026960
7 0.357845 0.752260 0.022190 0.027360
7 0.298340 0.711410 0.032160 0.027780
7 0.238610 0.812190 0.022180 0.027780
7 0.182010 0.741060 0.023040 0.027360
8 0.882475 0.907000 0.025610 0.045960
8 0.764940 0.905680 0.022980 0.048600
8 0.649370 0.905020 0.024300 0.055160
8 0.529205 0.905030 0.025610 0.042020
8 0.414295 0.902400 0.029550 0.044640
8 0.297085 0.904370 0.021010 0.040700
8 0.180205 0.903060 0.019690 0.045960
7 0.123095 0.672000 0.032110 0.030520
9 0.065910 0.855250 0.017240 0.031820
9 0.052795 0.702190 0.040890 0.036980
9 0.055590 0.552550 0.041320 0.040420
9 0.054730 0.400760 0.038740 0.037840
9 0.054515 0.248990 0.042610 0.038700
9 0.052365 0.097200 0.043470 0.036120
7 0.884050 0.251680 0.038080 0.039400
