2 0.534230 0.043770 0.476860 0.058580
7 0.119400 0.635800 0.038740 0.032840
7 0.180140 0.694900 0.028900 0.024960
7 0.238580 0.454570 0.028900 0.030220
7 0.295710 0.715260 0.031520 0.031520
7 0.356770 0.270710 0.027580 0.032820
7 0.414230 0.310110 0.038740 0.032820
7 0.471030 0.690960 0.034140 0.027560
7 0.534720 0.084230 0.034140 0.035460
7 0.590865 0.713940 0.026930 0.039400
7 0.651275 0.425680 0.030870 0.030200
7 0.707090 0.172880 0.034800 0.031520
7 0.769145 0.191260 0.036770 0.034160
7 0.824955 0.489370 0.031510 0.026260
7 0.884050 0.344910 0.034140 0.034140
7 0.945115 0.289760 0.036770 0.036760
7 0.943435 0.679280 0.031310 0.034200
7 0.884800 0.789000 0.027600 0.026800
7 0.826100 0.846400 0.024600 0.023600
7 0.767250 0.711800 0.032300 0.028000
7 0.708700 0.724300 0.023600 0.031800
7 0.649200 0.773160 0.023760 0.019920
7 0.592085 0.650860 0.029670 0.032360
7 0.532100 0.744900 0.023000 0.026600
7 0.473450 0.670200 0.027900 0.026000
7 0.414250 0.710800 0.030900 0.030400
7 0.355350 0.739400 0.026700 0.026800
7 0.295970 0.836880 0.032260 0.030800
7 0.237675 0.695290 0.036150 0.035420
7 0.122045 0.771190 0.020010 0.025340
7 0.184365 0.733630 0.027650 0.028220
9 0.066980 0.862130 0.015100 0.038700
9 0.052795 0.710360 0.036590 0.039560
9 0.055160 0.562010 0.038740 0.040420
9 0.053870 0.403770 0.039600 0.038700
9 0.053440 0.251570 0.037880 0.045580
9 0.054085 0.098920 0.040890 0.041280
0 0.534790 0.921870 0.907800 0.112180
1 0.046270 0.473230 0.070180 0.810100
3 0.136750 0.809270 0.108420 0.106500
5 0.531095 0.472470 0.908770 0.784620
10 0.531855 0.955450 0.052830 0.050900
11 0.022435 0.477750 0.023530 0.357620
8 0.885430 0.906340 0.027580 0.039400
8 0.767240 0.907650 0.027580 0.052540
8 0.648715 0.910940 0.029550 0.045960
8 0.532490 0.905680 0.019040 0.040720
8 0.414955 0.901080 0.021670 0.036760
8 0.298070 0.903050 0.016420 0.035460
8 0.179880 0.904370 0.019040 0.032820
