3 0.137680 0.131280 0.105320 0.112680
9 0.054515 0.240820 0.038310 0.046440
9 0.053440 0.412370 0.039600 0.038700
9 0.054300 0.581360 0.036160 0.039560
9 0.053655 0.746910 0.037450 0.031820
7 0.122115 0.703530 0.032770 0.026140
7 0.181390 0.680220 0.029460 0.030280
7 0.238725 0.820190 0.023450 0.027380
7 0.297510 0.710290 0.031540 0.024060
7 0.355670 0.739740 0.033820 0.028200
7 0.415290 0.805470 0.023240 0.030260
7 0.474390 0.812520 0.023240 0.032760
7 0.532140 0.820200 0.024280 0.031520
7 0.589270 0.754260 0.031540 0.028200
7 0.648670 0.749690 0.032160 0.028220
7 0.708705 0.841550 0.023250 0.026140
7 0.767700 0.841760 0.021800 0.025720
7 0.826175 0.697030 0.031750 0.029860
7 0.884960 0.768970 0.025320 0.031940
7 0.944990 0.737460 0.028020 0.026960
7 0.942820 0.659450 0.032180 0.035460
7 0.885035 0.384970 0.033490 0.030220
7 0.825940 0.143980 0.029540 0.028880
7 0.767830 0.275310 0.034140 0.039380
7 0.710375 0.404670 0.033490 0.027580
7 0.648320 0.589180 0.038080 0.026280
7 0.592835 0.085540 0.036110 0.032840
7 0.530125 0.497260 0.036770 0.031520
7 0.474310 0.246420 0.039400 0.044640
7 0.415215 0.615450 0.034150 0.036780
7 0.355135 0.212930 0.037430 0.027580
7 0.298990 0.177470 0.035460 0.035460
7 0.238580 0.446030 0.032840 0.036780
7 0.180470 0.791420 0.026920 0.031520
7 0.121700 0.557000 0.038080 0.038080
0 0.533380 0.922340 0.904980 0.109360
1 0.045235 0.470140 0.073270 0.810080
2 0.534085 0.043760 0.474770 0.055000
5 0.529985 0.470980 0.908030 0.793520
8 0.769860 0.908960 0.031520 0.044640
11 0.021115 0.475330 0.021770 0.359820
8 0.881820 0.909620 0.030860 0.048600
8 0.179875 0.906990 0.017730 0.040700
8 0.299385 0.901080 0.022990 0.039400
10 0.532365 0.951880 0.051050 0.047840
8 0.415280 0.900430 0.024960 0.043340
8 0.533475 0.901740 0.022330 0.038080
8 0.649370 0.907650 0.026920 0.044660
