0 0.532200 0.921860 0.903560 0.108400
11 0.021005 0.472030 0.020670 0.358500
10 0.532680 0.954430 0.048120 0.045300
8 0.766905 0.907650 0.029550 0.052540
8 0.884445 0.907650 0.033490 0.055140
8 0.178895 0.904370 0.024950 0.040700
8 0.298400 0.901740 0.022320 0.038080
8 0.414620 0.903050 0.023640 0.040700
8 0.531830 0.904360 0.026920 0.045960
8 0.650030 0.909620 0.030860 0.043320
9 0.053630 0.195320 0.036980 0.038680
9 0.052555 0.359570 0.039130 0.036980
9 0.053630 0.526840 0.038700 0.039560
9 0.054060 0.695390 0.038700 0.036100
9 0.066530 0.860500 0.010320 0.029240
7 0.123670 0.708300 0.024680 0.027360
7 0.180395 0.806180 0.027390 0.030280
7 0.239895 0.646710 0.028610 0.027780
7 0.298550 0.648300 0.032100 0.022600
7 0.354215 0.691560 0.033410 0.026800
7 0.415300 0.835900 0.023400 0.026200
7 0.472450 0.731400 0.024900 0.024400
7 0.532200 0.842500 0.022600 0.022600
7 0.590800 0.807700 0.025600 0.026600
7 0.651050 0.748700 0.023900 0.023400
7 0.709050 0.782800 0.025700 0.022000
7 0.767250 0.832600 0.025900 0.025200
7 0.825780 0.652320 0.030600 0.026880
7 0.885555 0.674880 0.031330 0.024960
7 0.120055 0.534680 0.033490 0.040720
7 0.179485 0.089480 0.034150 0.030200
7 0.238250 0.168940 0.034800 0.031520
7 0.299975 0.683080 0.022990 0.030200
7 0.353165 0.396130 0.033490 0.034140
7 0.413575 0.314700 0.029550 0.031520
7 0.472670 0.255620 0.030860 0.039400
7 0.531435 0.208330 0.032830 0.036780
7 0.944400 0.624000 0.029400 0.024800
7 0.588895 0.558980 0.033490 0.031520
7 0.650290 0.087510 0.032840 0.036780
7 0.711355 0.656160 0.034150 0.034160
7 0.767170 0.474270 0.039400 0.038100
7 0.825940 0.262180 0.036120 0.036760
7 0.887660 0.579990 0.034800 0.036780
7 0.941175 0.384320 0.032830 0.031520
5 0.532585 0.470990 0.913230 0.796500
3 0.930225 0.140570 0.112750 0.113940
2 0.535130 0.049740 0.482240 0.046640
1 0.045240 0.469620 0.074300 0.827640
