7 0.179305 0.694060 0.030430 0.025920
7 0.531240 0.767850 0.023500 0.032140
7 0.473060 0.810530 0.023860 0.027980
7 0.414740 0.786160 0.025420 0.024200
5 0.534815 0.468010 0.907290 0.793540
3 0.137990 0.136860 0.108420 0.116400
2 0.533785 0.045560 0.478350 0.057400
1 0.045755 0.473230 0.072230 0.812140
0 0.533615 0.922330 0.904510 0.116900
9 0.054015 0.222410 0.040850 0.043860
9 0.054875 0.384520 0.043430 0.049880
9 0.055735 0.544890 0.044290 0.045580
9 0.054660 0.706570 0.043000 0.043860
9 0.067560 0.865670 0.019780 0.030100
7 0.355210 0.749190 0.026280 0.026260
7 0.591775 0.653630 0.033190 0.029380
7 0.239180 0.845780 0.025420 0.028000
7 0.297500 0.661230 0.027320 0.026620
7 0.120665 0.768880 0.025570 0.026600
7 0.947090 0.406640 0.034140 0.031520
7 0.885365 0.473620 0.030210 0.031520
7 0.944805 0.810700 0.023870 0.027640
7 0.885280 0.717910 0.024380 0.027980
7 0.827500 0.764040 0.027480 0.033520
7 0.767600 0.773550 0.023700 0.034220
7 0.827910 0.419110 0.032180 0.040700
7 0.767175 0.443400 0.032830 0.031520
7 0.709385 0.446690 0.030210 0.030220
7 0.649960 0.747430 0.028240 0.035460
7 0.592175 0.479520 0.037430 0.030200
7 0.534065 0.627920 0.034150 0.032840
7 0.472670 0.296980 0.032180 0.040720
7 0.412590 0.360670 0.031520 0.034140
7 0.355460 0.505130 0.035460 0.042020
8 0.296430 0.903640 0.019700 0.031640
8 0.414295 0.904960 0.022990 0.039520
8 0.532165 0.899700 0.021010 0.031640
8 0.650355 0.906270 0.026270 0.034260
8 0.766910 0.906930 0.024300 0.038220
8 0.884775 0.912180 0.024950 0.038200
11 0.022435 0.475990 0.024410 0.357620
10 0.531475 0.952650 0.053590 0.049900
7 0.296035 0.733640 0.029550 0.026280
7 0.239565 0.092770 0.037430 0.034140
8 0.179545 0.903640 0.024950 0.039520
7 0.178500 0.453250 0.034800 0.027580
7 0.120060 0.195200 0.038740 0.028880
7 0.708415 0.809660 0.029390 0.026960
7 0.649925 0.664860 0.029910 0.031800
