7 0.181450 0.273340 0.039400 0.030200
7 0.123340 0.197820 0.040060 0.039400
7 0.237915 0.831790 0.021650 0.028900
7 0.181935 0.686750 0.030110 0.025380
7 0.120745 0.811810 0.024390 0.022900
9 0.064620 0.862560 0.022400 0.043000
9 0.054085 0.712080 0.042610 0.046440
9 0.055805 0.559430 0.045190 0.038700
9 0.053870 0.406350 0.038740 0.042140
9 0.054085 0.252860 0.035730 0.044720
9 0.051290 0.103220 0.040460 0.036120
8 0.764940 0.906270 0.022980 0.047420
8 0.647730 0.908240 0.024960 0.043480
5 0.533325 0.469500 0.907290 0.799480
3 0.928985 0.139330 0.110270 0.123820
2 0.533190 0.047350 0.476560 0.056180
1 0.045755 0.474780 0.072230 0.825560
0 0.534555 0.923280 0.905450 0.116880
8 0.530850 0.901670 0.019700 0.038220
8 0.415280 0.901680 0.019700 0.032960
10 0.533125 0.953540 0.049010 0.044040
11 0.022105 0.473350 0.023750 0.356740
8 0.297740 0.901670 0.019700 0.030340
8 0.180205 0.907580 0.021010 0.034280
8 0.882475 0.908240 0.032170 0.051360
7 0.944105 0.804440 0.027130 0.023880
7 0.884885 0.741240 0.025130 0.023880
7 0.827030 0.718110 0.033340 0.025380
7 0.767185 0.797980 0.025630 0.032840
7 0.708460 0.654650 0.031100 0.028860
7 0.650855 0.807180 0.024390 0.023400
7 0.590515 0.770110 0.025630 0.027860
7 0.533905 0.813150 0.020910 0.027380
7 0.473685 0.744730 0.027370 0.031860
7 0.417700 0.756420 0.027860 0.027360
7 0.356865 0.841020 0.025630 0.030360
7 0.298385 0.811420 0.023150 0.034840
7 0.945120 0.498560 0.042020 0.031520
7 0.884055 0.304200 0.032830 0.031520
7 0.825940 0.748740 0.028240 0.024960
7 0.769140 0.200460 0.038080 0.039400
7 0.707420 0.516960 0.035460 0.031520
7 0.648975 0.688330 0.030210 0.024940
7 0.592175 0.257590 0.037430 0.035460
7 0.531435 0.225400 0.036770 0.039400
7 0.471360 0.708720 0.026920 0.028960
7 0.415215 0.641050 0.039390 0.019700
7 0.354150 0.314700 0.043340 0.031520
7 0.297020 0.391540 0.044660 0.032840
7 0.237270 0.084230 0.031520 0.043340
