7 0.297015 0.664800 0.028370 0.030240
9 0.054300 0.225340 0.039600 0.056760
9 0.054945 0.387430 0.041750 0.042140
9 0.055375 0.546100 0.040890 0.044720
9 0.052580 0.705630 0.044760 0.045580
9 0.065910 0.866430 0.018960 0.042140
7 0.120935 0.770350 0.023190 0.023340
7 0.180160 0.807640 0.022180 0.024480
7 0.238770 0.838750 0.026200 0.025620
7 0.357140 0.728590 0.024480 0.027060
7 0.415385 0.844950 0.030090 0.023620
7 0.473490 0.807070 0.025060 0.031980
7 0.532095 0.744430 0.022750 0.024780
7 0.591785 0.658610 0.027790 0.030540
7 0.648810 0.688990 0.028080 0.025060
7 0.710945 0.696770 0.030530 0.029100
7 0.767470 0.676460 0.030960 0.033400
7 0.827010 0.788070 0.023900 0.026780
7 0.883675 0.693310 0.029230 0.026220
7 0.944440 0.728160 0.023180 0.027360
8 0.179550 0.902980 0.019700 0.032960
8 0.297415 0.899050 0.025610 0.038220
8 0.413640 0.902990 0.022980 0.038220
8 0.530520 0.909550 0.022980 0.043460
8 0.649370 0.908960 0.025600 0.047280
8 0.769515 0.910870 0.025570 0.046100
8 0.882480 0.911530 0.034800 0.036900
7 0.120055 0.455230 0.037430 0.034140
7 0.179155 0.218180 0.032170 0.032840
7 0.235625 0.085540 0.040050 0.030200
7 0.296035 0.541250 0.033490 0.040700
7 0.353495 0.312080 0.044650 0.036760
7 0.416200 0.617420 0.040060 0.032840
7 0.469055 0.268750 0.048590 0.034140
7 0.533410 0.228030 0.034140 0.036780
7 0.593490 0.456540 0.044000 0.034160
7 0.649965 0.159090 0.037430 0.027580
7 0.707745 0.143980 0.033490 0.031520
7 0.767830 0.453910 0.034140 0.034140
7 0.827255 0.736270 0.024290 0.028900
7 0.885035 0.501850 0.032170 0.030220
7 0.944465 0.390880 0.028890 0.036760
11 0.021125 0.474010 0.024430 0.346620
10 0.531725 0.954320 0.054610 0.050160
5 0.532215 0.469500 0.903570 0.793520
3 0.133655 0.133140 0.110890 0.121360
2 0.532590 0.045260 0.477160 0.049640
1 0.044980 0.476840 0.072760 0.831760
0 0.534320 0.928930 0.905920 0.118780
