7 0.532535 0.751010 0.023870 0.031100
7 0.473540 0.658910 0.029900 0.030060
7 0.415390 0.847780 0.031100 0.029040
9 0.055805 0.539220 0.041750 0.051600
8 0.530190 0.900420 0.022320 0.038080
8 0.651670 0.909620 0.030200 0.043320
8 0.883790 0.905680 0.030860 0.045960
8 0.767235 0.907650 0.026270 0.049900
0 0.533140 0.920920 0.904500 0.106520
1 0.047560 0.469620 0.073780 0.817320
2 0.532440 0.047050 0.473280 0.049620
9 0.052795 0.376680 0.040890 0.044720
10 0.531980 0.953560 0.051040 0.048640
11 0.021665 0.474230 0.018470 0.347940
9 0.053655 0.222330 0.042610 0.042140
7 0.357160 0.735470 0.020740 0.020740
7 0.300050 0.801640 0.025400 0.030760
7 0.236800 0.730970 0.029200 0.026260
7 0.180900 0.788350 0.024880 0.023500
7 0.122565 0.698200 0.030410 0.034560
9 0.066555 0.855680 0.021110 0.037840
3 0.136130 0.811750 0.107180 0.113940
5 0.532585 0.473210 0.907290 0.795020
9 0.053010 0.698750 0.043900 0.042140
7 0.942715 0.778880 0.023030 0.031520
7 0.884760 0.630420 0.031520 0.025720
8 0.412655 0.903710 0.024950 0.039380
8 0.298400 0.903710 0.022320 0.042020
8 0.178890 0.906330 0.026260 0.042020
7 0.828700 0.809660 0.028080 0.041480
7 0.708815 0.752870 0.024190 0.026780
7 0.650660 0.800270 0.024020 0.027300
7 0.589570 0.758790 0.029720 0.036980
7 0.121040 0.414510 0.030200 0.034140
7 0.177510 0.630550 0.031520 0.032820
7 0.237925 0.084880 0.038090 0.039400
7 0.297680 0.339660 0.035460 0.039400
7 0.355130 0.656160 0.034800 0.042040
7 0.414230 0.170240 0.038740 0.047280
7 0.472995 0.446690 0.040710 0.045980
7 0.531110 0.293040 0.037420 0.038080
7 0.592510 0.704100 0.027580 0.030200
7 0.649630 0.636460 0.039400 0.036760
7 0.710700 0.466390 0.042020 0.040700
7 0.767830 0.623330 0.031520 0.026260
7 0.826270 0.587210 0.035460 0.040700
7 0.885695 0.310770 0.036110 0.026260
7 0.944130 0.390880 0.034800 0.039400
