7 0.237265 0.683080 0.032830 0.035440
0 0.534085 0.921870 0.905450 0.110300
1 0.046015 0.465490 0.073790 0.831740
2 0.533485 0.046150 0.474170 0.051420
3 0.925270 0.136860 0.116460 0.116400
5 0.531840 0.468760 0.905800 0.792040
10 0.532615 0.952270 0.052570 0.050140
11 0.021885 0.474010 0.019350 0.353660
8 0.179875 0.903710 0.020350 0.036780
8 0.297085 0.899770 0.021010 0.047260
8 0.413965 0.902400 0.024950 0.047280
8 0.530850 0.900430 0.027580 0.032820
8 0.649370 0.910280 0.032180 0.039400
8 0.768220 0.908960 0.032180 0.052520
8 0.884115 0.904370 0.028890 0.051220
7 0.119070 0.087510 0.038080 0.042020
7 0.176855 0.553730 0.040710 0.042020
7 0.295050 0.088820 0.040720 0.039400
7 0.357105 0.672570 0.029550 0.035460
7 0.411665 0.543610 0.041370 0.043340
7 0.471425 0.329550 0.040050 0.038100
7 0.529800 0.145950 0.034800 0.032820
7 0.589880 0.105900 0.036780 0.047280
7 0.649630 0.681770 0.031520 0.024940
7 0.705515 0.440520 0.036770 0.044640
7 0.766515 0.102610 0.034150 0.043340
7 0.825285 0.444720 0.036110 0.028880
7 0.886020 0.665350 0.031520 0.026260
7 0.944135 0.584580 0.032170 0.038080
9 0.054730 0.193950 0.041320 0.047300
9 0.053655 0.360340 0.038310 0.048160
9 0.054515 0.527180 0.040890 0.046440
9 0.053225 0.690580 0.037450 0.046440
9 0.066770 0.858260 0.020680 0.034400
7 0.123245 0.739770 0.022790 0.031820
7 0.180005 0.842520 0.022790 0.029240
7 0.238690 0.752670 0.025800 0.031820
7 0.299320 0.729880 0.031820 0.034400
7 0.356945 0.694200 0.025090 0.022400
7 0.416835 0.628010 0.034830 0.036500
7 0.473965 0.790140 0.026750 0.031560
7 0.533270 0.720480 0.019280 0.024920
7 0.592055 0.692690 0.029030 0.026580
7 0.648770 0.719850 0.024680 0.028660
7 0.709215 0.771090 0.025710 0.027380
7 0.768105 0.821480 0.025710 0.032760
7 0.825540 0.639000 0.031100 0.028600
7 0.884675 0.636970 0.026750 0.024060
7 0.943945 0.689800 0.029030 0.034000
