7 0.123670 0.099330 0.035460 0.036780
9 0.053655 0.236520 0.039170 0.039560
9 0.053655 0.398610 0.037450 0.036980
9 0.053010 0.561150 0.041320 0.036980
9 0.052580 0.724120 0.043040 0.043000
7 0.121365 0.736800 0.024910 0.029360
7 0.179185 0.800740 0.025350 0.026200
7 0.238585 0.648930 0.027790 0.022180
7 0.294550 0.682200 0.035700 0.025600
7 0.356200 0.789000 0.026000 0.020800
7 0.414150 0.822600 0.025100 0.024000
7 0.473750 0.726300 0.029100 0.029800
7 0.532400 0.829500 0.023800 0.025000
7 0.590100 0.780500 0.027600 0.029000
7 0.650400 0.816700 0.025000 0.026600
7 0.707050 0.799300 0.025900 0.028600
7 0.767300 0.844400 0.023200 0.022400
7 0.826700 0.660900 0.032400 0.027800
7 0.884200 0.695100 0.034600 0.033800
7 0.941950 0.649600 0.037700 0.025600
5 0.534440 0.462070 0.906540 0.808380
7 0.707415 0.767780 0.036770 0.039400
7 0.766185 0.419770 0.037430 0.049900
7 0.822655 0.710660 0.024290 0.038080
7 0.884380 0.585250 0.028240 0.042020
7 0.943150 0.237230 0.031520 0.026260
7 0.416525 0.271370 0.040710 0.042020
3 0.928055 0.136860 0.109650 0.121360
8 0.179550 0.903050 0.018380 0.035460
8 0.298400 0.899770 0.014440 0.034140
8 0.413965 0.899120 0.017070 0.038080
8 0.534135 0.903060 0.021010 0.038080
8 0.649045 0.907650 0.022330 0.047260
8 0.768550 0.905680 0.030200 0.032840
8 0.884445 0.906340 0.024290 0.031520
2 0.533785 0.041970 0.480750 0.058580
7 0.181125 0.633830 0.045310 0.044660
7 0.238250 0.467700 0.036120 0.032840
7 0.471030 0.211610 0.039400 0.043340
7 0.530125 0.625950 0.039390 0.044660
7 0.298990 0.265460 0.038080 0.038080
7 0.357100 0.083570 0.032180 0.036780
1 0.045755 0.471680 0.072230 0.817320
0 0.534320 0.923280 0.905920 0.107480
11 0.020125 0.476430 0.023750 0.354100
10 0.532870 0.954300 0.050540 0.051160
7 0.590865 0.315370 0.037430 0.043340
7 0.650290 0.604290 0.040720 0.035460
