7 0.293080 0.717230 0.032840 0.027580
8 0.767235 0.909550 0.026270 0.046100
8 0.884115 0.914150 0.028890 0.044780
9 0.050645 0.700900 0.041750 0.044720
9 0.065695 0.850520 0.015950 0.048160
7 0.121960 0.751430 0.026780 0.027660
7 0.180665 0.661300 0.029050 0.031800
7 0.238035 0.834610 0.022830 0.024540
7 0.297220 0.832890 0.021960 0.030740
7 0.418265 0.711760 0.025590 0.029720
7 0.475550 0.806800 0.024720 0.029720
7 0.533610 0.731110 0.023000 0.028340
7 0.590895 0.842050 0.024210 0.029020
7 0.649390 0.654220 0.028180 0.023160
7 0.708830 0.689990 0.031300 0.033180
7 0.765520 0.641940 0.033700 0.026960
7 0.824175 0.843780 0.025250 0.029040
7 0.944185 0.714520 0.019550 0.027640
0 0.532670 0.924690 0.904500 0.115940
1 0.045755 0.470650 0.074310 0.831740
2 0.534385 0.046150 0.480150 0.050220
3 0.930845 0.809270 0.112750 0.106500
5 0.532215 0.471720 0.908030 0.792040
10 0.531665 0.953290 0.050410 0.044540
11 0.021785 0.475770 0.023110 0.351900
7 0.943805 0.547810 0.030210 0.027580
7 0.883065 0.528110 0.032170 0.035460
7 0.827315 0.208730 0.033490 0.030220
7 0.764875 0.598370 0.036110 0.036780
7 0.709715 0.092770 0.034810 0.034140
8 0.649370 0.906920 0.032180 0.048720
8 0.531505 0.901020 0.021010 0.039520
8 0.414295 0.903710 0.024290 0.036780
8 0.298070 0.902990 0.026920 0.038220
8 0.178235 0.904300 0.024950 0.038200
9 0.055590 0.547820 0.043040 0.043000
9 0.055590 0.399470 0.041320 0.047300
9 0.054515 0.242540 0.041750 0.043000
9 0.053440 0.088600 0.041320 0.036120
7 0.648650 0.720510 0.032180 0.036780
7 0.592175 0.159740 0.037430 0.028880
7 0.533405 0.300260 0.040710 0.028880
7 0.472340 0.501850 0.039400 0.017060
7 0.412920 0.374470 0.030860 0.035460
7 0.353820 0.662070 0.034800 0.038100
7 0.119730 0.086850 0.038080 0.035460
7 0.178500 0.086200 0.032180 0.026280
7 0.238910 0.591150 0.026920 0.038100
