7 0.826265 0.302230 0.036770 0.038100
7 0.121700 0.216870 0.034140 0.038100
7 0.180140 0.534030 0.030200 0.028900
7 0.238905 0.207020 0.033490 0.034160
7 0.297020 0.467050 0.030200 0.034140
7 0.354805 0.463770 0.038090 0.035460
7 0.412590 0.639090 0.039400 0.036780
7 0.470040 0.654850 0.034800 0.026260
7 0.529470 0.698840 0.034140 0.032840
7 0.590535 0.085540 0.030210 0.038080
7 0.648975 0.333090 0.038090 0.028900
7 0.708075 0.252980 0.034150 0.047280
7 0.767830 0.430940 0.039400 0.038080
7 0.886350 0.483460 0.036120 0.032840
7 0.943475 0.128230 0.033490 0.028900
11 0.021785 0.475550 0.025310 0.360260
10 0.531985 0.954440 0.050790 0.047360
7 0.944045 0.799210 0.024930 0.027940
7 0.884720 0.796180 0.028380 0.028800
7 0.826255 0.660250 0.032710 0.029940
7 0.767795 0.657370 0.032990 0.030540
7 0.709185 0.844130 0.025790 0.026780
7 0.649780 0.812320 0.023920 0.025920
7 0.590960 0.633610 0.028380 0.023900
5 0.532210 0.472470 0.906540 0.808380
3 0.136750 0.811130 0.105940 0.105260
2 0.533785 0.045560 0.475970 0.052600
1 0.046270 0.465490 0.070180 0.815260
0 0.533615 0.924690 0.904510 0.112180
7 0.533360 0.782210 0.023200 0.025060
7 0.473815 0.677820 0.027670 0.024760
7 0.414845 0.835210 0.023490 0.026220
7 0.358690 0.811450 0.024640 0.038580
7 0.295545 0.736570 0.030830 0.029380
7 0.239600 0.760470 0.024060 0.029380
7 0.180625 0.678340 0.033690 0.027080
9 0.067200 0.851810 0.018960 0.043860
9 0.052165 0.698570 0.044290 0.047300
9 0.056880 0.545240 0.043040 0.048160
9 0.055160 0.395170 0.039600 0.043860
9 0.055160 0.243400 0.037020 0.041280
9 0.052580 0.089030 0.040460 0.045580
8 0.882475 0.910870 0.029550 0.046100
8 0.767895 0.910210 0.024950 0.042140
8 0.651340 0.912180 0.030860 0.046080
8 0.531505 0.905680 0.019690 0.040720
8 0.414950 0.905610 0.019040 0.035580
8 0.297745 0.900360 0.017070 0.035600
8 0.178560 0.905610 0.015100 0.038220
