8 0.413965 0.901020 0.014450 0.034280
8 0.532160 0.901670 0.018380 0.030340
8 0.649700 0.908970 0.026260 0.034140
8 0.767565 0.906990 0.024290 0.040700
7 0.709455 0.668630 0.028870 0.021780
7 0.767605 0.621270 0.030430 0.024540
7 0.826610 0.710100 0.025760 0.031440
5 0.533700 0.465780 0.906540 0.800960
3 0.929915 0.810510 0.114610 0.131260
2 0.532140 0.043170 0.476860 0.056180
1 0.046530 0.473230 0.069660 0.814220
0 0.531025 0.923280 0.902150 0.116880
7 0.885710 0.815680 0.024040 0.025560
7 0.942105 0.697830 0.023210 0.031100
7 0.238580 0.461140 0.034140 0.030200
7 0.180795 0.112460 0.028890 0.039400
8 0.884775 0.909550 0.030210 0.046100
7 0.533730 0.708050 0.020440 0.021860
11 0.022445 0.472690 0.021790 0.358060
10 0.532110 0.951750 0.049520 0.044540
7 0.593160 0.388250 0.047280 0.036780
7 0.649430 0.799640 0.026260 0.025920
7 0.472340 0.659440 0.019700 0.022320
7 0.416855 0.208340 0.036110 0.047280
7 0.354805 0.423710 0.034150 0.034140
7 0.295050 0.089480 0.031520 0.038080
7 0.533315 0.695590 0.029390 0.022460
7 0.768485 0.340320 0.034150 0.040720
7 0.708400 0.685050 0.022980 0.031500
7 0.239055 0.730520 0.021270 0.026280
7 0.180995 0.669690 0.029570 0.028340
7 0.943805 0.094080 0.028890 0.042040
7 0.886025 0.368550 0.036770 0.036780
7 0.123010 0.375120 0.035460 0.028880
7 0.826270 0.667320 0.030200 0.024960
7 0.648980 0.621360 0.039400 0.038080
7 0.590445 0.824200 0.029090 0.030240
7 0.474125 0.616650 0.031630 0.024180
7 0.415310 0.841630 0.030600 0.030060
7 0.355350 0.615780 0.031980 0.027640
7 0.296690 0.637040 0.035960 0.030080
7 0.120925 0.730170 0.028510 0.034220
9 0.056165 0.777950 0.033970 0.042140
9 0.052510 0.688940 0.045580 0.055040
9 0.055950 0.594340 0.042140 0.043000
9 0.055735 0.498020 0.040850 0.044720
9 0.055950 0.409460 0.042140 0.043000
9 0.053155 0.315720 0.038270 0.048160
9 0.053585 0.228000 0.038270 0.049880
9 0.052940 0.129960 0.043000 0.043000
8 0.179220 0.905610 0.021660 0.038220
8 0.297740 0.900430 0.023640 0.027580
