7 0.530125 0.446040 0.039390 0.031520
7 0.589220 0.698180 0.031520 0.028880
7 0.652260 0.220810 0.036780 0.038100
7 0.709060 0.695550 0.022980 0.026260
7 0.767170 0.477560 0.039400 0.039400
7 0.826595 0.238540 0.036110 0.028880
7 0.885035 0.090140 0.033490 0.034160
7 0.942820 0.328500 0.036120 0.030200
8 0.179220 0.907580 0.021660 0.039520
8 0.296760 0.904300 0.020360 0.038200
8 0.413640 0.903710 0.019040 0.034140
8 0.533805 0.902980 0.021670 0.032960
8 0.650025 0.909550 0.024290 0.043460
8 0.770850 0.907580 0.026920 0.039520
8 0.884770 0.914150 0.027580 0.047420
11 0.021455 0.472690 0.024650 0.360700
10 0.532425 0.952140 0.052950 0.052440
9 0.066055 0.856640 0.020210 0.036120
7 0.122215 0.811220 0.021430 0.024880
5 0.532585 0.466520 0.907290 0.790560
3 0.928060 0.139950 0.105940 0.122580
2 0.532595 0.044370 0.479550 0.052620
1 0.046015 0.467560 0.072750 0.821440
0 0.534085 0.921860 0.903570 0.108400
7 0.180815 0.838320 0.025570 0.022800
7 0.238965 0.830350 0.026090 0.028980
7 0.295380 0.750880 0.031800 0.029040
7 0.359145 0.778010 0.024890 0.027300
7 0.415565 0.762280 0.026090 0.032480
7 0.473795 0.679340 0.033010 0.026280
7 0.533590 0.800470 0.024020 0.032820
9 0.054660 0.185000 0.042140 0.046440
9 0.055305 0.353130 0.039130 0.036980
9 0.054660 0.524680 0.039560 0.044720
9 0.051435 0.681200 0.043430 0.046440
7 0.589830 0.770760 0.025920 0.025920
7 0.650050 0.779910 0.025400 0.025580
7 0.710185 0.717160 0.024710 0.023880
7 0.766605 0.843130 0.024190 0.028300
7 0.825875 0.662920 0.026610 0.028000
7 0.883850 0.717860 0.023680 0.026640
7 0.940960 0.618510 0.033520 0.028340
7 0.121040 0.284500 0.031520 0.036760
7 0.178825 0.347540 0.030210 0.039400
7 0.236940 0.379720 0.034800 0.032840
7 0.296690 0.299610 0.028240 0.035460
7 0.357760 0.314050 0.032180 0.035460
7 0.415215 0.663380 0.034150 0.030200
7 0.473000 0.084230 0.034140 0.030220
