7 0.884450 0.674700 0.030500 0.027800
7 0.767550 0.804700 0.025100 0.024600
7 0.709300 0.684200 0.032200 0.025600
7 0.652200 0.839000 0.022800 0.024800
7 0.590550 0.797400 0.021700 0.023600
7 0.533800 0.721500 0.024800 0.024200
7 0.474450 0.646900 0.029900 0.024600
7 0.414800 0.707500 0.030200 0.024200
7 0.357200 0.760600 0.024000 0.029600
7 0.298000 0.824600 0.019000 0.022800
7 0.240195 0.728950 0.023310 0.023780
7 0.180250 0.739780 0.021540 0.022840
7 0.121705 0.844940 0.022470 0.025400
9 0.067855 0.864560 0.014950 0.030360
9 0.052925 0.711030 0.041330 0.038820
9 0.053795 0.560270 0.041090 0.033900
9 0.053795 0.405470 0.038090 0.035820
9 0.053425 0.251440 0.037850 0.038320
9 0.052315 0.096420 0.037830 0.030360
10 0.533320 0.954040 0.044300 0.043520
11 0.021665 0.474670 0.021550 0.349700
5 0.532585 0.467270 0.904310 0.795020
7 0.944790 0.086860 0.033480 0.032840
3 0.929605 0.138090 0.110270 0.113940
2 0.531550 0.044670 0.481640 0.052020
1 0.045495 0.464970 0.073790 0.832780
0 0.535025 0.924690 0.905450 0.112180
7 0.883720 0.166970 0.034800 0.035460
7 0.826270 0.530740 0.039400 0.038080
7 0.770125 0.622010 0.037430 0.036780
7 0.708075 0.322580 0.034150 0.047280
7 0.649635 0.490030 0.045970 0.040700
7 0.590535 0.342290 0.045970 0.042020
7 0.532750 0.690960 0.030200 0.035440
8 0.885105 0.909620 0.029550 0.048600
8 0.767895 0.909620 0.028890 0.045960
8 0.648385 0.903060 0.018390 0.053840
8 0.532490 0.903710 0.020360 0.036780
8 0.415605 0.905020 0.021670 0.047280
8 0.298075 0.898460 0.013790 0.044640
8 0.179220 0.905030 0.020360 0.042020
7 0.473325 0.115090 0.036110 0.034140
7 0.416530 0.218840 0.034140 0.031520
7 0.354805 0.465080 0.045970 0.032840
7 0.295380 0.717220 0.028240 0.032840
7 0.236935 0.320620 0.037430 0.040720
7 0.178825 0.137420 0.042030 0.039400
7 0.120715 0.611500 0.040050 0.031520
7 0.943650 0.788100 0.023900 0.023800
7 0.825600 0.741500 0.025800 0.024200
