7 0.238250 0.144640 0.032180 0.040720
7 0.296365 0.258240 0.036770 0.036760
7 0.357760 0.239200 0.040060 0.030200
7 0.414890 0.584590 0.034800 0.040700
7 0.473000 0.700810 0.027580 0.036780
7 0.529140 0.560290 0.044000 0.047260
7 0.589225 0.491350 0.038090 0.027580
7 0.650945 0.397450 0.030210 0.036780
7 0.711685 0.439460 0.043990 0.023640
7 0.768485 0.392850 0.036770 0.043340
7 0.826595 0.604280 0.036110 0.040720
7 0.883395 0.660750 0.031510 0.035460
7 0.944790 0.471650 0.037420 0.035460
5 0.532300 0.473590 0.905060 0.784020
9 0.053415 0.103840 0.040610 0.034640
9 0.053320 0.259610 0.037920 0.041140
9 0.054540 0.409990 0.042580 0.046780
9 0.053800 0.566510 0.041580 0.035340
9 0.053295 0.719300 0.040090 0.045280
7 0.122530 0.725920 0.029440 0.026120
7 0.181640 0.845110 0.022000 0.024060
7 0.238560 0.654970 0.030500 0.024460
7 0.298275 0.680470 0.028010 0.024060
11 0.021995 0.473570 0.021330 0.358060
10 0.532365 0.954180 0.046970 0.039200
7 0.358100 0.770460 0.019920 0.028200
7 0.416160 0.792860 0.020340 0.025720
7 0.474530 0.766730 0.023040 0.026540
7 0.532700 0.747450 0.023660 0.026140
7 0.590450 0.707220 0.029260 0.022800
7 0.652035 0.765080 0.022210 0.028200
7 0.708435 0.810910 0.023870 0.025300
7 0.768360 0.694580 0.029260 0.031520
7 0.826415 0.753880 0.022230 0.024040
7 0.883655 0.701620 0.031750 0.025720
7 0.944720 0.656630 0.034860 0.027780
3 0.929295 0.807420 0.105950 0.110200
2 0.532590 0.045850 0.480740 0.050820
1 0.046425 0.475190 0.072230 0.818340
0 0.532670 0.926580 0.904500 0.123480
8 0.181850 0.904360 0.019040 0.038080
8 0.299385 0.903710 0.025610 0.049900
8 0.414620 0.901670 0.027580 0.035580
8 0.534130 0.901020 0.026260 0.039520
8 0.650685 0.907580 0.029550 0.050040
8 0.766250 0.909550 0.026920 0.059220
8 0.885430 0.909550 0.027580 0.051340
7 0.121370 0.084890 0.040060 0.034140
7 0.179815 0.756630 0.033490 0.019700
