7 0.294720 0.596400 0.038740 0.032840
7 0.121045 0.547160 0.032830 0.031520
7 0.179480 0.746110 0.031520 0.019700
7 0.238580 0.343600 0.035460 0.034160
7 0.355790 0.115090 0.037420 0.034140
7 0.413575 0.290420 0.036110 0.038080
7 0.473655 0.270050 0.030210 0.034140
7 0.530455 0.086200 0.029550 0.034160
7 0.590535 0.090140 0.028890 0.028880
7 0.649965 0.404010 0.037430 0.036780
7 0.710375 0.492660 0.037430 0.032840
7 0.769140 0.698840 0.026260 0.035440
7 0.820030 0.507100 0.036120 0.038080
7 0.882740 0.637770 0.034140 0.042020
7 0.943145 0.226720 0.028890 0.039400
9 0.052080 0.136840 0.043000 0.048160
9 0.052510 0.231440 0.039560 0.037840
9 0.051865 0.320880 0.035690 0.037840
9 0.052725 0.418490 0.042570 0.040420
9 0.055305 0.508340 0.037410 0.037840
9 0.051865 0.595630 0.037410 0.040420
9 0.054875 0.692810 0.043430 0.040420
9 0.057885 0.782250 0.031390 0.036980
7 0.943015 0.690430 0.030410 0.034900
7 0.883715 0.740480 0.028690 0.029720
7 0.826085 0.815810 0.028510 0.025580
7 0.707405 0.772340 0.025410 0.024520
7 0.650430 0.761550 0.025920 0.033180
7 0.591500 0.649580 0.034240 0.026960
7 0.531455 0.697270 0.030950 0.028340
7 0.471240 0.774520 0.031800 0.031440
7 0.413000 0.685700 0.034580 0.039040
7 0.356500 0.840700 0.025580 0.029720
7 0.296365 0.670490 0.031450 0.032140
7 0.239430 0.710760 0.022640 0.026960
7 0.181535 0.624700 0.028530 0.031800
0 0.533615 0.920450 0.904510 0.105580
1 0.046530 0.469620 0.073780 0.809040
2 0.532295 0.044360 0.483130 0.057400
3 0.136750 0.811750 0.107180 0.108980
5 0.531465 0.467260 0.908030 0.800960
10 0.531215 0.952140 0.047990 0.045800
11 0.022545 0.474010 0.025510 0.356300
8 0.886415 0.907590 0.022990 0.036900
8 0.767240 0.910270 0.023640 0.034140
8 0.648715 0.907590 0.024290 0.044780
8 0.532160 0.903710 0.019700 0.034140
8 0.416265 0.902990 0.020350 0.027700
8 0.298400 0.901740 0.017080 0.027560
8 0.179875 0.904960 0.013790 0.031640
