7 0.710285 0.807340 0.021970 0.026640
8 0.885430 0.913560 0.031520 0.053840
8 0.767240 0.913560 0.027580 0.053840
8 0.649045 0.912180 0.024950 0.056600
8 0.531830 0.906270 0.022980 0.044780
8 0.414950 0.901680 0.026920 0.048720
8 0.297085 0.904960 0.022330 0.042160
8 0.179220 0.904960 0.026920 0.039520
0 0.532195 0.921400 0.905450 0.111240
1 0.044985 0.473750 0.075850 0.817300
2 0.532890 0.046460 0.478960 0.056800
3 0.138920 0.136860 0.101600 0.113920
5 0.532580 0.463560 0.910260 0.790560
7 0.944105 0.684220 0.030730 0.025680
7 0.883985 0.648580 0.032890 0.029760
7 0.825965 0.709780 0.026050 0.023520
7 0.768005 0.842740 0.021970 0.022560
7 0.647580 0.756720 0.026520 0.026400
7 0.592145 0.752500 0.024250 0.023040
7 0.534545 0.803380 0.024490 0.025440
7 0.474785 0.760060 0.025210 0.026640
7 0.415265 0.784540 0.022810 0.023760
7 0.357425 0.745420 0.022330 0.023280
7 0.297965 0.755980 0.024370 0.031440
7 0.238500 0.653400 0.031560 0.026160
7 0.180120 0.809950 0.024920 0.029940
7 0.120840 0.636000 0.030480 0.033600
9 0.066025 0.857180 0.015970 0.034840
9 0.053725 0.701010 0.039450 0.035100
9 0.054985 0.540840 0.039090 0.038680
9 0.054805 0.384980 0.035870 0.042280
9 0.053725 0.225880 0.035870 0.036560
7 0.944460 0.198490 0.027580 0.035460
7 0.883065 0.597710 0.029550 0.035460
7 0.826925 0.394160 0.032830 0.032840
7 0.766515 0.363960 0.035450 0.032840
7 0.707415 0.549790 0.036770 0.034140
7 0.649960 0.656160 0.030860 0.028880
7 0.590540 0.365930 0.039400 0.042020
7 0.536695 0.365930 0.036770 0.042020
7 0.473325 0.314710 0.036110 0.036780
7 0.417185 0.268740 0.034150 0.036760
7 0.354805 0.132170 0.035450 0.021020
7 0.295375 0.084880 0.033490 0.031520
7 0.239235 0.393510 0.036770 0.034140
7 0.178170 0.524180 0.035460 0.032840
7 0.118745 0.753340 0.043990 0.036760
11 0.021335 0.473570 0.021330 0.358060
10 0.535290 0.953550 0.046200 0.042020
