8 0.297745 0.901080 0.021010 0.039400
8 0.415935 0.901080 0.022330 0.036760
8 0.535115 0.904370 0.028230 0.032820
8 0.649040 0.909620 0.027580 0.048600
8 0.765920 0.907650 0.027580 0.042020
8 0.883785 0.908310 0.029550 0.056460
9 0.054945 0.095480 0.045190 0.039560
9 0.054300 0.258880 0.044760 0.043000
9 0.053655 0.422690 0.035730 0.043860
9 0.053440 0.584800 0.039600 0.037840
9 0.054515 0.749490 0.040030 0.043860
7 0.120645 0.693600 0.030670 0.025360
7 0.179280 0.828120 0.025680 0.022800
7 0.237400 0.693100 0.034800 0.027000
7 0.297000 0.815300 0.030400 0.033000
7 0.357420 0.696240 0.030600 0.027840
7 0.413400 0.708860 0.030840 0.024000
7 0.474360 0.730680 0.029760 0.028080
7 0.532950 0.791400 0.021100 0.025200
7 0.592800 0.812400 0.024400 0.028800
7 0.647500 0.812000 0.025000 0.035200
7 0.709950 0.683100 0.032100 0.027800
7 0.767850 0.824300 0.023300 0.029800
7 0.826500 0.749700 0.033200 0.032600
7 0.884200 0.846500 0.024400 0.027400
7 0.943300 0.697800 0.034800 0.028000
7 0.949385 0.102610 0.032170 0.035460
7 0.887995 0.086200 0.040710 0.026280
7 0.826270 0.390220 0.034140 0.024960
7 0.765200 0.129540 0.030200 0.052520
7 0.710700 0.280560 0.030200 0.039400
7 0.648980 0.551750 0.039400 0.048580
7 0.584630 0.781580 0.031520 0.030200
7 0.533735 0.664040 0.029550 0.034160
7 0.472015 0.783550 0.028230 0.028900
7 0.413575 0.747430 0.028230 0.024940
7 0.355465 0.405330 0.036770 0.034140
7 0.295705 0.182070 0.032830 0.034140
7 0.239235 0.337690 0.030210 0.035460
7 0.180465 0.131510 0.029550 0.027580
7 0.121370 0.117720 0.034800 0.034160
0 0.533140 0.923750 0.904500 0.114060
1 0.046270 0.462390 0.077400 0.806980
2 0.535425 0.044070 0.478650 0.057980
3 0.926815 0.135610 0.114610 0.133740
5 0.535555 0.467270 0.905810 0.792060
10 0.533315 0.955570 0.055750 0.050140
11 0.020575 0.477530 0.026410 0.362460
8 0.178235 0.906340 0.022330 0.039400
