7 0.355790 0.612170 0.033480 0.035460
8 0.883465 0.912840 0.032830 0.047400
8 0.768550 0.909550 0.027580 0.046100
8 0.648055 0.910870 0.036110 0.053980
8 0.531835 0.905610 0.024290 0.043460
8 0.412985 0.904300 0.025610 0.040840
8 0.297745 0.903650 0.026270 0.044780
8 0.179875 0.905680 0.025610 0.040720
7 0.943480 0.558980 0.038740 0.036760
7 0.884710 0.337030 0.039400 0.036780
7 0.827255 0.625290 0.041370 0.043340
7 0.766190 0.082920 0.030860 0.032840
7 0.710045 0.422390 0.034150 0.034140
7 0.648650 0.549780 0.034800 0.036760
7 0.586600 0.434210 0.039400 0.042020
7 0.531110 0.488720 0.040060 0.032840
7 0.474320 0.293040 0.034160 0.040720
7 0.414885 0.422400 0.033490 0.028880
7 0.297020 0.474920 0.035460 0.039400
7 0.237595 0.501850 0.036110 0.032820
7 0.181455 0.616100 0.034150 0.032840
7 0.122355 0.425680 0.040710 0.043320
11 0.021205 0.472980 0.021550 0.355360
10 0.530455 0.951890 0.051290 0.049380
9 0.052125 0.105030 0.039990 0.043860
9 0.052790 0.260240 0.037020 0.036120
9 0.054920 0.415900 0.040420 0.037840
9 0.052125 0.574570 0.039990 0.035260
9 0.054920 0.726770 0.041280 0.036980
7 0.123045 0.756200 0.025510 0.032760
7 0.180835 0.699050 0.035250 0.022820
7 0.239065 0.677820 0.034830 0.028600
7 0.296960 0.802990 0.027780 0.029860
7 0.357720 0.671060 0.032760 0.024880
7 0.416085 0.753200 0.022190 0.025760
7 0.474670 0.804020 0.023220 0.027800
7 0.533350 0.831990 0.023220 0.025740
7 0.591725 0.812290 0.020530 0.026180
7 0.649845 0.672010 0.033590 0.026140
7 0.708465 0.844660 0.024270 0.022800
7 0.768290 0.815400 0.022400 0.025680
7 0.825625 0.731610 0.032150 0.027380
7 0.886280 0.833630 0.021980 0.029020
7 0.943405 0.797380 0.021770 0.027800
5 0.532955 0.462810 0.905050 0.786100
3 0.136135 0.136850 0.108410 0.108980
2 0.530800 0.044670 0.480740 0.052020
1 0.045240 0.474260 0.075340 0.812160
0 0.534320 0.926110 0.904040 0.120660
