7 0.886675 0.657470 0.040710 0.042020
8 0.885430 0.908300 0.038080 0.045960
8 0.768550 0.908310 0.032840 0.043340
8 0.648385 0.905680 0.028890 0.045960
8 0.535115 0.898460 0.028230 0.044640
8 0.413640 0.899120 0.026920 0.045960
8 0.297090 0.903060 0.019700 0.038080
8 0.181190 0.905680 0.025600 0.032840
11 0.020895 0.475110 0.021330 0.357620
10 0.532555 0.952020 0.049130 0.048120
5 0.534065 0.470980 0.902830 0.793520
3 0.137370 0.807420 0.107180 0.115160
2 0.533190 0.047650 0.480140 0.054420
1 0.046790 0.476320 0.074300 0.836920
0 0.534085 0.924220 0.903570 0.113120
9 0.053870 0.221040 0.039600 0.037840
9 0.053870 0.382700 0.042180 0.046440
9 0.054085 0.541370 0.040030 0.040420
9 0.055590 0.700900 0.039600 0.039560
9 0.067410 0.859980 0.015960 0.036120
7 0.121920 0.733800 0.025920 0.029040
7 0.239270 0.778940 0.023880 0.034320
7 0.296035 0.720380 0.026770 0.030000
7 0.355980 0.772920 0.026280 0.029040
7 0.413460 0.812400 0.029400 0.027840
7 0.474840 0.692400 0.028800 0.033120
7 0.532320 0.681480 0.029040 0.031440
7 0.591180 0.811800 0.026040 0.035280
7 0.710115 0.846240 0.029950 0.037440
7 0.764115 0.683810 0.038590 0.032820
7 0.825455 0.824780 0.031110 0.034280
7 0.885080 0.783250 0.022760 0.034260
7 0.943500 0.687840 0.033240 0.029280
7 0.942160 0.084890 0.034800 0.034140
7 0.827910 0.441440 0.038740 0.040720
7 0.766845 0.375770 0.040050 0.035460
7 0.710370 0.486740 0.034800 0.039400
7 0.649635 0.638430 0.032830 0.038100
7 0.590865 0.224750 0.037430 0.035460
7 0.532095 0.299600 0.032830 0.030200
7 0.473325 0.258240 0.037430 0.028880
7 0.415215 0.513010 0.034150 0.034140
7 0.352835 0.446030 0.044650 0.034140
7 0.297680 0.682420 0.031520 0.031520
7 0.235955 0.704090 0.028890 0.017060
7 0.180470 0.660750 0.042680 0.035460
7 0.122355 0.513670 0.030210 0.040700
