8 0.884445 0.905680 0.028230 0.048600
2 0.532890 0.044660 0.476560 0.054400
11 0.020235 0.472690 0.023530 0.356300
10 0.535610 0.955080 0.050660 0.046080
0 0.533615 0.920920 0.905450 0.114080
8 0.297085 0.899730 0.021010 0.039460
8 0.180535 0.905680 0.024290 0.040720
9 0.052770 0.086110 0.041280 0.040420
9 0.053220 0.244760 0.041320 0.039560
9 0.054920 0.399130 0.040420 0.036980
9 0.053630 0.559090 0.038700 0.043860
9 0.053220 0.717310 0.036160 0.031820
7 0.121700 0.714630 0.031800 0.026620
7 0.120710 0.084230 0.034800 0.040700
7 0.178495 0.320610 0.029550 0.035460
7 0.237925 0.531400 0.034150 0.034160
7 0.297020 0.170250 0.039400 0.036780
7 0.353160 0.592460 0.034800 0.040720
7 0.415215 0.674540 0.034150 0.039400
7 0.472340 0.293700 0.035460 0.036760
7 0.531765 0.646310 0.033490 0.035460
7 0.590210 0.397450 0.038740 0.028900
7 0.651275 0.442090 0.033490 0.042020
7 0.710045 0.448660 0.032830 0.044640
7 0.767500 0.713290 0.033480 0.027580
7 0.824955 0.611510 0.035450 0.034140
7 0.883395 0.216210 0.031510 0.036780
7 0.944135 0.686360 0.040050 0.036760
7 0.179630 0.699690 0.032160 0.027300
7 0.239590 0.837070 0.028360 0.027660
7 0.297310 0.708680 0.029740 0.023160
7 0.356105 0.680580 0.029550 0.022800
7 0.417320 0.770370 0.024040 0.020740
7 0.473130 0.717660 0.027840 0.023840
7 0.533090 0.714210 0.031640 0.029380
7 0.591630 0.665890 0.029200 0.027300
7 0.650165 0.737020 0.028350 0.030760
7 0.709480 0.752640 0.021940 0.025240
7 0.767670 0.843290 0.022140 0.025580
7 0.825885 0.674450 0.029670 0.023340
7 0.884700 0.657240 0.028440 0.024720
7 0.943400 0.793100 0.022800 0.023800
1 0.045495 0.466530 0.075850 0.813180
3 0.136135 0.811750 0.108410 0.111460
8 0.413640 0.904370 0.020360 0.040700
8 0.531830 0.902400 0.022980 0.044640
8 0.649700 0.908300 0.027580 0.045960
8 0.766910 0.908310 0.028240 0.043340
5 0.532215 0.470980 0.903570 0.793520
