7 0.767970 0.781960 0.022000 0.024880
7 0.708455 0.782990 0.019930 0.028620
5 0.532955 0.473960 0.912490 0.799480
3 0.135205 0.136230 0.111510 0.110220
2 0.532290 0.048250 0.481340 0.050820
1 0.044725 0.468590 0.078430 0.817300
0 0.533850 0.926100 0.904980 0.113120
7 0.591195 0.693590 0.032830 0.019700
7 0.533410 0.551750 0.042020 0.032820
7 0.473000 0.312080 0.042020 0.047280
7 0.415870 0.238540 0.038080 0.039400
7 0.355790 0.367240 0.036120 0.042040
7 0.357085 0.648410 0.026350 0.023220
7 0.298505 0.721610 0.024910 0.022820
7 0.239820 0.842510 0.023660 0.019900
7 0.179690 0.662310 0.032780 0.029460
7 0.123665 0.729860 0.025090 0.028200
9 0.053010 0.090750 0.041320 0.043860
9 0.054085 0.241250 0.039170 0.045580
9 0.054515 0.395600 0.040890 0.041280
9 0.053010 0.549970 0.041320 0.043860
9 0.053440 0.706060 0.036160 0.039560
9 0.066125 0.859120 0.018530 0.030960
8 0.531835 0.901080 0.017730 0.044640
8 0.649040 0.910940 0.027580 0.045960
7 0.647600 0.841880 0.025940 0.017840
7 0.592445 0.790660 0.023430 0.031520
8 0.766580 0.910940 0.026260 0.045960
8 0.881495 0.910940 0.032830 0.045960
7 0.532615 0.732600 0.021590 0.024880
7 0.474135 0.808290 0.021170 0.022820
7 0.415455 0.816790 0.021590 0.023220
7 0.648650 0.342940 0.030860 0.030200
11 0.020895 0.475770 0.021770 0.355420
10 0.533890 0.952400 0.045700 0.050400
7 0.124325 0.618730 0.044650 0.038100
7 0.179485 0.523520 0.034150 0.034160
7 0.707420 0.503170 0.035460 0.035460
7 0.767500 0.084880 0.032180 0.039400
7 0.824955 0.594430 0.031510 0.028900
7 0.883070 0.643020 0.030860 0.039400
7 0.943805 0.728390 0.031510 0.036780
7 0.238580 0.384970 0.035460 0.035460
7 0.298005 0.193880 0.038750 0.031520
8 0.179220 0.906270 0.020360 0.036900
8 0.297415 0.904300 0.021670 0.040840
8 0.413310 0.902990 0.024960 0.043460
7 0.946000 0.699430 0.030900 0.029020
7 0.884475 0.788340 0.026750 0.030680
7 0.827865 0.718050 0.026750 0.031100
