7 0.653245 0.104590 0.034810 0.026260
7 0.592510 0.683080 0.039400 0.035440
7 0.532750 0.455230 0.034140 0.036780
7 0.472670 0.084890 0.032180 0.028900
7 0.411930 0.610200 0.035460 0.039400
7 0.353820 0.144640 0.033480 0.045960
7 0.296690 0.485430 0.036120 0.026260
7 0.236940 0.489370 0.036120 0.034140
7 0.180470 0.174850 0.032180 0.035460
7 0.945000 0.743100 0.023520 0.027640
7 0.883825 0.724270 0.020750 0.027980
7 0.826455 0.759350 0.025590 0.026260
7 0.767440 0.787860 0.023000 0.021760
7 0.708605 0.702490 0.029390 0.026620
7 0.650125 0.845900 0.022410 0.028200
7 0.591350 0.790540 0.024680 0.025280
7 0.532860 0.842790 0.019720 0.027780
9 0.065025 0.860500 0.015910 0.037840
7 0.474400 0.815420 0.024680 0.023640
8 0.650355 0.908970 0.028890 0.065660
8 0.532820 0.903710 0.030200 0.044660
8 0.417905 0.903690 0.030210 0.034180
8 0.298070 0.901740 0.020360 0.040720
8 0.179550 0.903050 0.019700 0.048580
7 0.120975 0.724890 0.023430 0.029020
7 0.181805 0.785350 0.025530 0.029860
7 0.239035 0.711950 0.030510 0.037340
7 0.300410 0.799450 0.024280 0.024060
7 0.356515 0.778910 0.022390 0.028660
7 0.415390 0.725850 0.022000 0.031100
9 0.051265 0.102020 0.037410 0.036120
7 0.120055 0.140700 0.033490 0.032840
9 0.052125 0.260240 0.040850 0.037840
9 0.054060 0.407730 0.037840 0.036980
9 0.052145 0.556510 0.037450 0.045580
9 0.052360 0.711290 0.043040 0.038700
8 0.767565 0.908960 0.030870 0.044640
8 0.881165 0.908300 0.032170 0.045960
10 0.531025 0.955830 0.046330 0.045540
11 0.021015 0.474010 0.020250 0.351020
5 0.534065 0.473210 0.902830 0.797980
3 0.138920 0.811750 0.111520 0.104020
2 0.534980 0.046450 0.477760 0.050820
1 0.047565 0.473230 0.075850 0.814220
0 0.534085 0.926580 0.906390 0.123480
7 0.942885 0.282270 0.029550 0.048580
7 0.884380 0.666670 0.037420 0.049900
7 0.823640 0.235920 0.038080 0.055160
7 0.766515 0.407950 0.034150 0.031500
7 0.706105 0.457860 0.036770 0.039400
