7 0.649700 0.714400 0.025000 0.024000
11 0.020015 0.475550 0.024850 0.355860
10 0.532555 0.953290 0.050410 0.053700
7 0.238550 0.839900 0.025300 0.025400
7 0.181780 0.761640 0.024600 0.027840
7 0.122520 0.753360 0.024480 0.022080
9 0.063560 0.849070 0.015480 0.042140
9 0.052150 0.703050 0.040460 0.059340
9 0.055375 0.560290 0.040030 0.040420
9 0.055375 0.409790 0.042610 0.049020
9 0.055590 0.254580 0.041320 0.039560
9 0.051505 0.108810 0.042610 0.038700
8 0.884120 0.907650 0.031520 0.049900
8 0.769205 0.908040 0.028890 0.044640
7 0.123670 0.386280 0.031520 0.032840
7 0.182440 0.718530 0.036120 0.027580
7 0.240220 0.467050 0.040060 0.028900
7 0.297020 0.728380 0.027580 0.031520
7 0.353820 0.403350 0.030860 0.043340
7 0.412915 0.172870 0.037430 0.034140
7 0.470700 0.183380 0.037420 0.031520
7 0.533080 0.082910 0.033480 0.027580
7 0.591850 0.452600 0.034140 0.031520
7 0.648320 0.387590 0.040720 0.027580
7 0.710700 0.249700 0.038080 0.038080
7 0.766840 0.536000 0.034800 0.032840
7 0.826270 0.507110 0.035460 0.035460
7 0.886680 0.490030 0.031520 0.030220
7 0.945350 0.747600 0.023500 0.026800
7 0.884400 0.729100 0.025400 0.025400
7 0.825450 0.814100 0.025500 0.029400
7 0.766950 0.725600 0.024300 0.028400
7 0.708650 0.694300 0.028500 0.023800
8 0.180205 0.903450 0.019690 0.043340
8 0.297740 0.905030 0.023640 0.042020
7 0.945775 0.541250 0.032830 0.035460
5 0.531470 0.470980 0.902080 0.811360
7 0.591250 0.772100 0.027100 0.026600
7 0.531720 0.734640 0.025440 0.029280
7 0.475590 0.732150 0.021580 0.022820
7 0.413695 0.709340 0.033410 0.029440
7 0.354850 0.847700 0.024300 0.027400
7 0.297200 0.679600 0.031400 0.026400
8 0.414620 0.907000 0.027580 0.038080
8 0.532490 0.901740 0.020360 0.038080
8 0.649700 0.908960 0.030200 0.039400
0 0.535025 0.924700 0.904510 0.117840
1 0.044720 0.467560 0.077400 0.811120
2 0.533635 0.043470 0.478650 0.053220
3 0.930535 0.807420 0.110890 0.120120
