0 0.513569 0.934680 0.775637 0.089880
5 0.511681 0.503010 0.773688 0.766020
7 0.159431 0.264050 0.046288 0.029860
7 0.183131 0.482410 0.048888 0.032300
7 0.208275 0.702510 0.034350 0.026260
7 0.233369 0.629710 0.039737 0.025620
7 0.256425 0.666600 0.039750 0.022800
7 0.282469 0.677410 0.038412 0.024260
7 0.306075 0.250560 0.040650 0.024960
7 0.330138 0.261210 0.040350 0.028100
7 0.355938 0.366730 0.041275 0.028340
7 0.378437 0.433300 0.039125 0.023400
7 0.404581 0.428660 0.037388 0.025200
7 0.451944 0.354670 0.044813 0.027860
7 0.427994 0.198900 0.040463 0.027880
7 0.500931 0.377560 0.038912 0.023880
7 0.476413 0.774210 0.031025 0.026340
7 0.524875 0.875300 0.032000 0.021000
7 0.548275 0.555530 0.042125 0.028340
7 0.573012 0.436290 0.039750 0.024180
7 0.622038 0.452880 0.040175 0.025560
7 0.597250 0.141630 0.040700 0.024060
7 0.669562 0.176050 0.044325 0.024900
7 0.646756 0.318710 0.041212 0.024060
7 0.696138 0.321210 0.043550 0.026540
7 0.742531 0.465110 0.041462 0.026540
7 0.717781 0.559050 0.039137 0.027780
7 0.767031 0.628100 0.041213 0.028200
7 0.791650 0.550340 0.040700 0.026120
7 0.841131 0.558670 0.042237 0.026140
7 0.865006 0.578130 0.040687 0.025300
10 0.513787 0.960250 0.047325 0.039820
3 0.218781 0.160820 0.174262 0.063520
9 0.102737 0.860890 0.025625 0.045820
8 0.864356 0.921370 0.025613 0.029700
8 0.743406 0.920110 0.027187 0.032220
8 0.622450 0.922630 0.027975 0.030940
8 0.502081 0.920740 0.023638 0.029680
8 0.379550 0.923260 0.024425 0.032200
9 0.096550 0.719720 0.038000 0.040880
8 0.257994 0.923260 0.013788 0.029680
9 0.098100 0.574830 0.038000 0.040860
9 0.096937 0.424990 0.037225 0.038380
9 0.095775 0.280110 0.039550 0.035900
9 0.094613 0.135220 0.038775 0.038400
8 0.138062 0.922540 0.016150 0.033400
2 0.512750 0.090750 0.196675 0.046980
11 0.060494 0.507030 0.031387 0.130780
1 0.085600 0.494800 0.081700 0.790840
