9 0.097713 0.432430 0.035675 0.045820
2 0.513912 0.091120 0.198150 0.044720
3 0.217931 0.160370 0.175588 0.058980
10 0.511700 0.962690 0.048850 0.036820
7 0.281713 0.386870 0.044575 0.032100
7 0.306219 0.235680 0.041987 0.029000
7 0.328800 0.683560 0.044575 0.029000
11 0.062169 0.506140 0.026538 0.125400
7 0.354613 0.244520 0.040700 0.020720
7 0.791931 0.511210 0.041363 0.027420
1 0.082869 0.505690 0.083062 0.819180
7 0.379262 0.258990 0.039925 0.023220
7 0.402938 0.533050 0.042925 0.023940
7 0.548925 0.766860 0.034250 0.025920
7 0.427200 0.805080 0.030225 0.022160
7 0.452575 0.502000 0.042175 0.022760
7 0.475531 0.704450 0.041063 0.026340
8 0.138319 0.922110 0.017638 0.030940
8 0.257719 0.925730 0.017012 0.029140
8 0.379412 0.921660 0.027800 0.024600
8 0.502531 0.917570 0.026662 0.032780
8 0.623100 0.921200 0.029500 0.034600
8 0.742806 0.923920 0.028363 0.032760
8 0.863963 0.922110 0.026725 0.030940
7 0.743731 0.278550 0.045138 0.023940
7 0.719475 0.214600 0.040775 0.025440
7 0.693125 0.417360 0.042675 0.025360
7 0.671081 0.500030 0.038537 0.025380
7 0.646050 0.492960 0.043375 0.021880
7 0.622069 0.338720 0.045213 0.029920
7 0.597450 0.818610 0.033625 0.024940
7 0.572881 0.719080 0.041088 0.025920
7 0.498675 0.429150 0.040300 0.025140
9 0.093837 0.146370 0.040325 0.048300
9 0.095000 0.289400 0.039550 0.054480
5 0.512500 0.505620 0.772050 0.768640
0 0.512431 0.935590 0.776762 0.091700
7 0.815412 0.782190 0.036075 0.023940
7 0.767994 0.816030 0.033312 0.024940
7 0.863019 0.628410 0.039838 0.028900
7 0.840000 0.482840 0.043575 0.026440
7 0.524388 0.176130 0.043900 0.028660
7 0.159131 0.730850 0.032837 0.029020
7 0.184750 0.703870 0.040600 0.024220
7 0.208425 0.540370 0.047525 0.026580
7 0.232662 0.824710 0.033175 0.023220
7 0.257506 0.814940 0.034763 0.024920
9 0.099644 0.859030 0.028712 0.044580
9 0.095388 0.719730 0.038775 0.045820
9 0.095775 0.576070 0.038000 0.048300
