7 0.526331 0.190940 0.040438 0.028360
7 0.500881 0.453870 0.040313 0.035900
7 0.473781 0.510840 0.045237 0.032320
7 0.451163 0.662050 0.037625 0.035180
7 0.426975 0.607940 0.043900 0.033040
7 0.400544 0.237450 0.044788 0.035900
7 0.354862 0.500810 0.043000 0.033740
7 0.331119 0.429100 0.039862 0.034400
7 0.305588 0.570990 0.043050 0.035340
7 0.286112 0.439800 0.044575 0.037160
7 0.234569 0.541600 0.047362 0.038640
7 0.187669 0.660470 0.052012 0.044580
7 0.157944 0.123290 0.048287 0.034180
10 0.513312 0.962830 0.049800 0.037700
9 0.095388 0.623690 0.043425 0.047180
9 0.095775 0.783430 0.038000 0.039740
5 0.516231 0.501860 0.776138 0.786840
8 0.864900 0.922700 0.033475 0.033600
8 0.744112 0.919250 0.026675 0.033580
8 0.258744 0.922870 0.019288 0.028140
8 0.623550 0.921970 0.031775 0.029940
1 0.087675 0.499160 0.076325 0.799560
0 0.513000 0.937400 0.775625 0.095320
8 0.500463 0.919710 0.025025 0.025420
8 0.138744 0.922880 0.018712 0.024520
11 0.061981 0.506740 0.026913 0.129000
8 0.380181 0.922430 0.027287 0.030860
9 0.097713 0.471990 0.038775 0.043460
9 0.094225 0.309150 0.041100 0.052140
9 0.098488 0.148160 0.041875 0.052120
3 0.218025 0.159600 0.174250 0.059280
2 0.515325 0.089600 0.197200 0.050760
7 0.554025 0.226260 0.053200 0.033840
7 0.864544 0.784770 0.045288 0.037980
7 0.619969 0.323320 0.044512 0.033840
7 0.671287 0.339480 0.045750 0.038320
7 0.744531 0.115800 0.038063 0.032960
7 0.791763 0.346190 0.044825 0.030820
7 0.570731 0.639650 0.044387 0.038700
7 0.598944 0.814160 0.033638 0.033680
7 0.645100 0.632490 0.042550 0.030100
7 0.696581 0.610280 0.039913 0.032960
7 0.718781 0.551650 0.046587 0.030100
7 0.766031 0.710250 0.044337 0.030820
7 0.813262 0.729600 0.042150 0.023640
7 0.839019 0.801980 0.032737 0.026520
