7 0.500287 0.438610 0.042250 0.026540
7 0.525956 0.383040 0.041763 0.025720
7 0.573387 0.431560 0.042800 0.026560
7 0.546794 0.614770 0.043238 0.026420
7 0.595944 0.590380 0.041988 0.023440
7 0.355388 0.765740 0.031725 0.023400
7 0.305775 0.780420 0.033275 0.025880
11 0.062363 0.508530 0.024675 0.125420
9 0.093063 0.158130 0.040325 0.049540
9 0.093837 0.298690 0.040325 0.048300
9 0.095775 0.441090 0.039550 0.043340
7 0.183537 0.805800 0.034525 0.027880
9 0.094613 0.587830 0.038775 0.044580
8 0.865075 0.921660 0.025525 0.033680
8 0.743944 0.922570 0.027237 0.031860
8 0.621675 0.923930 0.030075 0.034580
7 0.840137 0.615240 0.042275 0.029040
7 0.863744 0.803640 0.033663 0.025080
7 0.817381 0.810690 0.033863 0.025380
7 0.793288 0.790320 0.030775 0.026200
7 0.767356 0.331740 0.041463 0.029920
7 0.744775 0.458340 0.044825 0.029920
7 0.717906 0.571210 0.043337 0.025140
7 0.695400 0.706270 0.030750 0.022620
7 0.669963 0.703670 0.037125 0.020220
7 0.645775 0.722270 0.029250 0.021020
7 0.619812 0.722900 0.041625 0.023000
7 0.452713 0.815580 0.037325 0.023920
7 0.476413 0.793110 0.035150 0.023380
0 0.512719 0.937860 0.775063 0.094400
10 0.513406 0.962070 0.046562 0.040420
3 0.218781 0.160970 0.176912 0.063220
2 0.514881 0.090370 0.189588 0.047740
8 0.500825 0.922110 0.027800 0.032780
8 0.380263 0.924830 0.029500 0.030940
8 0.258281 0.920750 0.019288 0.026420
8 0.136300 0.923470 0.017025 0.028220
7 0.281975 0.585080 0.043550 0.029360
7 0.331431 0.413140 0.039187 0.027880
7 0.234119 0.175580 0.039962 0.023040
7 0.257894 0.327770 0.041063 0.023900
7 0.209000 0.404210 0.038825 0.027460
7 0.160362 0.382890 0.043675 0.026260
9 0.094613 0.727150 0.037225 0.045820
7 0.379412 0.598640 0.041525 0.028120
7 0.403081 0.424090 0.040688 0.026540
7 0.427456 0.558670 0.041237 0.026140
5 0.512913 0.504310 0.777775 0.773860
9 0.099644 0.868950 0.030262 0.044580
1 0.087300 0.499700 0.078300 0.800640
