7 0.694837 0.390050 0.042600 0.027220
7 0.865263 0.837660 0.031850 0.027240
7 0.842194 0.689680 0.044838 0.026520
7 0.815750 0.659140 0.044350 0.025800
5 0.511688 0.504320 0.775325 0.784320
1 0.083556 0.507330 0.083062 0.820260
0 0.512719 0.938760 0.775063 0.098040
11 0.062381 0.507340 0.027662 0.127800
7 0.791275 0.123410 0.045800 0.025900
10 0.512269 0.962680 0.049237 0.035560
3 0.218494 0.160220 0.173688 0.059280
2 0.512256 0.091500 0.194837 0.046960
7 0.767175 0.877370 0.035875 0.022940
7 0.744106 0.627970 0.043487 0.030100
7 0.719700 0.260700 0.042150 0.026520
7 0.672444 0.462430 0.043488 0.030100
7 0.646469 0.512600 0.043488 0.022920
7 0.622275 0.281480 0.040800 0.032240
7 0.596300 0.186170 0.045275 0.030820
7 0.572788 0.227730 0.040350 0.023660
7 0.549719 0.320890 0.046187 0.030820
8 0.136306 0.923020 0.018163 0.032760
8 0.257462 0.922110 0.017650 0.029140
8 0.381713 0.923470 0.030125 0.030060
8 0.501994 0.922560 0.026712 0.030040
8 0.622275 0.924380 0.026725 0.028240
8 0.744537 0.921660 0.026150 0.033680
8 0.865381 0.922560 0.027288 0.033680
7 0.159619 0.656400 0.044413 0.025080
7 0.185725 0.838730 0.035125 0.026860
7 0.209256 0.485790 0.044038 0.029260
7 0.233894 0.526990 0.044037 0.031660
7 0.259256 0.285130 0.041088 0.028060
7 0.281650 0.219140 0.044075 0.027480
7 0.305906 0.518930 0.042587 0.026260
7 0.330362 0.460700 0.044450 0.025680
7 0.377406 0.574170 0.043663 0.032860
7 0.354244 0.717500 0.032512 0.025680
7 0.451669 0.553270 0.041463 0.030460
7 0.527769 0.867330 0.039913 0.024380
7 0.403706 0.302630 0.046187 0.028660
7 0.428344 0.177930 0.044387 0.032980
7 0.499331 0.248160 0.046638 0.035840
7 0.477156 0.333080 0.044387 0.035120
9 0.094225 0.139560 0.036450 0.054480
9 0.096937 0.291870 0.041875 0.052020
9 0.097713 0.436760 0.038775 0.059440
9 0.095000 0.593410 0.036450 0.050780
9 0.095388 0.748820 0.037225 0.056960
