7 0.255150 0.703460 0.032250 0.029240
8 0.862831 0.921660 0.023312 0.033680
7 0.595375 0.792470 0.035475 0.026660
7 0.234725 0.770540 0.037625 0.030960
8 0.138038 0.922560 0.017075 0.030040
8 0.258031 0.921660 0.019912 0.030040
7 0.716037 0.729690 0.042450 0.026660
7 0.693194 0.553410 0.046212 0.031820
5 0.512906 0.497130 0.776137 0.793460
1 0.081169 0.501760 0.086462 0.813720
0 0.512437 0.936040 0.774500 0.092600
7 0.205700 0.670350 0.044075 0.035260
7 0.185006 0.879760 0.036013 0.020640
7 0.160069 0.247510 0.046762 0.031820
7 0.549150 0.117840 0.043000 0.027520
7 0.572531 0.506540 0.042462 0.029240
7 0.522544 0.513420 0.042462 0.030960
7 0.497819 0.179740 0.043538 0.027520
7 0.864650 0.799350 0.039775 0.031820
11 0.059750 0.509130 0.033625 0.132580
7 0.743444 0.141910 0.040313 0.027500
7 0.839925 0.734420 0.035475 0.032680
7 0.430906 0.196510 0.041913 0.030100
7 0.476856 0.532340 0.041388 0.025800
8 0.743119 0.923470 0.027862 0.030060
7 0.790744 0.649710 0.046762 0.031820
7 0.814931 0.282510 0.047838 0.031820
7 0.767631 0.535780 0.041388 0.030960
10 0.510269 0.962220 0.052462 0.035280
3 0.218025 0.159910 0.175775 0.061700
2 0.512019 0.089990 0.195312 0.054540
7 0.668206 0.229190 0.043538 0.030100
7 0.646437 0.342710 0.043000 0.024940
7 0.622788 0.653580 0.041925 0.029240
9 0.095388 0.267100 0.043425 0.056960
9 0.096550 0.415090 0.041100 0.045820
9 0.095775 0.568030 0.033350 0.049540
9 0.096163 0.717250 0.038775 0.050780
9 0.102356 0.866470 0.031037 0.044580
8 0.501994 0.921650 0.030137 0.031860
8 0.622275 0.923920 0.027850 0.032760
8 0.381713 0.923470 0.026725 0.030060
7 0.400269 0.640250 0.046212 0.028380
7 0.451056 0.592540 0.043537 0.027520
7 0.380656 0.263590 0.040313 0.026660
7 0.282025 0.272190 0.041925 0.023220
7 0.330400 0.573190 0.045150 0.026660
7 0.355394 0.721090 0.036013 0.024940
7 0.305944 0.687980 0.036013 0.025800
