7 0.305831 0.376710 0.042612 0.027860
7 0.426431 0.282140 0.043712 0.026280
10 0.513025 0.961320 0.050000 0.037120
3 0.217931 0.159610 0.177863 0.060500
2 0.512256 0.091870 0.196737 0.046220
7 0.450506 0.426090 0.047063 0.034700
11 0.059750 0.508830 0.029150 0.130780
8 0.137513 0.921640 0.021175 0.033880
8 0.257337 0.921650 0.018450 0.031700
8 0.378856 0.923820 0.028663 0.033880
8 0.502087 0.922190 0.027300 0.030620
8 0.621231 0.924370 0.031388 0.037140
8 0.744462 0.923830 0.030025 0.036060
8 0.865313 0.922740 0.029350 0.033880
7 0.280619 0.876640 0.035538 0.022400
7 0.331037 0.857980 0.031125 0.025720
7 0.376919 0.697890 0.042538 0.026540
7 0.402706 0.596080 0.039162 0.027800
7 0.474963 0.730930 0.039525 0.024220
7 0.501213 0.711060 0.031975 0.023200
7 0.524756 0.681860 0.039737 0.025600
7 0.548088 0.639520 0.040175 0.025960
7 0.597762 0.699310 0.029375 0.025940
7 0.573300 0.360720 0.042775 0.021560
7 0.622100 0.872480 0.033900 0.025880
7 0.646519 0.644060 0.038562 0.027880
7 0.671088 0.597530 0.044175 0.024380
7 0.694575 0.263450 0.042925 0.027380
7 0.719300 0.177600 0.040750 0.027880
7 0.768444 0.201740 0.040737 0.029360
7 0.742050 0.467830 0.041500 0.027420
7 0.817025 0.214610 0.040175 0.024580
7 0.789894 0.675160 0.042638 0.026880
7 0.838875 0.736870 0.037975 0.028860
7 0.863919 0.507940 0.044513 0.025880
7 0.184513 0.196030 0.046450 0.025220
7 0.160212 0.134430 0.039525 0.021100
7 0.209413 0.541190 0.042000 0.027380
7 0.234763 0.516560 0.041050 0.023880
7 0.257794 0.429470 0.041087 0.028860
0 0.512719 0.938770 0.775063 0.098060
1 0.083894 0.494690 0.082388 0.788660
5 0.512500 0.504970 0.776950 0.769940
9 0.099644 0.863990 0.030262 0.039620
9 0.095000 0.713530 0.038000 0.050780
9 0.096550 0.566790 0.039550 0.042100
9 0.096550 0.413850 0.039550 0.048300
9 0.095775 0.273290 0.039550 0.042100
9 0.093063 0.128410 0.041875 0.049540
7 0.353275 0.175580 0.043700 0.029320
