9 0.096162 0.432980 0.037225 0.052120
9 0.097713 0.595830 0.038775 0.043460
7 0.307294 0.228160 0.048837 0.026120
7 0.280981 0.387280 0.048837 0.029840
7 0.258156 0.468400 0.049612 0.031080
7 0.233381 0.637430 0.048063 0.027380
7 0.206681 0.228160 0.045737 0.031080
7 0.183856 0.389760 0.049613 0.032320
7 0.157150 0.703060 0.042650 0.029840
8 0.258200 0.921520 0.019350 0.034480
8 0.379019 0.923340 0.026088 0.032680
8 0.502988 0.921520 0.027800 0.029040
9 0.094613 0.756810 0.038775 0.040980
7 0.861931 0.709300 0.050363 0.039200
7 0.838394 0.116440 0.048438 0.032000
7 0.814850 0.560180 0.040050 0.034040
7 0.644575 0.474530 0.042625 0.031980
7 0.621356 0.504460 0.043912 0.029920
8 0.623269 0.922420 0.028937 0.032680
8 0.744144 0.921970 0.028987 0.033580
8 0.864988 0.921520 0.026725 0.032680
7 0.767769 0.528200 0.042638 0.036120
7 0.790662 0.368240 0.045850 0.029920
7 0.742931 0.160810 0.051012 0.038180
7 0.716169 0.719620 0.051663 0.035080
10 0.513362 0.962890 0.049400 0.037380
7 0.597494 0.727360 0.036188 0.029920
7 0.574600 0.640160 0.043275 0.033040
7 0.546544 0.812500 0.042638 0.035080
7 0.526869 0.185580 0.044562 0.032000
11 0.060681 0.507040 0.025038 0.127200
7 0.669725 0.220670 0.046500 0.031980
7 0.693594 0.407970 0.043913 0.033020
7 0.404500 0.230230 0.040850 0.025620
7 0.452375 0.420350 0.047800 0.035100
7 0.425606 0.680400 0.044562 0.030960
7 0.475269 0.702590 0.048438 0.034060
7 0.499456 0.544710 0.047788 0.034060
9 0.098100 0.276330 0.041100 0.050900
7 0.378369 0.217460 0.039312 0.023160
7 0.355281 0.257880 0.047287 0.031080
7 0.330519 0.815140 0.033362 0.033560
3 0.217931 0.160520 0.174063 0.059880
2 0.514850 0.093390 0.193425 0.044700
8 0.137356 0.922880 0.015938 0.029960
5 0.511681 0.495820 0.783488 0.783000
1 0.085975 0.505690 0.079725 0.799580
0 0.512719 0.937860 0.775063 0.094400
