7 0.719119 0.811970 0.037712 0.026460
7 0.163950 0.258280 0.046450 0.032840
7 0.305344 0.236690 0.038712 0.030700
7 0.282456 0.345760 0.039387 0.028000
8 0.379544 0.924370 0.034112 0.039340
8 0.500731 0.923820 0.034113 0.033880
8 0.620219 0.920560 0.034787 0.038240
8 0.136831 0.922190 0.019812 0.037140
8 0.744125 0.922190 0.032075 0.037140
7 0.816181 0.242650 0.040262 0.026780
7 0.790531 0.177190 0.040587 0.025220
7 0.670037 0.422780 0.044100 0.028000
5 0.512500 0.497770 0.772050 0.781700
1 0.084913 0.520940 0.081700 0.797400
0 0.512719 0.936950 0.775063 0.094420
9 0.100931 0.887930 0.029738 0.038180
9 0.094475 0.743930 0.040050 0.041380
9 0.096088 0.597380 0.040700 0.035200
9 0.096419 0.452910 0.038762 0.045500
9 0.096094 0.298630 0.038113 0.042420
9 0.094800 0.154680 0.034250 0.039320
8 0.866337 0.929810 0.030025 0.045860
7 0.695119 0.519200 0.045787 0.030160
7 0.766738 0.198010 0.040750 0.024420
7 0.207969 0.567430 0.041788 0.036140
7 0.184150 0.763800 0.047800 0.033400
7 0.233888 0.838900 0.031675 0.026440
7 0.258631 0.759760 0.031337 0.024240
7 0.328481 0.736750 0.038637 0.022340
7 0.354225 0.741230 0.031025 0.021820
11 0.060862 0.508520 0.024675 0.129000
7 0.864025 0.622830 0.040425 0.031900
7 0.378250 0.713170 0.038825 0.027540
7 0.451788 0.676230 0.041725 0.028060
7 0.475856 0.848020 0.029638 0.028680
7 0.501575 0.811700 0.033925 0.022120
8 0.259031 0.926010 0.025937 0.040420
7 0.524725 0.689160 0.041300 0.031480
7 0.573862 0.877180 0.031100 0.024680
7 0.402194 0.507830 0.043088 0.029100
7 0.427725 0.181640 0.046600 0.026520
7 0.547281 0.295940 0.046013 0.032760
7 0.598144 0.118440 0.040387 0.025640
7 0.619369 0.444320 0.043762 0.029080
7 0.645288 0.548280 0.041750 0.026920
2 0.516269 0.089610 0.200037 0.044700
3 0.218119 0.159910 0.175962 0.065980
10 0.512456 0.961920 0.048862 0.032840
7 0.741794 0.134930 0.042787 0.028540
7 0.839719 0.123850 0.039938 0.024660
