7 0.210469 0.783070 0.031987 0.024540
7 0.184656 0.348640 0.041412 0.026880
7 0.159963 0.136270 0.042475 0.026220
9 0.095775 0.754400 0.038000 0.058200
9 0.096163 0.599600 0.040325 0.048280
9 0.097713 0.452850 0.041875 0.044580
1 0.086281 0.500130 0.080337 0.801740
11 0.060494 0.506430 0.030637 0.130780
9 0.095000 0.304870 0.050375 0.045820
9 0.094225 0.152560 0.038000 0.050760
10 0.513687 0.962530 0.049800 0.037700
0 0.511869 0.939670 0.775637 0.101660
7 0.864831 0.691050 0.043287 0.029860
5 0.512906 0.506930 0.774513 0.773860
2 0.514144 0.088100 0.196737 0.052280
3 0.218781 0.159750 0.175388 0.062620
8 0.865525 0.922740 0.031775 0.030960
8 0.743550 0.923650 0.026100 0.030940
8 0.622981 0.925010 0.025538 0.030060
8 0.500719 0.922290 0.028362 0.033660
8 0.381006 0.927280 0.024963 0.036400
8 0.256756 0.920470 0.022687 0.037300
8 0.136756 0.923190 0.016463 0.026420
7 0.840869 0.281880 0.038137 0.023800
7 0.815062 0.279100 0.038375 0.025000
7 0.793806 0.132100 0.047837 0.027520
7 0.622088 0.176820 0.045150 0.029240
7 0.767825 0.535880 0.043000 0.025800
7 0.742069 0.791010 0.035387 0.034380
7 0.716312 0.727940 0.042100 0.025800
7 0.671300 0.777720 0.031800 0.023720
7 0.694812 0.570250 0.043000 0.024420
7 0.644206 0.632230 0.044787 0.028020
7 0.573438 0.788470 0.035825 0.026580
7 0.596725 0.498230 0.043000 0.028020
7 0.548356 0.247760 0.040313 0.030160
7 0.524837 0.593180 0.041650 0.030160
7 0.475569 0.597130 0.040763 0.026580
7 0.452500 0.321210 0.043900 0.028020
7 0.403906 0.414380 0.042562 0.030880
7 0.377256 0.173990 0.046137 0.031540
7 0.500356 0.817450 0.031362 0.026540
7 0.426488 0.744280 0.042775 0.031160
7 0.354687 0.750710 0.033950 0.029060
7 0.329550 0.520540 0.039650 0.030720
7 0.305312 0.445680 0.040425 0.032800
7 0.282069 0.685780 0.040838 0.020720
7 0.258525 0.794820 0.035225 0.026600
7 0.233900 0.670920 0.040850 0.029040
