7 0.258344 0.286890 0.050162 0.034180
8 0.622981 0.924240 0.029513 0.032680
8 0.743262 0.923340 0.026100 0.032680
8 0.865244 0.921520 0.024962 0.029040
10 0.511506 0.961000 0.047713 0.038920
3 0.218113 0.160670 0.174825 0.061420
2 0.511806 0.088860 0.197638 0.050760
7 0.158506 0.423610 0.047363 0.037140
7 0.209119 0.392400 0.048288 0.031200
7 0.183581 0.180640 0.058513 0.032680
7 0.235588 0.859750 0.036225 0.035660
7 0.283888 0.502360 0.051075 0.031200
8 0.501281 0.922420 0.023262 0.029040
7 0.307569 0.154630 0.048287 0.025260
7 0.331713 0.238600 0.042725 0.029720
7 0.381869 0.426570 0.048287 0.034180
7 0.354006 0.673250 0.050162 0.034180
7 0.477531 0.773570 0.046438 0.035660
7 0.449206 0.504600 0.052938 0.038640
7 0.427381 0.243790 0.048288 0.034180
7 0.401375 0.179150 0.044575 0.035660
7 0.499825 0.158360 0.050150 0.029720
7 0.549975 0.135310 0.042725 0.034180
7 0.527681 0.292090 0.052013 0.044580
7 0.594556 0.234140 0.057587 0.041600
7 0.652606 0.368630 0.051088 0.043100
7 0.673038 0.595990 0.054800 0.034180
7 0.621025 0.797340 0.047375 0.038640
7 0.573656 0.779500 0.047362 0.038640
7 0.694294 0.291820 0.041812 0.026880
7 0.722062 0.263330 0.048525 0.028660
7 0.741706 0.618390 0.051012 0.028900
7 0.770412 0.670960 0.046500 0.035200
7 0.792019 0.557450 0.045863 0.033140
7 0.813944 0.458380 0.052313 0.041400
7 0.839744 0.116290 0.044562 0.036220
7 0.864344 0.880600 0.035837 0.025680
9 0.096938 0.143210 0.044975 0.042220
9 0.095000 0.307290 0.044200 0.048420
9 0.098869 0.468890 0.042638 0.042220
9 0.096937 0.631120 0.041875 0.042240
9 0.095388 0.795810 0.037225 0.047180
5 0.512906 0.505620 0.776137 0.773840
1 0.081206 0.497520 0.089262 0.789760
0 0.512719 0.938770 0.775063 0.096220
11 0.061800 0.510910 0.028025 0.132580
8 0.137038 0.923330 0.018725 0.030860
8 0.258169 0.921520 0.019288 0.034480
8 0.379581 0.925150 0.024962 0.034500
