8 0.379881 0.922730 0.030712 0.036060
8 0.256994 0.925460 0.023212 0.034960
7 0.865181 0.843320 0.035512 0.027000
7 0.791881 0.761260 0.034988 0.027360
7 0.765838 0.605530 0.043550 0.027780
7 0.743956 0.324840 0.042338 0.030080
7 0.718131 0.366650 0.040838 0.031460
7 0.694694 0.204910 0.047537 0.034900
7 0.668506 0.529730 0.046913 0.028620
7 0.645681 0.681090 0.045912 0.028620
7 0.621200 0.618680 0.044575 0.028200
7 0.598938 0.336880 0.040875 0.027680
7 0.573444 0.457750 0.043038 0.029700
7 0.547706 0.497200 0.045562 0.029120
7 0.526519 0.333060 0.041962 0.025920
7 0.476662 0.200580 0.043750 0.019600
7 0.499631 0.574310 0.040162 0.028260
7 0.453100 0.618080 0.041425 0.028240
7 0.403631 0.816430 0.035663 0.027340
7 0.426744 0.725540 0.039988 0.028720
7 0.377169 0.719320 0.042788 0.026640
7 0.232787 0.496350 0.039525 0.032340
7 0.326256 0.300460 0.050538 0.034840
7 0.355494 0.216900 0.044462 0.032560
7 0.307375 0.174300 0.042250 0.024200
7 0.281525 0.194370 0.036000 0.025620
7 0.253188 0.188600 0.039625 0.022400
9 0.096938 0.290570 0.040325 0.037260
9 0.098100 0.430510 0.038000 0.042220
11 0.060869 0.507630 0.027662 0.124820
9 0.097713 0.147550 0.041875 0.043460
7 0.208106 0.117100 0.040963 0.021120
7 0.182906 0.334020 0.042162 0.026920
10 0.512075 0.962080 0.047325 0.035600
7 0.160050 0.298080 0.041700 0.026880
2 0.516275 0.090360 0.197200 0.049240
5 0.511681 0.495160 0.778587 0.784320
1 0.083894 0.507810 0.085113 0.777660
0 0.513988 0.936760 0.773875 0.098040
9 0.098487 0.577310 0.040325 0.053260
8 0.136825 0.926010 0.023900 0.036060
3 0.217450 0.160820 0.176150 0.061720
7 0.840181 0.297980 0.040613 0.028000
7 0.816188 0.574280 0.039425 0.028240
9 0.095000 0.722200 0.038000 0.038400
9 0.100806 0.863370 0.031037 0.040860
8 0.861569 0.922190 0.034112 0.037140
8 0.743787 0.924370 0.030025 0.037140
8 0.622938 0.925460 0.034800 0.034960
8 0.499713 0.921640 0.033425 0.038240
