7 0.258444 0.113260 0.041212 0.026960
9 0.095388 0.148850 0.038775 0.043340
9 0.098487 0.300540 0.040325 0.052000
9 0.097713 0.451620 0.043425 0.047040
9 0.096550 0.601460 0.036450 0.049520
9 0.096163 0.751300 0.034125 0.049520
1 0.081850 0.491420 0.085100 0.812640
0 0.513000 0.938760 0.777900 0.092600
11 0.061981 0.508520 0.026913 0.126600
10 0.511406 0.962980 0.052463 0.039840
3 0.218687 0.161270 0.175975 0.059580
2 0.513675 0.091870 0.193900 0.046220
8 0.137462 0.922560 0.017075 0.028240
8 0.256900 0.922110 0.021050 0.034580
8 0.378881 0.922110 0.025587 0.032780
8 0.500862 0.922560 0.026725 0.030040
8 0.621988 0.923010 0.025025 0.034580
8 0.745675 0.923920 0.026150 0.032760
8 0.863938 0.921650 0.030075 0.031860
5 0.511875 0.496470 0.778600 0.786940
7 0.160456 0.626720 0.046037 0.028920
7 0.185275 0.801570 0.031425 0.033340
7 0.206956 0.718290 0.033287 0.029900
7 0.232119 0.480040 0.051112 0.037840
7 0.306425 0.322620 0.043225 0.033840
7 0.281081 0.392290 0.039812 0.032860
7 0.332087 0.461220 0.044175 0.035320
7 0.355569 0.322620 0.040737 0.030840
7 0.380294 0.397510 0.039813 0.026380
7 0.405144 0.804210 0.034338 0.026860
7 0.426231 0.707470 0.039188 0.028060
7 0.454038 0.815560 0.032850 0.028080
7 0.475050 0.728760 0.042300 0.024240
7 0.500375 0.709570 0.031800 0.024260
7 0.525581 0.868050 0.038663 0.026260
7 0.596381 0.676800 0.041487 0.026160
7 0.549925 0.385350 0.044825 0.029420
7 0.572625 0.312940 0.044200 0.027920
7 0.622394 0.279980 0.041988 0.028600
7 0.646500 0.184390 0.043025 0.029860
7 0.671600 0.737030 0.040775 0.029860
7 0.694462 0.660630 0.040475 0.026380
7 0.719037 0.620570 0.042325 0.024900
7 0.767094 0.499610 0.039537 0.030900
7 0.743450 0.464780 0.040150 0.025920
7 0.790869 0.121760 0.041988 0.024400
7 0.864913 0.224400 0.043575 0.033880
7 0.816144 0.646240 0.039663 0.027000
7 0.841675 0.777710 0.030575 0.031140
