8 0.622256 0.921100 0.030712 0.034960
8 0.865313 0.925460 0.026625 0.037160
7 0.159825 0.117820 0.042000 0.030280
7 0.207050 0.464530 0.042300 0.027420
7 0.183725 0.650400 0.042925 0.029920
7 0.257281 0.719600 0.031412 0.025880
7 0.233025 0.839790 0.035150 0.022380
7 0.281544 0.874850 0.032038 0.026940
7 0.331125 0.581750 0.046275 0.031060
7 0.378225 0.486380 0.037700 0.026880
7 0.307313 0.209280 0.040675 0.025680
7 0.355463 0.184500 0.042175 0.025080
7 0.403825 0.150160 0.043350 0.025680
7 0.477681 0.409680 0.047813 0.029320
7 0.427319 0.718750 0.042512 0.028620
7 0.452006 0.681240 0.040213 0.030720
7 0.501375 0.723770 0.033700 0.026140
7 0.525637 0.867930 0.033475 0.027700
7 0.596606 0.804160 0.032863 0.025960
9 0.100031 0.868330 0.032588 0.040860
9 0.095775 0.725290 0.038000 0.047060
9 0.096163 0.577930 0.035675 0.049540
9 0.096550 0.440470 0.038000 0.047060
9 0.096550 0.293730 0.044200 0.045820
9 0.093063 0.145750 0.040325 0.042100
5 0.512913 0.499740 0.777775 0.788240
1 0.086275 0.506670 0.076250 0.777780
0 0.512719 0.937860 0.775063 0.098040
10 0.513594 0.962980 0.049613 0.037400
3 0.217731 0.162190 0.177088 0.068100
2 0.516062 0.090740 0.193850 0.050000
11 0.059931 0.506730 0.028037 0.125420
7 0.865550 0.354590 0.039775 0.026260
7 0.816412 0.656700 0.041600 0.023080
7 0.840712 0.762540 0.034750 0.029120
7 0.791750 0.690400 0.031525 0.024800
7 0.719650 0.809820 0.030675 0.028680
7 0.743044 0.707940 0.033962 0.025680
7 0.765844 0.504060 0.041713 0.026880
7 0.697200 0.229460 0.042775 0.024880
7 0.647244 0.118030 0.041212 0.022380
7 0.670381 0.489470 0.042013 0.027420
7 0.573056 0.310580 0.041238 0.023640
7 0.547387 0.450970 0.040200 0.027380
7 0.621600 0.647170 0.041500 0.026540
8 0.137169 0.921650 0.019138 0.036060
8 0.258012 0.921100 0.021175 0.034960
8 0.380563 0.922190 0.026625 0.032780
8 0.501069 0.922190 0.029337 0.032780
8 0.742762 0.923280 0.029350 0.037160
