5 0.513725 0.502350 0.776150 0.764700
1 0.083931 0.506770 0.083813 0.834420
0 0.513281 0.934680 0.777337 0.091680
7 0.353819 0.524640 0.047788 0.034160
7 0.402519 0.651560 0.047137 0.038280
7 0.378012 0.804290 0.036825 0.036220
7 0.425094 0.252190 0.052313 0.040340
7 0.452506 0.442120 0.042638 0.040240
7 0.477656 0.552550 0.058113 0.038180
7 0.500875 0.719210 0.041350 0.033020
7 0.523775 0.853360 0.040700 0.037160
7 0.575050 0.670700 0.043925 0.037160
7 0.546025 0.169120 0.052950 0.035200
7 0.598269 0.208390 0.045213 0.026820
7 0.649219 0.259470 0.042637 0.038180
7 0.624387 0.305860 0.051025 0.038280
7 0.667206 0.597240 0.043812 0.027800
7 0.694213 0.587890 0.040175 0.027420
7 0.717494 0.686610 0.041213 0.027380
3 0.218313 0.160520 0.174825 0.062320
10 0.513925 0.961830 0.051300 0.037100
9 0.096931 0.124010 0.048062 0.043460
9 0.095775 0.274470 0.041100 0.047180
9 0.099256 0.419360 0.037237 0.044720
9 0.096163 0.576010 0.035675 0.048420
9 0.095388 0.723370 0.037225 0.050900
8 0.137356 0.922420 0.012538 0.029040
8 0.258456 0.920160 0.018712 0.031760
8 0.380181 0.922880 0.027287 0.029960
8 0.502169 0.921970 0.023888 0.024500
8 0.622163 0.921970 0.026725 0.028140
8 0.744712 0.924240 0.026725 0.030880
8 0.865269 0.923790 0.027288 0.028140
7 0.766144 0.686410 0.043538 0.031100
7 0.742687 0.813520 0.036550 0.031520
7 0.818400 0.226770 0.043550 0.025380
7 0.789500 0.186530 0.043550 0.022940
7 0.866794 0.176830 0.044488 0.028420
11 0.060681 0.507330 0.028037 0.124220
9 0.102737 0.870740 0.024075 0.043480
7 0.839269 0.388560 0.044788 0.035840
2 0.514406 0.091880 0.192437 0.047720
7 0.160169 0.405560 0.043413 0.028480
7 0.183775 0.318860 0.053475 0.028480
7 0.233306 0.549200 0.044187 0.038400
7 0.257300 0.606780 0.055025 0.034680
7 0.205063 0.734950 0.038775 0.045820
7 0.275475 0.245040 0.047250 0.026400
7 0.307894 0.245030 0.037963 0.023300
7 0.330769 0.318110 0.043812 0.029300
