8 0.500044 0.922730 0.028663 0.036060
7 0.742525 0.816160 0.033475 0.029080
7 0.718969 0.572010 0.044838 0.031980
7 0.572837 0.771130 0.032400 0.028580
11 0.061981 0.506730 0.026162 0.131380
7 0.694425 0.190270 0.041475 0.031940
7 0.790331 0.174100 0.044062 0.027800
7 0.768556 0.367770 0.041988 0.027780
7 0.838931 0.233200 0.045362 0.033160
7 0.865625 0.335430 0.038100 0.030260
7 0.816375 0.469170 0.041725 0.029860
7 0.597606 0.526210 0.041713 0.028380
7 0.524288 0.331400 0.041725 0.030280
7 0.499531 0.118650 0.042512 0.031100
7 0.453000 0.491000 0.040400 0.029040
7 0.474137 0.802240 0.031725 0.026920
7 0.427644 0.818910 0.032037 0.027420
7 0.405244 0.766930 0.032662 0.023900
7 0.377875 0.854030 0.028925 0.028860
7 0.352988 0.664890 0.040750 0.023940
7 0.623188 0.810480 0.032225 0.028520
9 0.100806 0.865230 0.029488 0.034660
9 0.095000 0.717240 0.038000 0.055720
9 0.096163 0.577930 0.040325 0.047060
9 0.097325 0.436140 0.041100 0.050760
9 0.095775 0.297440 0.042650 0.060680
9 0.093837 0.155650 0.041875 0.037140
7 0.546750 0.781080 0.034500 0.024240
7 0.646625 0.705720 0.032400 0.023920
7 0.671281 0.669290 0.039963 0.031700
2 0.512962 0.092640 0.196250 0.041680
3 0.219256 0.161120 0.175962 0.062320
10 0.513119 0.962080 0.048663 0.035000
0 0.513288 0.937860 0.778475 0.099840
5 0.512925 0.511060 0.775325 0.780400
8 0.137506 0.922730 0.019813 0.036060
8 0.257675 0.926000 0.030025 0.042600
8 0.381581 0.927090 0.034113 0.040420
8 0.622938 0.924370 0.033425 0.037140
7 0.256631 0.142080 0.041212 0.022400
7 0.304719 0.162820 0.038887 0.022400
7 0.329600 0.271890 0.042000 0.022380
7 0.282037 0.258420 0.040175 0.026960
7 0.233825 0.339910 0.039650 0.027380
7 0.206162 0.637430 0.043225 0.029020
7 0.183106 0.585690 0.039737 0.028340
7 0.158687 0.786290 0.032100 0.031660
1 0.085256 0.489240 0.076938 0.808280
8 0.743787 0.923830 0.032750 0.036060
8 0.863269 0.924370 0.030712 0.037140
