7 0.671100 0.773860 0.030325 0.028200
7 0.622237 0.874650 0.029025 0.026540
7 0.599231 0.645660 0.038563 0.023320
7 0.573206 0.649740 0.039013 0.023800
7 0.525719 0.366490 0.045688 0.031060
7 0.549100 0.287380 0.044075 0.032760
7 0.498306 0.262010 0.043537 0.031900
7 0.452887 0.284800 0.039775 0.025880
7 0.476000 0.464090 0.044075 0.030180
7 0.429775 0.752620 0.034400 0.025880
7 0.404350 0.816380 0.039775 0.032680
7 0.379206 0.404930 0.041988 0.028620
7 0.354469 0.433530 0.041238 0.026980
7 0.305750 0.611080 0.038450 0.028040
7 0.330919 0.740500 0.033913 0.022840
7 0.186362 0.213080 0.042300 0.026880
7 0.232856 0.177460 0.037437 0.022760
7 0.208612 0.315780 0.038700 0.025040
7 0.256938 0.717870 0.032400 0.022500
7 0.283419 0.764010 0.032663 0.028380
7 0.159625 0.503690 0.044975 0.037260
8 0.863088 0.924380 0.029500 0.037320
8 0.744506 0.923010 0.030637 0.034580
8 0.622525 0.923920 0.029500 0.030960
8 0.500831 0.922110 0.025538 0.030940
8 0.380550 0.923920 0.024400 0.030960
8 0.256581 0.923920 0.019287 0.030960
8 0.136019 0.923010 0.020987 0.034580
2 0.513906 0.091500 0.196262 0.045480
3 0.218687 0.161120 0.173675 0.061720
10 0.513694 0.961610 0.050562 0.037700
11 0.060306 0.506440 0.028037 0.129600
0 0.512431 0.936490 0.776762 0.093500
1 0.081169 0.494690 0.087837 0.797380
5 0.512906 0.504960 0.774513 0.775160
9 0.100031 0.857170 0.029487 0.045820
9 0.095000 0.711670 0.038000 0.044580
9 0.097713 0.570500 0.035675 0.056960
9 0.096937 0.433660 0.038775 0.050760
9 0.095000 0.301160 0.044200 0.048280
9 0.095388 0.156270 0.037225 0.050780
7 0.864156 0.468270 0.041462 0.027340
7 0.840500 0.629670 0.042550 0.030780
7 0.814694 0.487280 0.041037 0.025960
7 0.767119 0.379630 0.040313 0.025060
7 0.792050 0.337750 0.039775 0.027100
7 0.744494 0.268650 0.042113 0.028340
7 0.719206 0.191290 0.039013 0.027820
7 0.695437 0.203700 0.040125 0.026600
7 0.646531 0.141230 0.046163 0.031980
