7 0.622112 0.298150 0.043675 0.029260
7 0.597100 0.457900 0.040675 0.027480
7 0.669700 0.354280 0.042550 0.028080
7 0.695413 0.138050 0.044050 0.027500
9 0.094613 0.782260 0.044975 0.052000
9 0.096550 0.620650 0.042650 0.053260
9 0.097713 0.468960 0.041875 0.052000
9 0.098487 0.311060 0.038775 0.060680
9 0.093837 0.146990 0.040325 0.042100
7 0.159438 0.595370 0.041725 0.033180
7 0.184344 0.444810 0.041212 0.027820
8 0.865656 0.926000 0.025937 0.033880
8 0.742425 0.923820 0.030025 0.042600
8 0.621575 0.927090 0.032075 0.036060
8 0.502088 0.922190 0.030025 0.028420
8 0.380225 0.924920 0.035475 0.033880
8 0.257675 0.923820 0.027300 0.038240
8 0.137513 0.923820 0.021175 0.038240
7 0.206119 0.805340 0.037012 0.028920
7 0.232875 0.616700 0.041250 0.026600
2 0.514381 0.090740 0.196262 0.050000
3 0.218400 0.162180 0.175775 0.063840
10 0.513212 0.962990 0.054175 0.039220
7 0.425475 0.768600 0.041850 0.027120
7 0.378519 0.810680 0.036312 0.022440
7 0.354025 0.694140 0.038650 0.029920
7 0.330831 0.850070 0.031638 0.023260
7 0.305631 0.557410 0.040987 0.027220
7 0.282825 0.658300 0.040875 0.023800
0 0.512150 0.936950 0.773925 0.098020
1 0.081850 0.501230 0.090550 0.769060
7 0.792125 0.116300 0.044050 0.027480
7 0.742113 0.486560 0.042550 0.025680
7 0.501444 0.129100 0.041987 0.024920
7 0.257575 0.642110 0.040375 0.021420
7 0.646644 0.719270 0.041038 0.027980
7 0.475944 0.392360 0.044488 0.025920
7 0.574781 0.878460 0.033912 0.022120
7 0.718531 0.798440 0.039312 0.025920
7 0.766044 0.756290 0.042338 0.030060
7 0.813975 0.651970 0.039375 0.024620
7 0.841413 0.648870 0.040250 0.022020
7 0.863656 0.624570 0.040512 0.024620
7 0.549500 0.121390 0.043550 0.027420
7 0.525088 0.469760 0.040750 0.024440
11 0.059244 0.506860 0.030987 0.126000
7 0.452225 0.792220 0.035250 0.020880
5 0.513688 0.500110 0.775325 0.788220
7 0.403469 0.269190 0.043237 0.029420
