7 0.865744 0.431130 0.040187 0.029420
8 0.862931 0.925460 0.025937 0.032800
8 0.743106 0.921640 0.028663 0.033880
8 0.623619 0.922730 0.032063 0.036060
8 0.501413 0.922740 0.027300 0.033880
9 0.094613 0.147610 0.037225 0.048300
9 0.094225 0.293110 0.041100 0.047060
9 0.095775 0.433050 0.039550 0.044580
9 0.095775 0.576690 0.038000 0.047060
9 0.094225 0.717250 0.038000 0.045820
9 0.101969 0.864610 0.025612 0.035900
5 0.512087 0.504970 0.777775 0.772540
1 0.084231 0.504490 0.083062 0.782140
0 0.513000 0.938310 0.775625 0.097140
10 0.512550 0.962680 0.052075 0.038000
3 0.218306 0.158690 0.175962 0.061100
2 0.513912 0.090750 0.193425 0.045460
11 0.060494 0.507570 0.026162 0.125420
7 0.160025 0.306920 0.046125 0.033680
7 0.184513 0.573600 0.039525 0.026280
7 0.208794 0.710040 0.030237 0.025240
7 0.233850 0.531720 0.040175 0.025920
7 0.257213 0.295610 0.042275 0.027780
7 0.280162 0.602510 0.041500 0.031940
7 0.306075 0.551730 0.043050 0.026580
7 0.330375 0.351930 0.042300 0.025860
7 0.355494 0.302860 0.045437 0.032360
8 0.137512 0.920560 0.018450 0.029520
8 0.256994 0.923820 0.020487 0.033880
8 0.380225 0.924370 0.024575 0.030620
7 0.378500 0.681000 0.037750 0.025200
7 0.403987 0.699610 0.032375 0.022420
7 0.425444 0.541660 0.041062 0.028720
7 0.450825 0.702000 0.034350 0.024560
7 0.475275 0.864740 0.036950 0.031120
7 0.500094 0.246640 0.043287 0.026320
7 0.525619 0.586450 0.040387 0.025580
7 0.546463 0.650050 0.040600 0.028340
7 0.573175 0.489010 0.041800 0.029260
7 0.597719 0.769210 0.030887 0.024180
7 0.621469 0.790930 0.033713 0.026300
7 0.645800 0.367000 0.044925 0.025920
7 0.671069 0.439060 0.041037 0.024880
7 0.694619 0.816730 0.036512 0.029500
7 0.741556 0.656650 0.043313 0.027820
7 0.719100 0.176420 0.040625 0.023200
7 0.769000 0.194390 0.041500 0.025940
7 0.791475 0.353110 0.039100 0.025580
7 0.839475 0.660340 0.042775 0.027400
7 0.817444 0.737680 0.042762 0.030320
