7 0.791694 0.162140 0.040712 0.028120
5 0.512087 0.501700 0.777775 0.773840
1 0.082531 0.509500 0.086462 0.822440
0 0.513850 0.936950 0.775075 0.092580
11 0.059369 0.510620 0.031387 0.129600
8 0.136706 0.922690 0.015887 0.028140
8 0.257744 0.923010 0.018212 0.029140
8 0.379444 0.923930 0.024462 0.034580
8 0.501144 0.920750 0.025012 0.035500
8 0.622563 0.921650 0.028425 0.031860
8 0.744537 0.926190 0.030700 0.035500
8 0.863394 0.925280 0.025588 0.033680
7 0.159056 0.441410 0.041813 0.029860
7 0.209425 0.401610 0.041475 0.026940
7 0.184419 0.876120 0.037738 0.023880
7 0.233319 0.590060 0.036987 0.025080
7 0.258137 0.712780 0.032875 0.022080
7 0.305350 0.745030 0.033250 0.026860
7 0.281650 0.489400 0.041100 0.026920
7 0.329794 0.381340 0.042587 0.026880
7 0.354438 0.413250 0.044825 0.026340
7 0.378881 0.378030 0.042963 0.025140
7 0.426656 0.596900 0.042963 0.029320
7 0.402769 0.649180 0.042213 0.028680
7 0.477044 0.479240 0.043713 0.029320
7 0.451106 0.345770 0.041088 0.023940
7 0.501119 0.258880 0.041837 0.023360
7 0.549081 0.120030 0.042212 0.027540
7 0.670206 0.249320 0.043337 0.029320
7 0.596487 0.433570 0.040725 0.025140
7 0.524450 0.652130 0.040725 0.023940
7 0.573719 0.612430 0.042213 0.025740
7 0.621306 0.788290 0.034387 0.025140
7 0.646869 0.530310 0.042212 0.026340
7 0.694275 0.421320 0.043700 0.024560
7 0.744288 0.434450 0.039225 0.025740
7 0.716481 0.595400 0.043337 0.027520
7 0.766687 0.550910 0.045200 0.026940
7 0.815400 0.473870 0.044825 0.024540
7 0.840962 0.421310 0.045200 0.025740
7 0.865038 0.226030 0.043325 0.026940
2 0.512725 0.089610 0.202400 0.049260
3 0.217456 0.161740 0.178437 0.062320
10 0.512456 0.962980 0.049612 0.038000
9 0.100806 0.888130 0.029488 0.045820
9 0.097325 0.743250 0.036450 0.048300
9 0.096550 0.595890 0.042650 0.048300
9 0.097713 0.448530 0.040325 0.045820
9 0.096937 0.295590 0.038775 0.049540
9 0.092294 0.157510 0.046512 0.045820
