7 0.767038 0.342430 0.043050 0.025860
7 0.863119 0.453110 0.044387 0.029380
7 0.815638 0.615820 0.039900 0.032320
7 0.791894 0.791370 0.033638 0.026500
9 0.095388 0.135220 0.041875 0.050760
9 0.096163 0.286300 0.040325 0.053240
9 0.096550 0.430570 0.041100 0.047060
9 0.096938 0.567400 0.040325 0.055720
9 0.094225 0.714150 0.038000 0.052020
9 0.100806 0.854080 0.029488 0.052000
5 0.512906 0.504310 0.774513 0.768620
1 0.083550 0.496970 0.081700 0.801740
0 0.513000 0.934230 0.773375 0.087140
11 0.059938 0.508230 0.028775 0.130780
10 0.512075 0.963130 0.048850 0.034660
3 0.218881 0.162190 0.175963 0.061420
2 0.513200 0.090370 0.198625 0.044700
8 0.138319 0.922560 0.018788 0.033680
8 0.256894 0.923920 0.017637 0.030960
8 0.378850 0.924380 0.027800 0.037320
8 0.502556 0.922560 0.025587 0.037320
8 0.622525 0.923020 0.029500 0.036400
8 0.742237 0.922560 0.031775 0.035480
8 0.862237 0.920740 0.026675 0.030040
7 0.161856 0.749270 0.033213 0.028060
7 0.232588 0.709700 0.044800 0.023360
7 0.304994 0.814210 0.033588 0.023340
7 0.331500 0.766730 0.031350 0.025140
7 0.183669 0.297280 0.042212 0.027520
7 0.258512 0.196050 0.041100 0.024540
7 0.282769 0.423890 0.042587 0.026340
7 0.354806 0.139920 0.046313 0.025720
7 0.378844 0.177160 0.039963 0.021600
7 0.402788 0.168700 0.039975 0.024480
7 0.425187 0.761260 0.038050 0.032080
7 0.452925 0.494550 0.044500 0.026820
7 0.478400 0.558540 0.043850 0.030960
7 0.500325 0.739120 0.034825 0.026840
7 0.524769 0.442440 0.043713 0.032000
7 0.572356 0.283160 0.044412 0.026880
7 0.597363 0.399910 0.042175 0.031060
7 0.621481 0.273080 0.039237 0.021600
7 0.647087 0.253710 0.039600 0.022460
7 0.671394 0.306560 0.042113 0.028520
7 0.549262 0.813120 0.035475 0.027520
7 0.692763 0.625210 0.045150 0.033540
7 0.717694 0.512980 0.039062 0.023320
7 0.743219 0.529290 0.038362 0.024500
7 0.841619 0.269690 0.044387 0.028020
