8 0.622938 0.923820 0.032075 0.038240
8 0.863613 0.923820 0.032750 0.038240
11 0.061481 0.506250 0.027237 0.133180
2 0.513906 0.089980 0.195312 0.050000
3 0.219256 0.160360 0.175213 0.060800
10 0.513975 0.961770 0.052650 0.036780
7 0.863931 0.700150 0.043238 0.027380
7 0.840137 0.402540 0.044175 0.029360
7 0.815569 0.546610 0.044163 0.029860
7 0.790481 0.653560 0.043413 0.030800
7 0.766594 0.762800 0.034638 0.025800
7 0.744188 0.751600 0.037875 0.024400
7 0.718650 0.787000 0.035875 0.025920
7 0.693694 0.817060 0.035662 0.029400
7 0.670806 0.736540 0.042138 0.026640
7 0.644994 0.701640 0.035012 0.030760
7 0.622525 0.642360 0.041925 0.027000
7 0.596650 0.809230 0.031350 0.026860
7 0.549438 0.733090 0.031725 0.029860
7 0.572256 0.456290 0.043888 0.027860
7 0.523262 0.615290 0.038600 0.024380
7 0.474275 0.598380 0.040775 0.029360
7 0.427000 0.636450 0.043275 0.029860
7 0.498700 0.449830 0.043575 0.029860
7 0.451725 0.453300 0.044200 0.031840
7 0.403356 0.117130 0.043888 0.027380
7 0.380763 0.440040 0.042250 0.027840
7 0.355494 0.255280 0.041463 0.028240
7 0.331781 0.754030 0.031512 0.024420
7 0.305094 0.736530 0.029887 0.027420
7 0.280525 0.641340 0.039750 0.029720
7 0.184531 0.802300 0.028263 0.023920
7 0.210000 0.781570 0.033475 0.025060
7 0.232356 0.480410 0.042537 0.029020
7 0.258025 0.251280 0.045125 0.029440
7 0.160475 0.372260 0.046400 0.034840
0 0.513850 0.939670 0.772800 0.101660
1 0.082875 0.506130 0.084425 0.778860
5 0.510050 0.495820 0.775325 0.788240
9 0.093062 0.159310 0.038775 0.047180
9 0.096937 0.301100 0.043425 0.050880
9 0.097713 0.441030 0.040325 0.040980
9 0.098094 0.589010 0.033362 0.047180
9 0.096163 0.728330 0.041875 0.045940
9 0.101194 0.871980 0.030263 0.036040
8 0.138531 0.923280 0.021862 0.037160
8 0.259038 0.922200 0.027300 0.043680
8 0.379200 0.924910 0.023900 0.040420
8 0.501750 0.920560 0.032075 0.033880
8 0.742762 0.923830 0.032075 0.046940
