9 0.101175 0.882810 0.026425 0.037980
7 0.549663 0.144570 0.041475 0.027380
7 0.573594 0.387600 0.041688 0.025240
7 0.525125 0.556740 0.039100 0.027640
7 0.476344 0.869120 0.031988 0.026600
7 0.424825 0.846140 0.037825 0.024880
7 0.304837 0.813480 0.032850 0.029360
7 0.328906 0.654940 0.038888 0.023200
7 0.208281 0.253910 0.040463 0.030900
7 0.184513 0.810870 0.031725 0.022140
7 0.256006 0.621560 0.043337 0.030520
7 0.233781 0.466290 0.042912 0.031700
7 0.281744 0.395490 0.041062 0.031060
7 0.401744 0.271870 0.042912 0.028660
7 0.693269 0.697700 0.041838 0.023960
7 0.815525 0.557060 0.039200 0.028120
11 0.061025 0.507380 0.030650 0.128400
8 0.136825 0.920010 0.021175 0.034980
7 0.839600 0.686650 0.034350 0.028140
7 0.864419 0.471070 0.039188 0.026940
7 0.744963 0.387160 0.040725 0.028720
7 0.793438 0.243590 0.042025 0.022900
7 0.718494 0.181440 0.045138 0.026440
7 0.767088 0.200310 0.042925 0.021140
8 0.258356 0.924910 0.025937 0.040420
8 0.381925 0.921650 0.033425 0.036060
8 0.500387 0.921100 0.027975 0.032800
0 0.514138 0.938310 0.774500 0.098940
1 0.082531 0.516530 0.083737 0.795100
5 0.512094 0.504310 0.774513 0.773860
2 0.512962 0.093010 0.193425 0.043940
3 0.219825 0.160510 0.180525 0.057460
10 0.512175 0.961610 0.046000 0.038300
8 0.622937 0.922190 0.036150 0.037140
8 0.743787 0.927640 0.027300 0.032800
8 0.864631 0.921640 0.027987 0.038240
7 0.597925 0.789670 0.031725 0.028740
7 0.378600 0.503310 0.041425 0.024540
7 0.159925 0.136440 0.041050 0.025880
7 0.622912 0.612730 0.038875 0.026940
7 0.645731 0.332600 0.043312 0.031520
7 0.669256 0.642090 0.042613 0.029900
7 0.452313 0.449560 0.042550 0.030520
7 0.499350 0.462370 0.041050 0.029860
7 0.354069 0.631090 0.038663 0.025940
9 0.095000 0.239990 0.039550 0.043340
9 0.096894 0.402660 0.039462 0.035120
9 0.099131 0.566060 0.039462 0.035120
9 0.096019 0.723360 0.030463 0.044440
