5 0.514131 0.503040 0.778587 0.773920
7 0.573075 0.680400 0.040325 0.036040
7 0.546375 0.659420 0.042650 0.030960
7 0.527031 0.427230 0.053487 0.042100
7 0.308381 0.348590 0.044962 0.038380
9 0.098869 0.877550 0.031812 0.049660
9 0.098100 0.732050 0.036450 0.050900
9 0.099256 0.582830 0.043412 0.047180
9 0.096937 0.429890 0.037225 0.045940
7 0.453500 0.307100 0.053475 0.029720
10 0.511887 0.961920 0.048850 0.035880
3 0.219162 0.160060 0.173875 0.062640
2 0.516269 0.090740 0.196262 0.043960
8 0.864394 0.921970 0.023263 0.031780
8 0.742981 0.921970 0.026662 0.033580
8 0.622700 0.925600 0.024400 0.029960
7 0.498581 0.677620 0.046437 0.039640
7 0.621456 0.495960 0.044188 0.030960
7 0.599394 0.247660 0.043413 0.029720
7 0.670213 0.256960 0.045750 0.030960
7 0.649700 0.669940 0.043425 0.032200
7 0.694594 0.747960 0.037238 0.029720
7 0.723613 0.822260 0.039550 0.039640
7 0.476337 0.835260 0.038775 0.026000
7 0.425638 0.826590 0.033350 0.033420
7 0.402031 0.650120 0.046513 0.034680
7 0.376881 0.861260 0.031813 0.035920
7 0.329663 0.874890 0.039550 0.023540
7 0.354431 0.565860 0.051938 0.039760
7 0.282069 0.683500 0.046512 0.034800
7 0.211250 0.623440 0.050375 0.036040
7 0.257694 0.498980 0.047287 0.032320
7 0.182225 0.518800 0.043425 0.037280
7 0.229050 0.261840 0.045750 0.036040
7 0.162494 0.229650 0.047287 0.043460
9 0.096938 0.281290 0.040325 0.048420
9 0.094225 0.135160 0.038000 0.045960
7 0.744519 0.341780 0.047287 0.032200
7 0.768119 0.176460 0.054263 0.033440
7 0.791400 0.733590 0.030950 0.026780
7 0.822063 0.739010 0.040150 0.031420
7 0.839206 0.644350 0.047438 0.038820
7 0.863469 0.539530 0.044462 0.028660
8 0.501856 0.920610 0.028937 0.029060
8 0.379587 0.922880 0.023825 0.033600
8 0.259588 0.920610 0.018725 0.029060
8 0.137325 0.922430 0.017025 0.030860
11 0.060869 0.509720 0.026162 0.134960
0 0.512437 0.937400 0.774500 0.095320
1 0.084944 0.502420 0.084488 0.821360
