7 0.403519 0.738690 0.031312 0.023060
7 0.157100 0.469710 0.042250 0.033180
7 0.179438 0.182900 0.037125 0.025400
7 0.209606 0.182840 0.035763 0.019000
7 0.233431 0.193750 0.040613 0.021620
7 0.308600 0.336030 0.041475 0.029380
7 0.254575 0.504860 0.045125 0.022440
7 0.281919 0.638610 0.041762 0.031140
7 0.354625 0.516880 0.042525 0.031560
7 0.331587 0.879660 0.035200 0.026600
7 0.376144 0.743660 0.033837 0.030240
7 0.452175 0.751680 0.032575 0.023360
7 0.428594 0.386350 0.042987 0.026620
7 0.477413 0.374430 0.040825 0.029740
7 0.525144 0.412620 0.042563 0.027320
7 0.499869 0.551380 0.039962 0.026960
7 0.549044 0.273640 0.039988 0.031840
7 0.597175 0.144960 0.044350 0.027960
7 0.572987 0.658620 0.039750 0.034560
7 0.621494 0.529920 0.042787 0.029720
7 0.645356 0.573810 0.044737 0.028340
7 0.671513 0.863420 0.035225 0.031120
7 0.695019 0.152760 0.043212 0.027640
7 0.744263 0.113190 0.038900 0.026620
7 0.718888 0.234500 0.039975 0.028680
7 0.790919 0.213240 0.042788 0.032480
7 0.841144 0.200630 0.045162 0.031460
7 0.816300 0.327120 0.039125 0.034200
7 0.865319 0.470920 0.039213 0.022880
7 0.766719 0.687930 0.042012 0.035380
9 0.102006 0.878230 0.027238 0.033420
9 0.094613 0.719730 0.038775 0.045820
9 0.094613 0.565550 0.037225 0.052020
9 0.096163 0.398370 0.041875 0.044580
9 0.094225 0.241100 0.038000 0.047040
10 0.511506 0.961010 0.049988 0.034060
3 0.217644 0.159910 0.176537 0.064140
2 0.513912 0.090360 0.192475 0.041680
8 0.864969 0.924910 0.031388 0.031700
8 0.743450 0.924370 0.038875 0.039340
8 0.622256 0.921100 0.034788 0.039320
8 0.500044 0.921640 0.031387 0.033880
8 0.378519 0.920020 0.029338 0.048040
8 0.256650 0.921650 0.030700 0.040420
8 0.138531 0.925460 0.020488 0.039320
11 0.060681 0.508520 0.026537 0.127800
0 0.514131 0.938310 0.773362 0.098940
1 0.082869 0.507320 0.083062 0.781040
5 0.512906 0.497120 0.774513 0.788240
