7 0.644650 0.593430 0.048150 0.032300
5 0.512906 0.496470 0.776137 0.797380
1 0.084612 0.507860 0.082450 0.812640
0 0.511869 0.937400 0.776763 0.095320
11 0.060681 0.508230 0.026537 0.126020
9 0.101969 0.869490 0.028712 0.048420
9 0.096163 0.725230 0.034125 0.047180
9 0.096163 0.577870 0.038775 0.044700
9 0.095775 0.435460 0.038000 0.042240
9 0.096163 0.290570 0.043425 0.049660
9 0.093450 0.146310 0.041100 0.050900
7 0.209069 0.117030 0.043537 0.030860
7 0.184812 0.781550 0.033975 0.031100
7 0.161294 0.746610 0.030237 0.024540
7 0.232588 0.571040 0.038450 0.028120
7 0.257037 0.797070 0.032850 0.035900
7 0.282419 0.875040 0.033588 0.026880
7 0.332619 0.804870 0.038438 0.026260
7 0.305931 0.654370 0.047037 0.031060
7 0.355200 0.554650 0.041050 0.028660
7 0.378713 0.436970 0.042550 0.026340
7 0.427425 0.408900 0.041425 0.028720
7 0.475013 0.524460 0.043300 0.028120
7 0.526706 0.563570 0.041437 0.032300
7 0.575044 0.635530 0.043287 0.031700
7 0.625431 0.867240 0.032838 0.028120
7 0.695412 0.651960 0.046650 0.040680
7 0.743563 0.769600 0.038450 0.031120
7 0.767825 0.599100 0.043675 0.023360
7 0.792463 0.630460 0.038450 0.023960
7 0.816719 0.727800 0.040687 0.034680
7 0.867850 0.584180 0.042925 0.029320
7 0.667937 0.427670 0.047925 0.031540
7 0.840112 0.212470 0.043000 0.027220
7 0.719606 0.185960 0.038563 0.024360
7 0.597800 0.332510 0.043900 0.029380
7 0.548731 0.298110 0.043488 0.026500
7 0.501725 0.149410 0.043450 0.028660
7 0.451519 0.122120 0.042963 0.022160
7 0.404675 0.149890 0.038850 0.026340
2 0.515119 0.090750 0.195737 0.045460
3 0.218213 0.161420 0.174625 0.062320
10 0.512500 0.961220 0.049975 0.041360
8 0.864956 0.921060 0.026663 0.031760
8 0.744963 0.922430 0.028375 0.030860
8 0.622419 0.922880 0.027237 0.031760
8 0.501312 0.922880 0.029000 0.031760
8 0.380750 0.922880 0.027300 0.031760
8 0.259050 0.922430 0.017650 0.030860
8 0.137356 0.922880 0.014813 0.035400
