7 0.254138 0.624350 0.047550 0.029420
7 0.305875 0.749460 0.030475 0.028040
7 0.282006 0.779870 0.030263 0.026660
7 0.353500 0.812360 0.035025 0.023200
10 0.512075 0.962690 0.048850 0.034980
3 0.218881 0.160060 0.175588 0.059600
2 0.513931 0.092630 0.195262 0.047740
7 0.742369 0.513820 0.040687 0.030520
7 0.717363 0.692680 0.044425 0.029920
7 0.692537 0.618340 0.043300 0.028120
8 0.256994 0.922740 0.019138 0.033880
8 0.136588 0.921710 0.015650 0.034860
7 0.668925 0.178500 0.044200 0.029360
7 0.646994 0.300180 0.038912 0.026880
7 0.620875 0.540540 0.041400 0.026880
7 0.596769 0.813260 0.034862 0.025880
7 0.573956 0.433820 0.039162 0.028240
7 0.548300 0.666280 0.033975 0.023680
7 0.524000 0.604500 0.042500 0.027360
7 0.331206 0.236020 0.041212 0.025720
7 0.428762 0.799280 0.030500 0.021000
11 0.061238 0.506430 0.029900 0.130780
7 0.500563 0.289820 0.040475 0.030360
0 0.513569 0.938310 0.775637 0.097140
7 0.476769 0.522230 0.042638 0.029380
7 0.451944 0.764180 0.036112 0.023200
8 0.379881 0.923280 0.029337 0.034960
8 0.500731 0.922190 0.025937 0.037140
8 0.622256 0.922190 0.030712 0.034980
1 0.083550 0.505580 0.081700 0.775600
5 0.513312 0.507580 0.775325 0.772560
7 0.863225 0.564430 0.046425 0.029860
7 0.840031 0.616280 0.037862 0.030680
7 0.816831 0.707100 0.044338 0.031520
7 0.792687 0.332410 0.040650 0.022580
7 0.378125 0.318140 0.041725 0.025720
7 0.402750 0.795200 0.035750 0.024000
9 0.096163 0.209530 0.041875 0.048300
9 0.095000 0.374220 0.039550 0.038400
9 0.096937 0.532110 0.037225 0.047060
9 0.095388 0.694950 0.038775 0.045820
9 0.100031 0.852850 0.026387 0.049540
8 0.743444 0.923280 0.030712 0.037160
8 0.863269 0.924370 0.029338 0.034980
7 0.766875 0.317040 0.042450 0.025920
7 0.158700 0.472680 0.039600 0.028560
7 0.183425 0.500420 0.037800 0.024000
7 0.208475 0.496210 0.037800 0.020900
7 0.232775 0.475460 0.040500 0.026880
