7 0.303788 0.497260 0.041425 0.027840
7 0.330788 0.497140 0.038125 0.022800
7 0.282300 0.860440 0.033625 0.018920
7 0.258413 0.700090 0.037325 0.026340
9 0.093837 0.150700 0.037225 0.037160
9 0.096550 0.291250 0.041100 0.050780
9 0.097713 0.433670 0.038775 0.045820
0 0.513000 0.937850 0.774500 0.096220
1 0.084238 0.508840 0.081700 0.779960
7 0.231219 0.193770 0.042613 0.027380
7 0.208044 0.426450 0.040438 0.029420
7 0.184425 0.336130 0.038600 0.024940
7 0.158681 0.459420 0.039188 0.024880
5 0.511275 0.506920 0.769600 0.771240
7 0.571500 0.176550 0.041800 0.022100
7 0.622200 0.216690 0.041475 0.030460
7 0.669631 0.257230 0.041213 0.026220
9 0.098487 0.576070 0.040325 0.050780
9 0.098100 0.712910 0.041100 0.049540
9 0.103513 0.855940 0.025625 0.048280
8 0.138875 0.922190 0.021175 0.037140
10 0.513312 0.962240 0.052075 0.037720
3 0.218488 0.159600 0.175950 0.058680
2 0.511569 0.092640 0.197163 0.041680
8 0.863950 0.922190 0.027975 0.037140
7 0.548769 0.630170 0.037863 0.020740
7 0.524406 0.604250 0.040463 0.025300
7 0.475156 0.738200 0.030613 0.026120
8 0.258019 0.921640 0.022538 0.033880
8 0.379537 0.922190 0.027300 0.037140
8 0.501069 0.919470 0.026613 0.036060
11 0.059744 0.510310 0.026913 0.132580
8 0.743787 0.923280 0.030025 0.034960
7 0.498338 0.445240 0.045625 0.025720
7 0.695444 0.240450 0.040138 0.027380
7 0.743775 0.192790 0.040675 0.025380
7 0.790481 0.144700 0.043013 0.026520
7 0.720994 0.338040 0.040962 0.026960
7 0.767269 0.468880 0.040463 0.024880
7 0.840881 0.490650 0.040463 0.028620
7 0.865762 0.406680 0.039425 0.028200
7 0.596631 0.665210 0.039813 0.023380
7 0.645444 0.816800 0.035487 0.029360
7 0.816156 0.767400 0.032938 0.027360
8 0.623275 0.922730 0.027300 0.036060
7 0.451950 0.152830 0.042275 0.029860
7 0.428075 0.716420 0.040500 0.030240
7 0.404038 0.614750 0.038875 0.022180
7 0.377581 0.604850 0.037087 0.023900
7 0.354475 0.312990 0.045200 0.034100
