9 0.095775 0.577250 0.036450 0.043460
9 0.093456 0.287470 0.050388 0.045940
8 0.863613 0.921650 0.035475 0.036060
8 0.743444 0.924370 0.030712 0.039340
8 0.622600 0.923280 0.032750 0.039320
8 0.500387 0.924370 0.027975 0.039340
9 0.094225 0.146930 0.041100 0.044700
8 0.379544 0.924370 0.021863 0.039340
8 0.256312 0.921100 0.023225 0.039320
8 0.136831 0.920560 0.022538 0.038240
7 0.159950 0.189360 0.040175 0.027360
7 0.182888 0.491820 0.041700 0.027240
7 0.257244 0.387540 0.048863 0.033680
7 0.235519 0.539830 0.045738 0.024380
7 0.209762 0.694270 0.037225 0.027940
7 0.305619 0.514390 0.043487 0.027940
7 0.282100 0.822900 0.032300 0.024360
7 0.332713 0.819320 0.038575 0.025800
7 0.353312 0.612570 0.042150 0.027940
7 0.377506 0.585700 0.039462 0.024360
7 0.402362 0.778460 0.032750 0.025800
7 0.427663 0.604680 0.042150 0.025080
7 0.452525 0.673130 0.041700 0.030100
7 0.475812 0.564200 0.042600 0.027240
7 0.499781 0.815730 0.033188 0.028660
7 0.523513 0.877010 0.035875 0.027940
7 0.622056 0.815380 0.034988 0.027960
7 0.547481 0.521200 0.039913 0.024360
7 0.572113 0.249200 0.042600 0.023720
7 0.599213 0.307640 0.043050 0.025800
7 0.647806 0.116300 0.039913 0.028680
7 0.695288 0.168260 0.037225 0.025080
7 0.742988 0.141380 0.039450 0.027240
7 0.668187 0.345620 0.045725 0.028680
7 0.718575 0.367800 0.045275 0.030160
7 0.790913 0.334160 0.044825 0.025800
7 0.839963 0.235970 0.041700 0.030100
7 0.863919 0.505790 0.038562 0.025100
7 0.766950 0.713970 0.042600 0.028660
7 0.815325 0.770230 0.035425 0.027940
9 0.103131 0.857120 0.029488 0.036040
9 0.092675 0.709140 0.042650 0.059560
5 0.511275 0.497120 0.777775 0.780400
1 0.082531 0.503940 0.085112 0.770160
0 0.514419 0.936050 0.776213 0.096220
10 0.512169 0.964350 0.052088 0.034660
3 0.219162 0.161270 0.175775 0.062020
2 0.513437 0.091880 0.193425 0.047720
11 0.062788 0.508640 0.024625 0.128400
9 0.095775 0.431740 0.045750 0.037280
