7 0.817381 0.270750 0.038912 0.025580
11 0.061244 0.505840 0.026162 0.127200
2 0.514144 0.090360 0.196737 0.041680
3 0.217450 0.160370 0.174250 0.062020
10 0.512556 0.962220 0.048663 0.035280
8 0.865994 0.927640 0.030713 0.037160
8 0.743444 0.921110 0.034787 0.041500
8 0.622594 0.922190 0.031388 0.037140
8 0.501406 0.922730 0.031388 0.036060
8 0.379200 0.924370 0.025250 0.039340
8 0.258012 0.925460 0.023900 0.037160
8 0.137506 0.923820 0.017088 0.033880
9 0.092287 0.151320 0.040325 0.040880
9 0.095775 0.301780 0.041100 0.054480
9 0.095775 0.449760 0.034900 0.055720
9 0.093450 0.597750 0.039550 0.044580
9 0.094225 0.739540 0.033350 0.053240
7 0.862812 0.777540 0.032625 0.025920
7 0.768000 0.876000 0.033500 0.025280
7 0.840275 0.123850 0.040200 0.025620
7 0.790594 0.288880 0.042362 0.029400
7 0.743487 0.585590 0.041050 0.029020
7 0.718856 0.193440 0.040962 0.024000
7 0.695381 0.230520 0.043813 0.023280
5 0.511275 0.496470 0.774500 0.786940
1 0.084231 0.504490 0.083062 0.823540
0 0.513281 0.935140 0.775062 0.094400
7 0.673175 0.601160 0.044125 0.025800
7 0.643988 0.577860 0.039750 0.026800
7 0.572156 0.470370 0.044088 0.032140
7 0.598525 0.797950 0.031500 0.025340
7 0.525981 0.877420 0.032413 0.025680
7 0.353831 0.808350 0.034087 0.025060
7 0.427350 0.744520 0.039450 0.027360
7 0.452625 0.732720 0.032250 0.025440
7 0.477812 0.616330 0.044425 0.037620
7 0.500019 0.375030 0.044787 0.025740
7 0.619681 0.207340 0.046163 0.030720
7 0.549013 0.131090 0.045350 0.025300
7 0.402900 0.117060 0.040625 0.022800
7 0.378413 0.542630 0.040700 0.026820
7 0.328919 0.535720 0.042862 0.027960
7 0.306056 0.645870 0.042487 0.029980
7 0.210975 0.620740 0.038500 0.021600
7 0.182938 0.620400 0.039875 0.024000
7 0.234094 0.509240 0.044612 0.035240
7 0.281363 0.259300 0.041950 0.030520
7 0.257131 0.168840 0.039512 0.025000
7 0.160844 0.174440 0.040638 0.022800
