7 0.647081 0.726420 0.033987 0.026120
1 0.084575 0.504490 0.083750 0.797380
0 0.513281 0.935590 0.775062 0.095300
7 0.159056 0.682380 0.033588 0.024480
7 0.184475 0.356380 0.038450 0.026880
7 0.207800 0.712600 0.031350 0.023880
7 0.232625 0.819500 0.033975 0.027480
7 0.258463 0.191210 0.038125 0.021180
7 0.282963 0.177740 0.038250 0.021200
7 0.306100 0.364190 0.040200 0.030740
8 0.258456 0.920930 0.021562 0.030940
8 0.139025 0.922290 0.019850 0.031860
11 0.061613 0.509120 0.027650 0.129000
2 0.515331 0.093010 0.195312 0.045460
3 0.218306 0.159750 0.174437 0.062020
10 0.511506 0.962070 0.052263 0.037380
7 0.864581 0.679820 0.042613 0.030400
7 0.767850 0.877670 0.029550 0.021900
7 0.840769 0.453270 0.039387 0.029500
7 0.791525 0.373850 0.041475 0.023260
7 0.816287 0.181190 0.044350 0.026580
7 0.694013 0.287970 0.043450 0.029460
7 0.742594 0.523630 0.036837 0.026140
7 0.720306 0.696150 0.042537 0.026140
8 0.862250 0.922190 0.027300 0.030620
8 0.742762 0.922730 0.032075 0.036060
9 0.095000 0.239240 0.038000 0.050760
9 0.095388 0.397750 0.040325 0.043340
9 0.096937 0.556260 0.038775 0.053240
9 0.100031 0.870800 0.031037 0.045800
9 0.095775 0.719110 0.038000 0.044580
7 0.671575 0.660900 0.042525 0.027800
5 0.513312 0.503010 0.775325 0.768620
7 0.622581 0.797760 0.030613 0.026120
7 0.548456 0.671060 0.040988 0.031520
7 0.572825 0.605940 0.041500 0.028200
7 0.524494 0.544980 0.043288 0.025720
7 0.597644 0.339160 0.042138 0.030560
7 0.475962 0.383940 0.042500 0.023360
7 0.500437 0.279250 0.039975 0.027100
7 0.427788 0.184360 0.041925 0.024480
7 0.452281 0.195890 0.038162 0.019860
7 0.401506 0.413960 0.044062 0.032760
7 0.379469 0.840500 0.033312 0.029320
7 0.353569 0.536940 0.038387 0.034840
7 0.328937 0.709470 0.043575 0.029860
8 0.624981 0.922740 0.025262 0.033880
8 0.500437 0.924100 0.022125 0.030040
8 0.380150 0.924560 0.031200 0.036400
