7 0.865925 0.381620 0.041675 0.028920
7 0.668594 0.511950 0.042012 0.029900
2 0.515331 0.093390 0.195312 0.046220
9 0.100419 0.864540 0.038013 0.036040
9 0.095775 0.717810 0.044200 0.049660
9 0.097325 0.576630 0.039550 0.039740
9 0.098875 0.428650 0.039550 0.048420
9 0.094225 0.283140 0.042650 0.042240
9 0.093450 0.137020 0.039550 0.039760
0 0.513000 0.937410 0.774500 0.093500
1 0.079806 0.507220 0.086462 0.781040
5 0.510869 0.504320 0.773687 0.771240
7 0.161169 0.327050 0.041688 0.027860
7 0.182675 0.647740 0.044200 0.030360
7 0.207719 0.501920 0.039537 0.029360
3 0.217644 0.160220 0.174262 0.062320
10 0.513506 0.962680 0.050562 0.038600
11 0.058688 0.505660 0.032100 0.136760
8 0.862931 0.922190 0.031388 0.037140
8 0.743106 0.923280 0.035463 0.043680
8 0.622256 0.926540 0.033438 0.043680
8 0.500387 0.923830 0.030700 0.031700
8 0.378175 0.924370 0.030025 0.039340
8 0.256650 0.923280 0.021175 0.032800
8 0.138194 0.923280 0.019813 0.039320
7 0.232244 0.876470 0.035137 0.023900
7 0.256975 0.355650 0.048375 0.035100
7 0.305819 0.581030 0.044787 0.030100
7 0.281650 0.729120 0.043550 0.026960
7 0.330531 0.818320 0.031113 0.024880
7 0.354769 0.770640 0.029813 0.022400
7 0.380175 0.254310 0.041675 0.026420
7 0.403500 0.449150 0.041050 0.029900
7 0.427944 0.286060 0.044288 0.027640
7 0.452588 0.230800 0.040400 0.026280
7 0.476994 0.430380 0.040387 0.023840
7 0.525656 0.177510 0.041987 0.020740
7 0.547819 0.452400 0.041988 0.028640
7 0.574263 0.568120 0.040950 0.030280
7 0.598238 0.343950 0.042250 0.030740
7 0.621694 0.414450 0.040437 0.029900
7 0.500731 0.689010 0.039187 0.027460
7 0.645781 0.601120 0.042012 0.024920
7 0.694256 0.330310 0.042537 0.026580
7 0.719269 0.396870 0.040212 0.027820
7 0.742594 0.450570 0.042788 0.026580
7 0.767388 0.755780 0.037325 0.030360
7 0.814762 0.676240 0.044475 0.035880
7 0.789094 0.299250 0.045413 0.026420
7 0.839950 0.164910 0.040125 0.026380
