7 0.767681 0.687530 0.037362 0.026940
7 0.792413 0.764170 0.035175 0.028900
8 0.865656 0.923820 0.031388 0.033880
8 0.745144 0.923280 0.031388 0.039320
8 0.622594 0.923820 0.031388 0.033880
8 0.501750 0.920550 0.026625 0.031700
8 0.381244 0.922190 0.027987 0.030620
8 0.256650 0.920550 0.018450 0.036060
8 0.136144 0.922190 0.019813 0.034980
9 0.096163 0.417570 0.040325 0.045820
9 0.096937 0.568030 0.037225 0.042100
9 0.097325 0.719720 0.039550 0.048280
9 0.101581 0.868950 0.026387 0.047060
7 0.354506 0.561670 0.039962 0.024540
7 0.403600 0.488740 0.039100 0.026640
7 0.307456 0.115380 0.040462 0.026120
7 0.377431 0.234820 0.042537 0.029440
7 0.474288 0.427650 0.044825 0.026940
7 0.523744 0.610390 0.042963 0.028140
7 0.451325 0.773720 0.034750 0.028720
7 0.428187 0.878560 0.033250 0.024480
7 0.500600 0.802690 0.034000 0.025740
7 0.550425 0.764170 0.033625 0.026340
7 0.621344 0.851960 0.036613 0.029920
7 0.571700 0.415410 0.041850 0.023940
7 0.598388 0.171750 0.043700 0.033500
7 0.647844 0.367630 0.044087 0.035900
7 0.669494 0.199220 0.046312 0.027520
7 0.693944 0.301370 0.042963 0.028660
7 0.745075 0.261060 0.040725 0.024480
11 0.061613 0.507930 0.027650 0.130180
2 0.512513 0.092250 0.199050 0.045460
3 0.218213 0.161880 0.173875 0.060800
10 0.514075 0.962220 0.049800 0.038920
0 0.511869 0.936950 0.776763 0.099860
1 0.081850 0.505580 0.082375 0.766880
5 0.512906 0.496470 0.781038 0.786940
7 0.329944 0.388860 0.047312 0.030120
7 0.256925 0.453490 0.041275 0.025260
7 0.231881 0.342890 0.038238 0.025260
7 0.208119 0.508440 0.039962 0.028720
7 0.184025 0.410450 0.047550 0.026300
7 0.159700 0.381280 0.042600 0.028680
7 0.815019 0.266540 0.046012 0.028680
7 0.842375 0.303440 0.044300 0.026960
7 0.866775 0.191470 0.039550 0.024900
7 0.719006 0.759690 0.032687 0.025940
9 0.094613 0.262780 0.041875 0.060680
