7 0.306569 0.399640 0.040463 0.028240
7 0.354131 0.677800 0.041762 0.028640
7 0.378244 0.529950 0.041237 0.024940
7 0.403625 0.173660 0.041725 0.028240
7 0.426563 0.668760 0.039400 0.028640
7 0.452487 0.702770 0.034225 0.026180
7 0.476594 0.781770 0.034213 0.027420
7 0.498881 0.510340 0.040437 0.032800
7 0.524419 0.628950 0.041212 0.025340
7 0.548000 0.675190 0.039650 0.029900
7 0.573012 0.832990 0.036800 0.024500
7 0.599069 0.698610 0.031363 0.025340
7 0.621881 0.392740 0.045538 0.028080
7 0.644225 0.483450 0.044825 0.030460
7 0.671300 0.759960 0.031725 0.026880
7 0.694819 0.150630 0.041363 0.027380
7 0.718463 0.355170 0.045725 0.032340
7 0.744000 0.220440 0.039900 0.025680
7 0.769800 0.246240 0.040200 0.022080
7 0.840744 0.398380 0.041688 0.028680
7 0.791025 0.815300 0.038250 0.026880
7 0.815444 0.711540 0.041688 0.027360
7 0.864431 0.712290 0.042613 0.026860
8 0.865925 0.922110 0.027225 0.030940
8 0.741387 0.923020 0.031200 0.036400
8 0.622844 0.923470 0.027863 0.033660
8 0.500294 0.920750 0.027863 0.031860
8 0.380269 0.924380 0.027238 0.035480
8 0.256300 0.922570 0.017600 0.031860
8 0.138000 0.925290 0.020425 0.035500
2 0.514856 0.093390 0.194363 0.046220
3 0.218494 0.160980 0.175963 0.063840
10 0.513594 0.961160 0.047712 0.043480
11 0.060306 0.507930 0.029513 0.128980
0 0.512294 0.938130 0.776137 0.098940
1 0.080831 0.497960 0.089862 0.799560
5 0.512906 0.503660 0.771238 0.772560
9 0.102744 0.868950 0.027163 0.047060
9 0.094613 0.727150 0.038775 0.045820
9 0.098487 0.585980 0.038775 0.055720
9 0.096163 0.436760 0.041875 0.054480
9 0.095000 0.291250 0.044200 0.050780
9 0.096938 0.153790 0.040325 0.048300
7 0.160606 0.542490 0.040437 0.028620
7 0.183800 0.175860 0.041250 0.022840
7 0.207725 0.702400 0.032400 0.024920
7 0.232737 0.427550 0.042575 0.030060
7 0.257119 0.767250 0.034763 0.027820
7 0.281481 0.562170 0.040988 0.027420
7 0.330675 0.282900 0.042525 0.027000
