7 0.863419 0.607830 0.042638 0.030860
9 0.095775 0.705480 0.034900 0.056960
7 0.572769 0.547710 0.040688 0.030460
7 0.523312 0.620580 0.041800 0.025680
7 0.548881 0.204620 0.044413 0.034640
7 0.499725 0.351570 0.039125 0.022620
7 0.477100 0.326270 0.036375 0.024420
7 0.452000 0.322300 0.039500 0.026200
7 0.428681 0.175210 0.042638 0.028380
7 0.403638 0.364320 0.038600 0.027360
7 0.379381 0.316300 0.039838 0.027880
10 0.514456 0.960250 0.044862 0.033740
3 0.218119 0.162030 0.175587 0.067180
2 0.511781 0.090740 0.201463 0.048480
7 0.231925 0.274660 0.042775 0.027640
0 0.513569 0.933320 0.775637 0.090760
11 0.060519 0.509720 0.026538 0.132560
9 0.092294 0.127170 0.043413 0.039620
9 0.094613 0.270820 0.037225 0.047040
9 0.097713 0.418190 0.040325 0.042100
9 0.096163 0.565550 0.035675 0.054500
9 0.100806 0.854710 0.029488 0.045820
5 0.512913 0.504970 0.777775 0.769940
1 0.082875 0.494140 0.084425 0.805000
7 0.159150 0.454220 0.041225 0.027360
7 0.354494 0.475300 0.046062 0.028360
8 0.862931 0.923830 0.034112 0.040420
8 0.743781 0.922190 0.034112 0.039340
8 0.621919 0.922200 0.036837 0.043680
8 0.502094 0.922190 0.028663 0.032780
8 0.379881 0.926000 0.032063 0.042600
8 0.259038 0.921650 0.023225 0.036060
8 0.137169 0.926000 0.020488 0.033880
7 0.304419 0.547460 0.041713 0.027360
7 0.333344 0.741310 0.036113 0.029860
7 0.281713 0.849790 0.033625 0.036820
7 0.257606 0.619620 0.040162 0.028360
7 0.184000 0.425150 0.038900 0.021900
7 0.208750 0.415070 0.038350 0.023660
7 0.647394 0.300180 0.042963 0.031040
7 0.621475 0.528310 0.040300 0.029860
7 0.598150 0.726280 0.037700 0.028080
7 0.691900 0.370560 0.039100 0.032160
7 0.721294 0.373620 0.036063 0.024560
7 0.670937 0.731240 0.040850 0.030960
7 0.742631 0.654680 0.037587 0.029040
7 0.767544 0.427310 0.045888 0.030300
7 0.791725 0.552340 0.041700 0.027360
7 0.840556 0.364720 0.036737 0.028360
