7 0.499069 0.483300 0.042638 0.030960
9 0.101581 0.877550 0.029488 0.044700
9 0.095775 0.726470 0.041100 0.047180
9 0.099644 0.569200 0.038012 0.052120
9 0.097713 0.404500 0.043425 0.039760
9 0.095388 0.249710 0.046525 0.049660
2 0.515794 0.088470 0.195312 0.053020
11 0.060869 0.507920 0.027662 0.127800
7 0.160881 0.749130 0.033537 0.029940
7 0.185294 0.446140 0.047162 0.030960
7 0.208512 0.189190 0.043275 0.028900
7 0.233662 0.544710 0.053600 0.034060
0 0.513000 0.934680 0.774500 0.091680
1 0.084606 0.499690 0.081088 0.815900
5 0.514544 0.493200 0.774513 0.801320
10 0.511981 0.962090 0.047912 0.034380
7 0.860994 0.816620 0.036112 0.029920
7 0.790375 0.813020 0.032900 0.030960
7 0.256238 0.615390 0.040700 0.035100
7 0.283006 0.833650 0.045213 0.034060
7 0.303969 0.237700 0.048438 0.037160
7 0.327506 0.194360 0.042638 0.030960
7 0.835519 0.205700 0.052237 0.040240
7 0.357825 0.111800 0.046500 0.026840
7 0.427156 0.205710 0.047137 0.033020
7 0.405256 0.400230 0.048488 0.038180
7 0.378781 0.524580 0.045863 0.033040
7 0.452631 0.733550 0.042638 0.038180
7 0.476175 0.619520 0.044575 0.033040
7 0.521963 0.770700 0.040700 0.032000
7 0.573244 0.725290 0.045213 0.038180
7 0.547763 0.358440 0.047150 0.041280
7 0.597750 0.231500 0.046500 0.037160
7 0.644400 0.371010 0.039650 0.026540
7 0.671088 0.354840 0.041500 0.024480
7 0.623006 0.810940 0.033537 0.030960
7 0.695238 0.754700 0.036125 0.036120
7 0.718456 0.711880 0.043862 0.033040
7 0.742644 0.640670 0.044513 0.033020
7 0.767800 0.532320 0.041925 0.035080
7 0.815206 0.340890 0.042563 0.031980
8 0.136788 0.924690 0.017075 0.031780
8 0.257631 0.923790 0.020488 0.031780
8 0.379900 0.924240 0.023325 0.034480
8 0.499613 0.923790 0.024450 0.031780
8 0.622725 0.921510 0.027850 0.030860
8 0.746413 0.921520 0.027850 0.029040
8 0.863569 0.920610 0.026163 0.030860
3 0.218588 0.160370 0.173875 0.062020
