11 0.060869 0.508230 0.026162 0.129580
9 0.101194 0.857120 0.031813 0.036040
9 0.096162 0.717180 0.037225 0.043480
9 0.096937 0.570440 0.038775 0.039760
9 0.094613 0.421830 0.040325 0.044700
9 0.097325 0.285620 0.039550 0.042240
9 0.097706 0.138870 0.046512 0.045940
7 0.158731 0.628310 0.040963 0.028380
7 0.184281 0.569610 0.041888 0.026900
7 0.256725 0.698890 0.032600 0.026900
7 0.354244 0.519830 0.041887 0.025420
7 0.231644 0.176550 0.041887 0.025420
7 0.281331 0.221140 0.040962 0.022440
7 0.305944 0.314750 0.040037 0.028380
7 0.329856 0.271440 0.039938 0.032680
7 0.402537 0.241190 0.040025 0.026900
7 0.429469 0.186950 0.041887 0.028380
7 0.451756 0.311040 0.041888 0.029880
7 0.500056 0.295440 0.041887 0.025400
7 0.526062 0.245650 0.040025 0.026900
7 0.477300 0.403170 0.040950 0.026900
7 0.208287 0.816510 0.036775 0.026740
7 0.379700 0.805630 0.034550 0.028540
7 0.549106 0.605910 0.043463 0.028540
7 0.599256 0.752140 0.032312 0.028520
7 0.574625 0.837650 0.034775 0.025140
7 0.622231 0.813740 0.033237 0.023440
7 0.647256 0.160580 0.042588 0.029200
7 0.670588 0.510200 0.041375 0.031160
7 0.694575 0.712250 0.033400 0.025980
7 0.717963 0.664850 0.041700 0.028420
7 0.743219 0.446450 0.039813 0.024780
7 0.792756 0.398450 0.043037 0.029020
7 0.768800 0.203600 0.043200 0.023240
7 0.817294 0.180350 0.043588 0.026260
7 0.840187 0.310600 0.039625 0.023600
7 0.865894 0.317280 0.040263 0.024600
5 0.512500 0.504970 0.775325 0.769940
1 0.081169 0.495340 0.091913 0.798480
0 0.512431 0.936040 0.775637 0.092600
10 0.513975 0.963740 0.049225 0.036480
3 0.217738 0.160360 0.174825 0.063240
2 0.512019 0.089990 0.200037 0.048500
8 0.864675 0.922880 0.031775 0.035400
8 0.743831 0.922880 0.030638 0.033600
8 0.623263 0.924240 0.031200 0.030880
8 0.501850 0.923340 0.031200 0.032680
8 0.383300 0.924240 0.033525 0.032680
8 0.259594 0.923330 0.026663 0.027220
8 0.137356 0.923790 0.020488 0.033580
