7 0.233706 0.348640 0.041238 0.021600
7 0.273687 0.614500 0.026875 0.023400
7 0.307606 0.615810 0.038638 0.025220
7 0.354181 0.606870 0.038887 0.023900
7 0.378206 0.585890 0.037638 0.025060
7 0.328594 0.295150 0.044087 0.030420
7 0.427413 0.356840 0.037825 0.023160
7 0.402463 0.114750 0.040200 0.023500
7 0.476437 0.269300 0.043200 0.029360
7 0.573012 0.241060 0.043475 0.025920
7 0.599031 0.292730 0.042787 0.026940
7 0.645575 0.229310 0.041700 0.029380
7 0.695356 0.139350 0.041688 0.027300
7 0.791594 0.146020 0.038688 0.025240
7 0.865031 0.233110 0.040413 0.025220
7 0.451788 0.488400 0.039400 0.027400
7 0.497712 0.706020 0.042925 0.030360
7 0.523019 0.762700 0.039213 0.027360
7 0.548369 0.502420 0.038912 0.029360
7 0.620681 0.552440 0.041713 0.026880
7 0.669981 0.658690 0.043888 0.028380
7 0.718819 0.538750 0.038287 0.026380
7 0.741994 0.656950 0.041088 0.026860
7 0.815706 0.479030 0.040463 0.026380
7 0.839969 0.615390 0.041713 0.026380
7 0.767775 0.878750 0.030850 0.022380
8 0.137506 0.921100 0.019813 0.030600
8 0.257337 0.921100 0.018450 0.034960
8 0.380562 0.923820 0.027975 0.033880
8 0.499706 0.918380 0.027987 0.036040
8 0.623619 0.923280 0.030712 0.028440
8 0.743787 0.923280 0.035475 0.037160
8 0.862244 0.924910 0.031388 0.036060
11 0.061237 0.507630 0.025425 0.128380
2 0.515350 0.092260 0.192425 0.043960
3 0.217638 0.160220 0.171975 0.056240
10 0.513975 0.961760 0.047325 0.034960
0 0.513000 0.937860 0.774500 0.094400
1 0.084575 0.507220 0.081025 0.781040
5 0.513319 0.495810 0.773688 0.785620
9 0.095775 0.138310 0.039550 0.047060
9 0.095775 0.291260 0.045750 0.055720
9 0.096550 0.454100 0.039550 0.056960
9 0.095775 0.605790 0.041100 0.043340
9 0.093837 0.758110 0.038775 0.053260
7 0.159619 0.554290 0.043662 0.029860
7 0.185106 0.219040 0.039937 0.026160
7 0.208700 0.297000 0.041500 0.027000
7 0.253888 0.561530 0.045625 0.031100
