8 0.501750 0.922730 0.027975 0.031700
8 0.622937 0.922190 0.036150 0.039340
8 0.745150 0.922730 0.032750 0.040420
9 0.094613 0.743810 0.037225 0.054620
9 0.096550 0.592110 0.036450 0.045940
5 0.512500 0.495160 0.776950 0.784320
1 0.082187 0.497410 0.084425 0.807180
0 0.512150 0.936950 0.775075 0.098020
8 0.863956 0.922190 0.040237 0.039340
9 0.097713 0.444750 0.037225 0.040980
9 0.095388 0.293670 0.043425 0.040980
7 0.183875 0.669440 0.041050 0.028880
7 0.279431 0.840440 0.039812 0.028360
7 0.162256 0.202630 0.043862 0.028860
11 0.061050 0.503150 0.028775 0.138540
7 0.231975 0.872790 0.035800 0.025380
7 0.208219 0.489160 0.041713 0.031400
9 0.100419 0.876990 0.028712 0.043340
2 0.511069 0.094150 0.194363 0.035620
3 0.218787 0.160510 0.175775 0.061100
10 0.512837 0.960260 0.044300 0.035000
9 0.095388 0.146310 0.043425 0.043460
7 0.863512 0.304280 0.039950 0.032240
7 0.742594 0.416920 0.039688 0.026120
7 0.791125 0.561130 0.039875 0.021020
7 0.817125 0.563800 0.037250 0.025200
7 0.841025 0.766760 0.032375 0.030920
7 0.767156 0.875030 0.033312 0.026380
7 0.720962 0.875270 0.033625 0.020900
7 0.694219 0.614970 0.041712 0.025940
7 0.671513 0.752580 0.039225 0.025440
7 0.646312 0.774720 0.031750 0.025920
7 0.475400 0.874030 0.034550 0.023380
7 0.426250 0.728190 0.042025 0.032380
7 0.597156 0.482090 0.041763 0.033220
7 0.622825 0.376550 0.046425 0.024500
7 0.573313 0.391060 0.040725 0.023680
7 0.498594 0.531090 0.038363 0.026540
7 0.451244 0.256280 0.043812 0.032400
7 0.525113 0.226010 0.040700 0.027420
7 0.549094 0.139740 0.039913 0.025760
8 0.137850 0.922190 0.023225 0.032780
8 0.258019 0.923830 0.022538 0.031700
8 0.378519 0.923280 0.030713 0.037160
7 0.401606 0.117760 0.045612 0.028240
7 0.380875 0.261670 0.039400 0.020780
7 0.355731 0.262290 0.039913 0.025340
7 0.305181 0.148870 0.043538 0.026580
7 0.326962 0.551310 0.043200 0.032820
7 0.258431 0.298470 0.041837 0.026340
