8 0.622263 0.922730 0.038875 0.040420
7 0.864525 0.445330 0.042800 0.028620
8 0.500394 0.922190 0.037512 0.039340
11 0.061800 0.505240 0.024300 0.128400
8 0.380906 0.925450 0.038188 0.045860
8 0.258012 0.924920 0.027975 0.033880
7 0.769137 0.296240 0.041750 0.027360
5 0.514131 0.502880 0.778587 0.784320
8 0.864969 0.925460 0.034112 0.039320
7 0.744644 0.340400 0.040463 0.029440
7 0.720925 0.225110 0.043825 0.029460
7 0.597169 0.431410 0.042362 0.031140
7 0.644481 0.642030 0.045787 0.030420
7 0.693063 0.803460 0.034350 0.028680
7 0.670275 0.750580 0.033275 0.028000
7 0.624700 0.819700 0.035425 0.028680
7 0.573688 0.787850 0.034925 0.022780
7 0.548312 0.816820 0.034025 0.026200
7 0.527444 0.176050 0.039138 0.025700
7 0.499719 0.120080 0.041212 0.025760
7 0.476256 0.248860 0.036813 0.020360
7 0.449350 0.217360 0.045100 0.031920
7 0.427181 0.405230 0.047438 0.037620
7 0.401800 0.496900 0.042225 0.026280
7 0.354456 0.375720 0.044412 0.032240
7 0.377537 0.180380 0.047450 0.032240
7 0.304006 0.223980 0.042962 0.027480
7 0.281800 0.288170 0.043325 0.028060
7 0.330044 0.721620 0.043663 0.026880
7 0.257069 0.639500 0.046288 0.032240
7 0.232956 0.519100 0.043063 0.026640
7 0.208850 0.544920 0.041800 0.025680
7 0.185819 0.400650 0.044787 0.033500
7 0.160256 0.605200 0.040687 0.028120
0 0.513281 0.936500 0.775062 0.097120
1 0.084575 0.488260 0.081025 0.775600
8 0.138869 0.922190 0.023887 0.034980
7 0.838862 0.316150 0.043825 0.029860
9 0.094225 0.712290 0.039550 0.050780
9 0.095388 0.568020 0.035675 0.052000
9 0.097713 0.429330 0.038775 0.042100
9 0.093837 0.285060 0.038775 0.053240
9 0.094225 0.142650 0.039550 0.038380
7 0.791687 0.260140 0.043825 0.028240
10 0.512931 0.963590 0.050188 0.034980
3 0.216681 0.158690 0.175763 0.061100
2 0.514169 0.093760 0.191013 0.042440
9 0.100419 0.852840 0.028712 0.056960
7 0.816250 0.737620 0.035000 0.030680
8 0.746850 0.924370 0.032075 0.043700
