10 0.532870 0.949590 0.057920 0.041740
9 0.057760 0.679430 0.026360 0.055740
9 0.056470 0.543220 0.033080 0.051600
7 0.120780 0.174190 0.029540 0.038100
7 0.283950 0.285820 0.031520 0.032840
7 0.452050 0.362640 0.023640 0.031520
7 0.614240 0.325880 0.031520 0.039400
7 0.775115 0.518920 0.032830 0.036760
9 0.058020 0.394610 0.029980 0.049540
9 0.055950 0.262010 0.032040 0.044380
9 0.053630 0.132490 0.040820 0.049540
7 0.942885 0.103270 0.040050 0.024940
5 0.532210 0.457600 0.906540 0.760840
3 0.894005 0.136860 0.175290 0.118880
2 0.533785 0.044960 0.533290 0.056200
0 0.534085 0.900660 0.906390 0.141400
7 0.943740 0.798360 0.018600 0.036240
7 0.777300 0.654830 0.031100 0.034900
7 0.616460 0.388340 0.027780 0.032760
7 0.284105 0.448420 0.030610 0.035840
7 0.124105 0.417910 0.029610 0.034340
9 0.067050 0.809460 0.011920 0.035080
8 0.943215 0.893860 0.061730 0.080120
8 0.776430 0.891230 0.057780 0.080100
8 0.613910 0.890570 0.054500 0.081420
8 0.448765 0.888610 0.056470 0.082740
8 0.286580 0.891890 0.056480 0.078780
8 0.120450 0.892550 0.055160 0.082740
1 0.043945 0.448980 0.075850 0.769840
11 0.019885 0.455820 0.023750 0.460040
