8 0.286580 0.892550 0.060420 0.080100
8 0.942230 0.891230 0.054500 0.080100
8 0.777415 0.887950 0.053190 0.081420
8 0.614245 0.891240 0.056470 0.077480
8 0.450080 0.889920 0.053840 0.082720
8 0.119470 0.890580 0.054500 0.078800
7 0.121105 0.676510 0.032830 0.026260
7 0.285595 0.557000 0.030870 0.039400
7 0.450410 0.568820 0.028240 0.031520
7 0.613910 0.111150 0.038740 0.035460
7 0.778730 0.150550 0.026920 0.043340
7 0.944530 0.282530 0.026260 0.034140
11 0.019520 0.455460 0.023340 0.466240
10 0.531850 0.949350 0.061480 0.040740
5 0.534440 0.456120 0.902080 0.751920
3 0.893690 0.775840 0.178380 0.118880
2 0.531995 0.046750 0.538670 0.050220
1 0.047305 0.456720 0.073270 0.791520
0 0.533860 0.906310 0.908720 0.137620
9 0.054665 0.127340 0.047010 0.041280
9 0.057500 0.284700 0.033080 0.036120
9 0.055955 0.437950 0.034110 0.039220
9 0.057245 0.590690 0.030490 0.043340
9 0.058795 0.740310 0.038750 0.049540
7 0.122010 0.653140 0.023440 0.024880
7 0.284425 0.483900 0.030090 0.034000
7 0.451200 0.612240 0.020740 0.023920
7 0.615550 0.748440 0.026700 0.036120
7 0.780845 0.791000 0.033350 0.021760
