7 0.943175 0.372040 0.029810 0.029080
9 0.052600 0.116500 0.036680 0.032000
9 0.058530 0.258390 0.032040 0.037140
7 0.452280 0.350040 0.021360 0.031440
7 0.613980 0.663840 0.028440 0.038400
7 0.779160 0.787770 0.019720 0.025340
9 0.056470 0.396680 0.032040 0.041280
9 0.056215 0.537540 0.033590 0.050560
9 0.057500 0.672210 0.034100 0.049540
9 0.066015 0.811010 0.018110 0.038180
7 0.122635 0.792280 0.020530 0.030280
11 0.020290 0.457210 0.019160 0.462740
10 0.532360 0.952280 0.059700 0.041520
7 0.945185 0.104580 0.031510 0.040720
7 0.779060 0.167620 0.023640 0.032840
7 0.612930 0.366580 0.031520 0.052520
7 0.449755 0.213580 0.032170 0.030200
7 0.283295 0.511700 0.032830 0.030200
7 0.121435 0.489380 0.024290 0.038080
7 0.285660 0.471960 0.023880 0.027600
5 0.535555 0.456120 0.904310 0.757880
3 0.895550 0.135620 0.164760 0.121360
2 0.532590 0.046460 0.535680 0.054400
1 0.047045 0.456720 0.073790 0.775000
0 0.534320 0.907730 0.904980 0.151780
8 0.448440 0.893200 0.058440 0.084040
8 0.283950 0.891890 0.055160 0.089300
8 0.121110 0.892550 0.057780 0.080100
8 0.613585 0.893860 0.056470 0.085360
8 0.777085 0.888600 0.060410 0.085360
8 0.943545 0.891890 0.065010 0.084060
