0 0.529135 0.904420 0.915350 0.143280
1 0.041115 0.454660 0.062950 0.779120
8 0.278045 0.891230 0.061730 0.082740
8 0.111260 0.891890 0.057780 0.081420
5 0.528870 0.453890 0.919180 0.756380
2 0.528860 0.048240 0.535980 0.046040
9 0.047180 0.154170 0.032040 0.039220
9 0.050275 0.246010 0.027910 0.045420
9 0.049760 0.338370 0.032040 0.036100
9 0.050275 0.431250 0.033070 0.044380
9 0.053115 0.522060 0.035650 0.042320
9 0.050535 0.614420 0.036690 0.049520
9 0.049245 0.701620 0.039270 0.032000
9 0.051565 0.792950 0.036690 0.043340
7 0.114755 0.660200 0.032550 0.037320
7 0.278040 0.460320 0.033840 0.036880
10 0.528800 0.949980 0.064780 0.052200
11 0.019850 0.457650 0.021360 0.457460
7 0.447720 0.578760 0.028800 0.040080
7 0.612240 0.431640 0.029760 0.041520
7 0.941575 0.400070 0.029550 0.043340
7 0.776090 0.782020 0.030760 0.045960
8 0.940590 0.891890 0.055160 0.078780
7 0.113560 0.455880 0.030860 0.031520
7 0.938640 0.510960 0.035280 0.038400
8 0.776100 0.891890 0.059760 0.078780
8 0.608330 0.889920 0.055160 0.085360
8 0.443515 0.887950 0.051210 0.078780
7 0.442205 0.448660 0.036770 0.040720
7 0.278700 0.119030 0.031520 0.038100
7 0.605375 0.343600 0.036110 0.040720
7 0.782340 0.278980 0.038080 0.031520
3 0.892455 0.137480 0.174670 0.117640
