11 0.020675 0.457300 0.020450 0.468000
7 0.450345 0.378400 0.028230 0.038080
7 0.285200 0.422400 0.030200 0.036760
0 0.533380 0.903010 0.905920 0.142340
1 0.047820 0.455170 0.075340 0.784300
2 0.532440 0.044360 0.535980 0.056200
3 0.170185 0.777700 0.175290 0.115160
5 0.534070 0.454640 0.905800 0.760840
7 0.123340 0.105240 0.032180 0.032840
8 0.944200 0.891890 0.057120 0.091940
8 0.778070 0.891230 0.059760 0.072220
8 0.614570 0.893200 0.065000 0.084040
8 0.445160 0.890570 0.058440 0.081420
8 0.285925 0.887950 0.057790 0.076180
8 0.120450 0.889920 0.053840 0.080120
7 0.941835 0.693590 0.031510 0.051220
7 0.777350 0.649600 0.030860 0.039400
7 0.614830 0.455880 0.030200 0.048600
9 0.054405 0.145400 0.043390 0.046440
9 0.058020 0.283160 0.029980 0.041280
9 0.058020 0.428150 0.035140 0.050580
9 0.059565 0.571080 0.034110 0.047480
9 0.058535 0.706260 0.034110 0.049520
7 0.120060 0.703220 0.033000 0.036280
7 0.286745 0.570440 0.028510 0.027640
7 0.451200 0.406900 0.024600 0.027400
7 0.614350 0.691580 0.026500 0.033400
7 0.781105 0.449240 0.026490 0.030240
7 0.942455 0.792240 0.028950 0.026800
10 0.531405 0.948080 0.061350 0.046360
