7 0.614330 0.790020 0.027180 0.033440
9 0.051090 0.131850 0.042140 0.049020
9 0.057885 0.286910 0.035690 0.038700
9 0.057025 0.438260 0.035690 0.040400
9 0.057670 0.593480 0.030100 0.043000
9 0.057025 0.743980 0.037410 0.046440
7 0.122485 0.564470 0.026870 0.031860
7 0.286030 0.750190 0.029240 0.036500
7 0.450200 0.382070 0.021400 0.034340
7 0.780385 0.641180 0.022750 0.032840
7 0.942885 0.486240 0.023470 0.028800
0 0.534555 0.903950 0.903570 0.138580
1 0.047560 0.453620 0.076880 0.779120
2 0.532740 0.042280 0.535380 0.055600
3 0.896480 0.136240 0.177760 0.122600
5 0.533325 0.450920 0.904310 0.762320
7 0.940195 0.545180 0.028230 0.038080
7 0.778990 0.236570 0.023640 0.024940
7 0.613190 0.106550 0.028240 0.027580
7 0.448375 0.487400 0.026930 0.030200
7 0.285525 0.617420 0.025610 0.024960
7 0.120060 0.491340 0.030860 0.032840
10 0.532615 0.949350 0.060210 0.050420
11 0.020135 0.461700 0.019810 0.465360
8 0.120450 0.895830 0.065660 0.091940
8 0.283955 0.893200 0.061730 0.086680
8 0.449425 0.895830 0.063030 0.091940
8 0.614895 0.894520 0.064350 0.094560
8 0.775770 0.892550 0.053840 0.080100
8 0.942555 0.895170 0.060410 0.090620
