7 0.278465 0.450950 0.031990 0.034060
7 0.944530 0.433560 0.023640 0.036760
7 0.778730 0.107860 0.026920 0.039400
7 0.612930 0.525490 0.023640 0.034140
7 0.448440 0.130190 0.032180 0.034140
7 0.280340 0.360020 0.024300 0.036760
7 0.115200 0.197170 0.026260 0.036780
3 0.895860 0.138710 0.175280 0.122580
2 0.528415 0.042870 0.542850 0.056780
1 0.041110 0.453110 0.069140 0.778100
0 0.528430 0.904420 0.914880 0.141400
8 0.942890 0.887950 0.054500 0.081420
8 0.775770 0.891230 0.057780 0.087980
8 0.610630 0.890570 0.058440 0.081420
8 0.444170 0.892550 0.059100 0.082740
8 0.278370 0.885320 0.058440 0.076160
8 0.112575 0.888600 0.056470 0.085360
10 0.528930 0.950360 0.063260 0.047840
11 0.019190 0.456550 0.022680 0.463180
7 0.938920 0.309260 0.040760 0.046440
5 0.528320 0.453150 0.912840 0.757860
7 0.774320 0.534030 0.036120 0.049540
7 0.609215 0.324540 0.031990 0.051600
7 0.446680 0.789440 0.027860 0.040240
7 0.113870 0.629480 0.030960 0.036120
9 0.056210 0.814620 0.016040 0.045400
9 0.051825 0.665500 0.034110 0.040240
9 0.051310 0.513800 0.034100 0.044360
9 0.048475 0.368300 0.033590 0.046440
9 0.048985 0.216090 0.035650 0.043340
