5 0.529610 0.449430 0.914720 0.756380
2 0.528710 0.046760 0.536280 0.056200
1 0.040595 0.450010 0.065010 0.776020
0 0.529135 0.905840 0.912510 0.138560
8 0.943215 0.891230 0.053850 0.082740
8 0.776100 0.894520 0.062380 0.084040
8 0.611945 0.891240 0.059750 0.085360
8 0.442860 0.893200 0.059100 0.078800
8 0.277385 0.889920 0.052530 0.082720
8 0.111590 0.891890 0.054500 0.078780
10 0.526830 0.948320 0.065420 0.050920
11 0.021390 0.455230 0.020480 0.457020
9 0.046920 0.122690 0.037720 0.042300
9 0.049505 0.212470 0.030490 0.040260
9 0.051050 0.316700 0.032560 0.034040
9 0.050020 0.411640 0.035660 0.036120
9 0.050020 0.505030 0.031520 0.041260
9 0.048730 0.601520 0.032040 0.044360
9 0.052600 0.699550 0.035660 0.044380
9 0.046665 0.793980 0.031010 0.045400
7 0.113100 0.424120 0.035600 0.036120
7 0.279505 0.213090 0.031990 0.033020
7 0.440745 0.757450 0.042830 0.042300
7 0.610245 0.410190 0.029930 0.053660
7 0.941500 0.482430 0.033020 0.039220
7 0.940915 0.209640 0.037430 0.030200
7 0.773145 0.422400 0.024950 0.038080
7 0.612270 0.681760 0.023640 0.039400
7 0.447130 0.182070 0.026920 0.038100
7 0.277385 0.604940 0.030210 0.038080
7 0.115195 0.308800 0.032830 0.036760
3 0.161210 0.136860 0.183340 0.121360
