8 0.449095 0.893860 0.055810 0.082720
9 0.052855 0.098950 0.046490 0.058820
9 0.058790 0.264070 0.031520 0.044380
9 0.058790 0.416280 0.031520 0.057800
9 0.058015 0.586550 0.028950 0.063980
9 0.056465 0.738770 0.036170 0.054700
10 0.532175 0.950230 0.063130 0.043540
11 0.020840 0.457210 0.021580 0.458340
8 0.285265 0.889270 0.053850 0.081420
5 0.534070 0.451670 0.905800 0.754900
3 0.894935 0.778310 0.174670 0.106500
2 0.531695 0.048550 0.536290 0.049020
1 0.044205 0.454140 0.078430 0.792560
0 0.533380 0.902070 0.904980 0.138580
7 0.119140 0.471640 0.026260 0.039400
7 0.285925 0.134790 0.028890 0.027580
7 0.451395 0.219500 0.023630 0.031520
7 0.614570 0.708040 0.034800 0.047280
7 0.780040 0.656150 0.028240 0.043340
7 0.944530 0.111150 0.035460 0.040700
8 0.120780 0.890580 0.051880 0.078800
8 0.613255 0.889920 0.057130 0.085360
8 0.775770 0.891240 0.055160 0.077480
8 0.942885 0.887300 0.057130 0.077480
7 0.123050 0.678020 0.030480 0.034840
7 0.285565 0.604950 0.025530 0.030260
7 0.450765 0.480190 0.024770 0.033980
7 0.615290 0.638010 0.020880 0.029380
7 0.780600 0.409200 0.023760 0.029280
7 0.942815 0.635860 0.028230 0.029080
