7 0.121905 0.356410 0.026130 0.031100
7 0.453130 0.347420 0.026960 0.026960
7 0.612780 0.318840 0.029400 0.031920
7 0.781460 0.641760 0.026640 0.042040
7 0.944820 0.367680 0.022680 0.035520
10 0.532490 0.947810 0.061220 0.049900
7 0.942560 0.191920 0.027580 0.044640
7 0.778070 0.704750 0.026920 0.051220
11 0.020620 0.457650 0.022020 0.455700
7 0.613915 0.244450 0.033490 0.044660
9 0.053890 0.131970 0.042360 0.048500
9 0.057240 0.281610 0.039780 0.042300
9 0.055955 0.436920 0.034110 0.057800
7 0.447780 0.698840 0.030860 0.042040
7 0.284280 0.395470 0.036120 0.042020
7 0.125045 0.105240 0.032830 0.031520
8 0.119465 0.889920 0.057130 0.082720
8 0.287890 0.891230 0.059100 0.082740
8 0.447455 0.889920 0.055150 0.080120
8 0.613255 0.893860 0.055810 0.088000
8 0.779055 0.891890 0.056470 0.084060
8 0.942555 0.888600 0.056470 0.085360
5 0.533695 0.456870 0.903570 0.768260
3 0.892145 0.778320 0.185190 0.121360
2 0.533785 0.042870 0.533290 0.057980
1 0.044980 0.447430 0.071720 0.783260
0 0.534320 0.903010 0.905920 0.136700
9 0.057755 0.584500 0.033590 0.041280
9 0.055180 0.734640 0.035660 0.048520
7 0.286810 0.590210 0.026440 0.037660
