7 0.123255 0.689440 0.027170 0.036080
8 0.941570 0.891890 0.062380 0.076180
10 0.532440 0.953030 0.058320 0.048100
11 0.021045 0.459410 0.018470 0.463620
7 0.945120 0.585720 0.027600 0.032880
0 0.534085 0.908660 0.906390 0.148000
8 0.612930 0.891890 0.070920 0.081420
8 0.451725 0.893200 0.063690 0.084040
8 0.283955 0.889260 0.061730 0.084040
8 0.120780 0.892550 0.061060 0.074860
9 0.058020 0.741870 0.032040 0.044380
9 0.058275 0.597390 0.031530 0.048500
9 0.057245 0.445690 0.028430 0.044380
5 0.531470 0.456860 0.911000 0.759360
3 0.893070 0.777080 0.183340 0.111440
2 0.533485 0.049140 0.535090 0.047840
7 0.286465 0.419660 0.032310 0.037320
7 0.451200 0.568560 0.024240 0.024480
7 0.610440 0.471120 0.034320 0.032160
7 0.777505 0.791810 0.030530 0.036860
8 0.779385 0.891890 0.061070 0.078780
9 0.058530 0.295550 0.032040 0.049540
9 0.053375 0.150550 0.041330 0.048500
1 0.047045 0.455170 0.073790 0.776020
