7 0.448905 0.466560 0.033030 0.036640
5 0.530725 0.454640 0.903570 0.751920
3 0.168330 0.778310 0.179000 0.106500
2 0.533785 0.049140 0.534490 0.049040
1 0.047045 0.459300 0.074810 0.796680
0 0.533850 0.913860 0.904980 0.154600
7 0.121435 0.342950 0.025610 0.034140
7 0.285595 0.327190 0.025610 0.036780
7 0.451395 0.284500 0.030210 0.038080
7 0.615555 0.592470 0.028890 0.036780
7 0.780700 0.107870 0.032180 0.028900
7 0.944530 0.508420 0.026260 0.039400
11 0.019835 0.454800 0.021770 0.465800
10 0.532615 0.951630 0.062750 0.047340
7 0.943360 0.372300 0.025920 0.029720
7 0.778855 0.791520 0.021430 0.031800
7 0.613835 0.440390 0.024190 0.033860
7 0.286030 0.478060 0.022460 0.024880
7 0.121800 0.284250 0.023020 0.033580
9 0.065495 0.820810 0.023270 0.039220
9 0.053890 0.676850 0.035140 0.031980
9 0.058015 0.534960 0.028950 0.041280
9 0.056725 0.393060 0.035650 0.040240
9 0.057760 0.241890 0.034620 0.033020
9 0.056215 0.101530 0.038750 0.039220
8 0.942560 0.894520 0.061720 0.084040
8 0.779715 0.887290 0.056470 0.080100
8 0.615225 0.890580 0.055810 0.076160
8 0.448770 0.889260 0.057780 0.084040
8 0.286250 0.890570 0.054500 0.089300
8 0.120450 0.891230 0.055160 0.087980
