7 0.111915 0.658780 0.027570 0.048600
7 0.448910 0.786060 0.026540 0.029440
1 0.041885 0.453630 0.067590 0.777060
2 0.528260 0.045560 0.537180 0.052600
7 0.612120 0.668260 0.030680 0.040320
9 0.051570 0.356420 0.029460 0.041280
9 0.048730 0.503990 0.033080 0.053660
7 0.778295 0.391340 0.026350 0.037160
3 0.162450 0.777700 0.183340 0.115160
9 0.047440 0.649500 0.034620 0.045400
5 0.526635 0.456860 0.913230 0.762320
7 0.282065 0.298420 0.029390 0.031440
9 0.048985 0.201120 0.031530 0.038200
9 0.058020 0.797590 0.014500 0.038180
11 0.022270 0.456550 0.020480 0.461420
10 0.528415 0.949210 0.060970 0.045060
0 0.530315 0.903950 0.914870 0.144220
7 0.115305 0.276060 0.031450 0.042520
7 0.941245 0.403350 0.031510 0.044660
7 0.776100 0.310120 0.038740 0.047280
8 0.613605 0.887950 0.055190 0.078780
8 0.441545 0.897150 0.064350 0.073540
8 0.278370 0.891230 0.062380 0.087980
7 0.610960 0.108520 0.035460 0.030200
7 0.446795 0.138070 0.032830 0.044660
8 0.773145 0.893200 0.068290 0.086680
8 0.941900 0.890580 0.066980 0.078800
8 0.114210 0.892540 0.058440 0.085360
7 0.274760 0.414520 0.035460 0.040720
