3 0.161520 0.132520 0.175280 0.120120
5 0.527750 0.457610 0.915460 0.757860
9 0.050020 0.305860 0.030500 0.035080
8 0.442860 0.893200 0.053840 0.084040
8 0.610305 0.889270 0.060410 0.081420
7 0.108305 0.579330 0.037430 0.034140
7 0.279030 0.522860 0.030860 0.034160
7 0.442200 0.643680 0.030200 0.023640
7 0.613910 0.280560 0.026920 0.045960
7 0.780040 0.562260 0.028240 0.036760
7 0.945185 0.117060 0.028890 0.036760
7 0.944760 0.740250 0.025480 0.042620
7 0.778770 0.773030 0.024360 0.034900
7 0.611630 0.689220 0.033380 0.037320
7 0.445285 0.779840 0.024270 0.041880
9 0.049505 0.686660 0.033590 0.035080
9 0.048730 0.785720 0.034100 0.039200
7 0.110295 0.499490 0.035250 0.041060
8 0.112245 0.892540 0.055810 0.085360
7 0.282355 0.482900 0.029670 0.038560
8 0.942555 0.891890 0.056470 0.078780
8 0.775445 0.891240 0.055810 0.077480
10 0.529440 0.949090 0.059700 0.036660
11 0.020070 0.460300 0.021800 0.475920
8 0.277060 0.889920 0.054500 0.074840
9 0.048730 0.110820 0.032040 0.045400
9 0.049245 0.209380 0.031010 0.040240
9 0.050795 0.402870 0.034110 0.039220
9 0.050795 0.493680 0.034110 0.041280
9 0.049500 0.594290 0.032560 0.038180
0 0.530080 0.901120 0.914400 0.132920
1 0.042915 0.456200 0.062430 0.790480
2 0.529010 0.045860 0.539860 0.052000
