7 0.614240 0.704090 0.032840 0.044660
7 0.448110 0.270720 0.034140 0.047280
7 0.281000 0.610850 0.036120 0.039380
7 0.122095 0.680450 0.037430 0.036780
8 0.942885 0.891230 0.061070 0.087980
8 0.781355 0.887290 0.057130 0.080100
8 0.612270 0.899770 0.057780 0.094540
8 0.449425 0.891230 0.059090 0.082740
8 0.283955 0.893200 0.056470 0.078800
1 0.046010 0.460340 0.071720 0.780160
9 0.056730 0.726910 0.032560 0.043340
9 0.056730 0.573140 0.031540 0.045400
9 0.057500 0.417310 0.037200 0.043340
9 0.058530 0.266130 0.032040 0.044380
9 0.053370 0.118050 0.040300 0.043340
5 0.531840 0.451670 0.907280 0.766780
8 0.118480 0.891230 0.059100 0.080100
0 0.532905 0.904900 0.904970 0.148000
7 0.450265 0.416830 0.027790 0.027660
7 0.616585 0.765890 0.023470 0.033980
7 0.774695 0.784040 0.033550 0.037440
7 0.941955 0.669560 0.027650 0.033120
10 0.527850 0.945520 0.073060 0.053960
11 0.019630 0.458530 0.024000 0.460980
3 0.170810 0.135000 0.177760 0.120120
2 0.532890 0.044960 0.541660 0.057400
7 0.288540 0.438490 0.027820 0.045980
7 0.122735 0.628920 0.031850 0.032360
7 0.941575 0.107870 0.025610 0.034140
7 0.778070 0.219500 0.034800 0.047280
