0 0.534555 0.909140 0.905450 0.154600
9 0.054230 0.118780 0.042140 0.051600
9 0.057240 0.264550 0.035260 0.045580
9 0.057240 0.399570 0.031820 0.042140
9 0.056165 0.543600 0.032250 0.043000
9 0.056165 0.680340 0.032250 0.049880
9 0.065840 0.816220 0.016340 0.046440
7 0.121490 0.537020 0.029440 0.039000
7 0.285465 0.371420 0.022210 0.038560
7 0.443885 0.689910 0.040270 0.030420
7 0.614695 0.792040 0.026610 0.034200
7 0.779135 0.350810 0.027990 0.039820
7 0.942845 0.292480 0.034210 0.041480
7 0.117760 0.668630 0.038080 0.035460
7 0.285200 0.706720 0.024960 0.038080
7 0.450675 0.170240 0.026270 0.023640
7 0.615160 0.142020 0.037420 0.038080
8 0.121440 0.890570 0.058440 0.081420
8 0.283955 0.892550 0.056470 0.074860
8 0.448770 0.891890 0.055160 0.089300
8 0.616210 0.888610 0.059100 0.080100
8 0.775770 0.893200 0.063040 0.078800
8 0.941575 0.892940 0.063690 0.080120
11 0.019135 0.457960 0.022210 0.464920
10 0.533190 0.949980 0.062620 0.051160
7 0.779320 0.102620 0.028240 0.040720
7 0.943145 0.173530 0.028890 0.053860
5 0.534440 0.454640 0.903580 0.757880
3 0.172355 0.140570 0.184570 0.121340
2 0.533635 0.044960 0.540170 0.056200
1 0.046530 0.450530 0.074820 0.787380
