0 0.534795 0.901130 0.908750 0.140460
7 0.944615 0.648820 0.023470 0.027360
8 0.942885 0.891230 0.057130 0.087980
8 0.777740 0.890570 0.055160 0.073540
8 0.613585 0.894510 0.055150 0.081420
8 0.451725 0.893200 0.061070 0.084040
8 0.285270 0.891890 0.055160 0.086660
8 0.120125 0.893860 0.057130 0.080120
7 0.778225 0.352900 0.029950 0.033400
10 0.531215 0.950490 0.061990 0.042500
11 0.019960 0.456550 0.020260 0.458780
7 0.616225 0.332590 0.026490 0.042900
7 0.449220 0.707640 0.024120 0.029040
7 0.283445 0.763350 0.037670 0.039740
7 0.122565 0.383540 0.025230 0.025240
9 0.055955 0.748570 0.033070 0.047460
9 0.055435 0.587590 0.031010 0.049540
9 0.057760 0.419370 0.036680 0.043340
9 0.058530 0.253230 0.029980 0.037140
9 0.053375 0.085020 0.044430 0.037160
1 0.046790 0.450010 0.074300 0.773980
2 0.532590 0.045560 0.536280 0.057400
3 0.897405 0.777080 0.177150 0.116400
5 0.532210 0.449440 0.906540 0.753400
7 0.123735 0.283850 0.031510 0.034140
7 0.284940 0.697520 0.026920 0.031520
7 0.450740 0.673230 0.027580 0.024940
7 0.611610 0.656160 0.035460 0.038080
7 0.778730 0.111810 0.030860 0.034140
7 0.941900 0.400070 0.027580 0.045980
