9 0.051825 0.336820 0.031010 0.045400
9 0.050275 0.240340 0.034110 0.046440
9 0.047180 0.147980 0.032040 0.035080
5 0.529980 0.455380 0.911000 0.756400
3 0.158425 0.775840 0.172810 0.118880
8 0.610960 0.890580 0.055160 0.076160
8 0.444175 0.887290 0.052530 0.082740
8 0.280015 0.892540 0.059090 0.085360
7 0.443560 0.623040 0.033740 0.035240
8 0.112575 0.890580 0.056470 0.078800
7 0.444500 0.354110 0.025600 0.040700
8 0.940915 0.891890 0.057130 0.081420
8 0.776100 0.891230 0.057120 0.080100
10 0.525680 0.952140 0.065420 0.046320
11 0.020510 0.457650 0.021360 0.463620
7 0.279685 0.115740 0.029550 0.039400
7 0.110270 0.139380 0.030860 0.031520
0 0.529370 0.906780 0.916760 0.149880
1 0.041110 0.455170 0.069140 0.788420
2 0.528710 0.048250 0.536880 0.049620
7 0.610300 0.691610 0.030200 0.043340
7 0.277795 0.406020 0.031390 0.028680
7 0.612065 0.443540 0.025130 0.036840
9 0.049245 0.799140 0.033070 0.041280
9 0.049245 0.708850 0.031010 0.048500
9 0.049505 0.612360 0.033590 0.041280
9 0.048470 0.523600 0.032560 0.045400
7 0.945185 0.612170 0.027570 0.034140
7 0.777085 0.242480 0.024950 0.032840
7 0.777475 0.747900 0.024670 0.039400
9 0.049760 0.432280 0.029980 0.040240
