5 0.525525 0.456860 0.918430 0.759360
3 0.896785 0.136860 0.174670 0.121360
2 0.529160 0.047950 0.536580 0.049020
1 0.040335 0.451560 0.070690 0.785320
0 0.529135 0.908190 0.915350 0.148940
7 0.944340 0.603480 0.029400 0.032880
7 0.775230 0.604720 0.029380 0.041120
7 0.612970 0.638420 0.031800 0.028320
7 0.446390 0.437450 0.024540 0.029380
7 0.280580 0.635780 0.032380 0.037320
7 0.113280 0.618720 0.028360 0.032840
9 0.049245 0.787790 0.033070 0.047460
9 0.049760 0.707810 0.033080 0.036100
11 0.021420 0.454770 0.019000 0.457580
10 0.527780 0.948700 0.063260 0.047080
9 0.049245 0.109790 0.032050 0.047460
9 0.049245 0.194410 0.025850 0.045420
9 0.048990 0.619060 0.029460 0.034040
9 0.049500 0.534960 0.029460 0.041280
9 0.048985 0.451880 0.030490 0.042320
9 0.049760 0.367260 0.029980 0.036120
9 0.048725 0.278520 0.031010 0.032000
7 0.113820 0.226720 0.023640 0.036760
8 0.111915 0.889260 0.060410 0.078800
8 0.278045 0.892540 0.053850 0.085360
8 0.441545 0.893860 0.061730 0.085360
8 0.611285 0.891890 0.053190 0.078780
8 0.775445 0.892550 0.051870 0.080100
8 0.939930 0.894520 0.057780 0.086680
7 0.609250 0.312080 0.030860 0.039400
7 0.447390 0.545840 0.021020 0.028880
7 0.947975 0.139630 0.038310 0.043780
7 0.280930 0.696210 0.022980 0.048580
7 0.777020 0.111810 0.032840 0.045980
