8 0.111915 0.891240 0.055150 0.085360
9 0.049760 0.136100 0.032040 0.050560
9 0.050790 0.302770 0.035140 0.057780
9 0.050020 0.470980 0.029460 0.026840
9 0.051305 0.639180 0.031010 0.045400
9 0.056725 0.806360 0.020170 0.045400
7 0.113655 0.653050 0.033590 0.056740
7 0.278645 0.787450 0.022170 0.032900
7 0.443730 0.257080 0.036500 0.037320
7 0.610965 0.199400 0.029230 0.043200
0 0.529845 0.904890 0.913930 0.142340
1 0.040080 0.453110 0.067080 0.771900
2 0.528560 0.047950 0.534200 0.047820
3 0.894620 0.778320 0.179000 0.121360
5 0.528865 0.458350 0.913230 0.765300
7 0.942230 0.439470 0.030860 0.040700
7 0.776105 0.249700 0.037430 0.044640
7 0.608330 0.354770 0.035460 0.026260
7 0.446470 0.344260 0.028240 0.044640
7 0.943970 0.272400 0.033120 0.040600
7 0.778510 0.326840 0.028800 0.036000
7 0.276075 0.202430 0.024950 0.034140
10 0.527400 0.949980 0.061740 0.043520
11 0.021170 0.456560 0.021800 0.466680
7 0.115200 0.291720 0.026260 0.031520
8 0.278375 0.893860 0.053190 0.080120
8 0.443190 0.893200 0.054500 0.084040
8 0.609975 0.893200 0.055810 0.084040
8 0.777415 0.889260 0.059750 0.070920
8 0.941900 0.887950 0.059100 0.076180
