8 0.116840 0.889920 0.058440 0.080120
9 0.056035 0.573440 0.031390 0.041280
0 0.532435 0.901130 0.904970 0.142340
8 0.941245 0.888600 0.055150 0.085360
8 0.777410 0.891890 0.062380 0.078780
8 0.613255 0.889920 0.059750 0.080120
8 0.447780 0.892550 0.058440 0.082740
8 0.285595 0.890580 0.053190 0.078800
9 0.054875 0.119640 0.042570 0.056760
9 0.058100 0.271860 0.034400 0.049880
9 0.058315 0.425360 0.030530 0.045560
1 0.047820 0.451560 0.070180 0.781200
2 0.530500 0.044060 0.540460 0.056800
3 0.168330 0.135000 0.175280 0.122600
5 0.531095 0.452410 0.904310 0.768260
11 0.021555 0.456860 0.020010 0.460960
10 0.534590 0.949090 0.056520 0.044820
7 0.285945 0.371960 0.026090 0.027640
7 0.120745 0.628180 0.023590 0.034640
7 0.615000 0.522600 0.025440 0.030480
7 0.778800 0.565010 0.026200 0.033700
7 0.943460 0.735220 0.028080 0.038880
7 0.449975 0.788780 0.026070 0.027360
7 0.944465 0.583270 0.024950 0.040700
7 0.120715 0.569480 0.029550 0.031520
7 0.283230 0.702780 0.031520 0.030200
7 0.450345 0.323900 0.032170 0.034160
7 0.612535 0.599680 0.029550 0.039400
7 0.780300 0.104580 0.027580 0.031520
9 0.057025 0.728070 0.027950 0.049020
