7 0.280950 0.773620 0.029440 0.029440
7 0.445150 0.477450 0.025340 0.027940
11 0.019725 0.455020 0.024190 0.463600
7 0.943280 0.207110 0.027820 0.031100
7 0.775440 0.784320 0.030240 0.032640
2 0.526620 0.049140 0.535080 0.055000
1 0.042920 0.445880 0.064500 0.780160
0 0.528900 0.908660 0.914880 0.146120
8 0.609975 0.891230 0.057130 0.080100
5 0.525895 0.453160 0.916210 0.760840
8 0.776430 0.887950 0.055160 0.084060
3 0.162135 0.133760 0.172810 0.110200
8 0.941245 0.887950 0.053850 0.081420
10 0.528225 0.950990 0.066950 0.048100
7 0.610320 0.748750 0.027080 0.033700
7 0.111585 0.591810 0.028230 0.032820
7 0.279685 0.361990 0.036110 0.040700
7 0.442860 0.668630 0.030200 0.042020
7 0.612270 0.165000 0.024960 0.040720
7 0.776755 0.121000 0.029550 0.042040
7 0.941905 0.534020 0.028890 0.040720
8 0.444500 0.894510 0.053180 0.089300
8 0.277715 0.887290 0.053190 0.080100
8 0.111255 0.889260 0.052530 0.076160
9 0.048215 0.132500 0.031010 0.041280
9 0.047180 0.219180 0.032040 0.041280
9 0.049500 0.311020 0.027400 0.045400
9 0.048730 0.398740 0.032040 0.035080
9 0.049765 0.490060 0.031010 0.036120
9 0.050020 0.571590 0.030500 0.038180
9 0.049505 0.664460 0.036690 0.056760
9 0.051055 0.751660 0.028430 0.041280
7 0.113715 0.216230 0.027990 0.034420
