2 0.527220 0.042270 0.544640 0.061580
9 0.049285 0.424510 0.033110 0.042140
9 0.048640 0.334640 0.032680 0.044720
9 0.050145 0.244770 0.027090 0.042140
9 0.048210 0.159200 0.031820 0.039560
1 0.043175 0.454140 0.063990 0.784280
0 0.529375 0.909140 0.912990 0.154600
7 0.113490 0.523520 0.026920 0.039400
7 0.277325 0.605600 0.028890 0.024960
7 0.447390 0.596400 0.026260 0.040720
7 0.610890 0.683080 0.030200 0.035440
7 0.778990 0.311430 0.034140 0.035460
7 0.942820 0.539930 0.037420 0.043340
7 0.777990 0.201960 0.026880 0.025080
7 0.611345 0.390790 0.022990 0.038820
7 0.110295 0.325100 0.026570 0.041200
5 0.527010 0.453150 0.912480 0.751940
9 0.051005 0.599500 0.033110 0.034400
9 0.050145 0.512640 0.033970 0.039560
8 0.115200 0.890580 0.057780 0.086680
8 0.277390 0.891890 0.063040 0.084060
8 0.443840 0.887950 0.062380 0.078780
8 0.610300 0.889260 0.063040 0.084040
8 0.776755 0.887290 0.057130 0.080100
8 0.943215 0.891230 0.060410 0.080100
9 0.047135 0.773650 0.032250 0.042140
9 0.050360 0.688940 0.039560 0.041280
7 0.444900 0.366190 0.034340 0.048980
7 0.279930 0.416940 0.037620 0.041800
11 0.020455 0.456640 0.020010 0.456120
10 0.528930 0.949480 0.062240 0.047640
3 0.894000 0.775220 0.181480 0.130040
