8 0.109945 0.894520 0.056470 0.086680
7 0.112900 0.491340 0.032180 0.044640
7 0.278045 0.211620 0.034150 0.044640
7 0.607675 0.450630 0.031510 0.052540
7 0.778730 0.187980 0.042680 0.055160
7 0.946170 0.120350 0.029540 0.043340
7 0.444175 0.658770 0.024950 0.022340
11 0.020400 0.457870 0.022460 0.460540
10 0.528165 0.953300 0.063010 0.052200
8 0.280015 0.891890 0.063030 0.076180
8 0.441545 0.891230 0.060410 0.087980
8 0.609970 0.892540 0.058440 0.085360
8 0.774130 0.891890 0.055820 0.078780
8 0.942560 0.891230 0.055160 0.080100
7 0.942780 0.303600 0.033480 0.040320
7 0.774660 0.419400 0.032280 0.044880
7 0.447775 0.635780 0.023410 0.027600
7 0.610720 0.632890 0.038360 0.035940
7 0.279420 0.396000 0.029160 0.029280
7 0.111755 0.779980 0.023290 0.034400
9 0.057240 0.816680 0.019140 0.047480
9 0.048210 0.721740 0.032040 0.041280
9 0.048470 0.618540 0.032560 0.045400
9 0.048730 0.521550 0.029980 0.043340
9 0.050280 0.419900 0.029980 0.046440
9 0.049245 0.321340 0.029970 0.037160
9 0.049505 0.225890 0.031530 0.038180
9 0.047955 0.124750 0.032550 0.044380
0 0.529370 0.907730 0.915820 0.151780
1 0.041115 0.454660 0.062950 0.775000
2 0.528110 0.048240 0.533300 0.046040
3 0.161210 0.136850 0.174660 0.111460
5 0.528495 0.455380 0.918430 0.771240
