7 0.945550 0.671420 0.030820 0.042040
7 0.777215 0.728100 0.021950 0.030760
9 0.050145 0.580150 0.030530 0.042140
9 0.048640 0.481250 0.033540 0.050740
8 0.607020 0.893860 0.059100 0.088000
8 0.441875 0.891890 0.057130 0.084060
8 0.275745 0.891890 0.059750 0.081420
9 0.048210 0.395700 0.027520 0.037840
9 0.047780 0.759030 0.032680 0.033540
9 0.047565 0.672600 0.034830 0.041280
7 0.611325 0.614540 0.023330 0.031960
8 0.111260 0.891240 0.057780 0.077480
7 0.447775 0.208320 0.022470 0.030760
7 0.278170 0.625460 0.029540 0.029360
7 0.110915 0.298970 0.025130 0.027380
9 0.049070 0.118350 0.031820 0.040420
9 0.047780 0.211660 0.033540 0.039560
8 0.774460 0.887290 0.063040 0.082740
9 0.049070 0.304110 0.030100 0.035260
8 0.940590 0.893860 0.061720 0.082720
7 0.944460 0.324560 0.030200 0.032840
7 0.776365 0.683090 0.022330 0.043340
7 0.610560 0.685710 0.026920 0.032820
7 0.450015 0.282530 0.034150 0.040700
7 0.277650 0.413860 0.024300 0.032840
0 0.528665 0.908660 0.914410 0.148000
1 0.043175 0.454140 0.066050 0.782240
2 0.529610 0.048850 0.536880 0.050820
3 0.889975 0.778320 0.190770 0.118880
5 0.528870 0.449440 0.919180 0.768280
11 0.020675 0.457520 0.021770 0.459640
10 0.526760 0.948070 0.067840 0.054980
7 0.116115 0.156460 0.029550 0.040720
