1 0.045755 0.446920 0.076370 0.769840
11 0.021815 0.456990 0.022210 0.465820
5 0.533325 0.449430 0.908770 0.765300
3 0.892760 0.134370 0.182720 0.131260
2 0.533185 0.045270 0.535090 0.050820
0 0.534320 0.903950 0.904040 0.138580
10 0.534080 0.949600 0.058300 0.048360
9 0.053115 0.156750 0.041850 0.042300
9 0.059050 0.317730 0.034100 0.042300
9 0.058790 0.481810 0.034620 0.044380
9 0.059565 0.644350 0.028950 0.053660
9 0.056985 0.797590 0.036170 0.044380
7 0.125220 0.751100 0.029860 0.035840
7 0.284950 0.526280 0.023180 0.040320
7 0.450600 0.366840 0.021600 0.035760
7 0.614640 0.506550 0.033400 0.033700
7 0.779115 0.786330 0.029890 0.038020
7 0.942430 0.372580 0.033600 0.045200
7 0.943205 0.110490 0.030190 0.044660
7 0.777740 0.249700 0.027580 0.031520
7 0.615555 0.310110 0.026270 0.049900
7 0.449095 0.558320 0.029550 0.039400
7 0.286580 0.133480 0.028900 0.032840
7 0.120450 0.658780 0.031520 0.038080
8 0.117170 0.889920 0.059100 0.082720
8 0.284285 0.889260 0.061070 0.084040
8 0.449095 0.891890 0.061070 0.084060
8 0.615230 0.893200 0.062380 0.086680
8 0.779055 0.887950 0.057790 0.081420
8 0.943870 0.887950 0.059100 0.078780
