8 0.609315 0.889920 0.055810 0.077480
8 0.942885 0.890570 0.057130 0.081420
7 0.279500 0.735260 0.028900 0.039200
7 0.445650 0.602650 0.030960 0.042300
10 0.528290 0.948190 0.062760 0.048100
11 0.020325 0.454720 0.019350 0.460480
7 0.611790 0.235270 0.038180 0.048500
7 0.774585 0.771370 0.032510 0.053660
7 0.942535 0.777060 0.026830 0.036120
5 0.529240 0.449440 0.913980 0.759360
3 0.892145 0.138710 0.180250 0.115180
2 0.527965 0.043170 0.543150 0.058580
1 0.042145 0.458270 0.066050 0.788420
0 0.529135 0.905840 0.912510 0.142360
7 0.947155 0.610190 0.026270 0.035460
7 0.777090 0.448010 0.035460 0.042020
7 0.609645 0.323900 0.030210 0.024960
7 0.447125 0.195200 0.025610 0.030200
7 0.280015 0.114430 0.032830 0.036780
7 0.112240 0.308140 0.026920 0.032840
9 0.046925 0.107220 0.035650 0.046440
9 0.049760 0.202150 0.039260 0.038180
9 0.046925 0.292450 0.028430 0.045420
9 0.050795 0.382740 0.034110 0.036120
9 0.050790 0.476140 0.035140 0.051600
9 0.049760 0.573140 0.032040 0.049520
9 0.048985 0.656730 0.036690 0.049540
9 0.048725 0.749090 0.036170 0.042300
7 0.113615 0.350860 0.030450 0.044360
8 0.112245 0.891230 0.055810 0.080100
8 0.276405 0.894510 0.055810 0.081420
8 0.443515 0.887300 0.053850 0.077480
8 0.775445 0.889920 0.053190 0.080120
