8 0.942230 0.890570 0.055820 0.089300
8 0.780040 0.891240 0.061060 0.077480
8 0.615225 0.889920 0.053190 0.080120
9 0.059050 0.561280 0.029980 0.046440
9 0.056725 0.419370 0.035650 0.043340
9 0.057500 0.284710 0.035140 0.038180
9 0.053370 0.143330 0.040300 0.044380
8 0.450410 0.889920 0.054500 0.080120
8 0.285270 0.888600 0.059100 0.077480
8 0.121765 0.891230 0.056470 0.074860
0 0.533380 0.909610 0.905920 0.151780
1 0.047305 0.466010 0.071210 0.797700
2 0.533190 0.044360 0.538080 0.056200
3 0.895550 0.777700 0.183340 0.122600
5 0.535185 0.448690 0.902090 0.754900
7 0.120780 0.103930 0.028240 0.028900
7 0.286905 0.687020 0.021670 0.031520
7 0.448440 0.447350 0.026920 0.038100
7 0.616535 0.634490 0.025610 0.028900
7 0.779385 0.614130 0.028230 0.032820
7 0.946500 0.658130 0.027580 0.049900
10 0.531280 0.951010 0.059320 0.047620
11 0.020510 0.456770 0.020920 0.460980
7 0.124965 0.792480 0.024250 0.032080
7 0.287500 0.406580 0.030440 0.029920
7 0.449515 0.778550 0.036630 0.035180
7 0.619530 0.582530 0.035080 0.028900
7 0.779745 0.756880 0.027350 0.037240
9 0.065760 0.830100 0.016560 0.041280
9 0.057245 0.699040 0.040810 0.045400
