7 0.615330 0.609470 0.025740 0.035260
7 0.779755 0.399330 0.025510 0.024060
7 0.944200 0.790910 0.022000 0.025700
5 0.534440 0.450180 0.909520 0.769760
3 0.896170 0.133140 0.177140 0.128800
2 0.531845 0.042870 0.543150 0.059180
1 0.045495 0.450010 0.072750 0.782220
0 0.534320 0.904890 0.906860 0.140460
9 0.066270 0.803320 0.014620 0.048160
9 0.052725 0.078790 0.042570 0.035260
9 0.057670 0.225850 0.032680 0.036980
7 0.943145 0.094080 0.032830 0.044640
7 0.776360 0.448000 0.027580 0.045960
7 0.285835 0.421610 0.024910 0.024460
7 0.448405 0.620050 0.031950 0.034020
7 0.615820 0.287130 0.024300 0.047260
7 0.452975 0.153180 0.033490 0.036760
10 0.533255 0.947690 0.059950 0.047620
11 0.021015 0.456420 0.024650 0.464480
7 0.287825 0.551100 0.028890 0.039400
7 0.122680 0.187320 0.026920 0.042040
8 0.942230 0.888610 0.057120 0.090620
8 0.778070 0.895180 0.062380 0.085360
8 0.618185 0.890580 0.056470 0.084040
8 0.448110 0.894520 0.059100 0.086680
8 0.286250 0.893860 0.055820 0.080120
8 0.119135 0.891890 0.056470 0.078780
9 0.059390 0.369040 0.035260 0.043000
9 0.058100 0.513930 0.027520 0.033540
9 0.057025 0.664430 0.032250 0.042140
7 0.118795 0.475640 0.029030 0.031520
