8 0.110600 0.893210 0.051220 0.073540
5 0.528495 0.454630 0.913970 0.766780
3 0.891525 0.138710 0.177770 0.122580
10 0.528160 0.950610 0.066060 0.042260
11 0.020290 0.458310 0.023560 0.464940
9 0.051310 0.209900 0.034100 0.041280
9 0.051310 0.368810 0.034100 0.043340
9 0.050535 0.524640 0.028430 0.047480
9 0.051565 0.679440 0.031530 0.041280
7 0.942460 0.334060 0.026220 0.030520
7 0.777365 0.442500 0.022330 0.024480
7 0.610635 0.407210 0.026090 0.038020
7 0.444315 0.614570 0.029030 0.040780
7 0.280155 0.295580 0.029030 0.031800
7 0.113920 0.682140 0.023500 0.025920
2 0.529305 0.045860 0.539870 0.053200
1 0.040850 0.451040 0.066560 0.786360
0 0.529135 0.903950 0.913470 0.144220
7 0.109615 0.706720 0.032170 0.026280
7 0.275415 0.113120 0.034150 0.028880
7 0.443185 0.350820 0.033490 0.044640
7 0.610300 0.246420 0.030200 0.038080
7 0.773475 0.631870 0.026930 0.049900
7 0.942560 0.300260 0.035460 0.030200
8 0.943215 0.890570 0.060410 0.081420
8 0.774460 0.894510 0.063040 0.081420
8 0.611615 0.893200 0.055150 0.078800
8 0.443840 0.890580 0.062380 0.076160
8 0.280345 0.891230 0.057130 0.074860
