9 0.049500 0.280030 0.029240 0.043860
9 0.050790 0.378500 0.034400 0.039560
9 0.048210 0.192740 0.031820 0.034400
9 0.049070 0.100720 0.033540 0.049880
7 0.944715 0.657660 0.021830 0.028520
7 0.776035 0.445370 0.032170 0.035460
5 0.530725 0.456870 0.913970 0.768260
3 0.159975 0.785130 0.173430 0.122580
2 0.526020 0.046460 0.541060 0.054400
1 0.042660 0.451560 0.065020 0.781200
0 0.529845 0.902540 0.913930 0.141400
8 0.112245 0.892550 0.057130 0.080100
8 0.278700 0.892550 0.061720 0.087980
11 0.020235 0.457300 0.019130 0.468000
10 0.526065 0.950360 0.063890 0.041240
7 0.113160 0.329810 0.031520 0.040700
8 0.443515 0.886640 0.060410 0.086680
8 0.609320 0.889920 0.054500 0.077480
8 0.773805 0.887950 0.060410 0.078780
8 0.942230 0.889920 0.054500 0.088000
7 0.943380 0.641160 0.019800 0.024240
7 0.778600 0.226810 0.024360 0.031100
7 0.612795 0.704260 0.024190 0.028680
7 0.445805 0.781500 0.026950 0.032760
7 0.280655 0.535060 0.026650 0.031840
7 0.112535 0.511220 0.022390 0.036840
9 0.049500 0.746990 0.034400 0.038700
9 0.050575 0.657120 0.033110 0.036120
7 0.277980 0.196520 0.031520 0.023640
7 0.448045 0.113780 0.026270 0.031520
7 0.609905 0.576700 0.021670 0.045960
9 0.051090 0.560110 0.032680 0.047300
9 0.047780 0.474800 0.031820 0.051600
