7 0.942885 0.111150 0.028230 0.030220
9 0.056215 0.474070 0.033590 0.043340
9 0.056725 0.313600 0.033590 0.044360
9 0.052855 0.151070 0.046490 0.049540
7 0.122095 0.599030 0.029550 0.042020
7 0.285595 0.704090 0.029550 0.028900
7 0.450085 0.218190 0.028890 0.049900
1 0.045240 0.451040 0.077400 0.784280
2 0.532440 0.045860 0.537780 0.056800
3 0.171740 0.778320 0.179620 0.111440
7 0.614240 0.337690 0.030200 0.034140
5 0.533700 0.448700 0.906540 0.760840
8 0.942230 0.891890 0.057120 0.086660
8 0.778730 0.887290 0.054500 0.080100
7 0.941500 0.356530 0.035080 0.033020
7 0.780775 0.556730 0.034570 0.047460
7 0.616695 0.777060 0.032510 0.036120
7 0.449000 0.574790 0.032500 0.029940
7 0.289305 0.425670 0.033030 0.039220
7 0.119290 0.395230 0.036640 0.038180
9 0.057240 0.799140 0.034620 0.037160
9 0.057760 0.635570 0.032560 0.040260
8 0.282310 0.887950 0.055820 0.084060
8 0.118810 0.891890 0.054500 0.081420
10 0.530900 0.950740 0.061600 0.049120
11 0.019945 0.460290 0.020670 0.459220
8 0.613255 0.887300 0.055810 0.077480
0 0.533850 0.906310 0.904040 0.145180
8 0.448765 0.894520 0.056470 0.084040
7 0.780700 0.203080 0.024300 0.032840
