8 0.284935 0.891230 0.057130 0.080100
8 0.943870 0.889920 0.061720 0.077480
8 0.778725 0.889270 0.057130 0.081420
8 0.614240 0.889260 0.059100 0.076160
8 0.120780 0.889260 0.057120 0.084040
7 0.120780 0.399410 0.024300 0.042020
8 0.448115 0.891890 0.060410 0.089300
5 0.533330 0.456120 0.905800 0.769760
3 0.168330 0.776460 0.171580 0.122600
2 0.533340 0.047950 0.535980 0.049020
7 0.286605 0.778130 0.022750 0.030820
7 0.285595 0.344910 0.029550 0.027580
7 0.450735 0.448670 0.024950 0.027580
7 0.609975 0.300270 0.036110 0.035460
7 0.776430 0.384310 0.031520 0.032820
7 0.943540 0.106550 0.030860 0.042020
9 0.056725 0.376030 0.030490 0.043340
9 0.055435 0.234660 0.036170 0.041280
1 0.046785 0.454650 0.071210 0.777060
0 0.532905 0.905360 0.904970 0.141400
7 0.121590 0.423440 0.021100 0.024920
9 0.067050 0.807390 0.017080 0.033020
9 0.059050 0.662400 0.035140 0.029920
9 0.058790 0.524120 0.029460 0.036120
10 0.532045 0.950630 0.063650 0.044820
11 0.021045 0.459190 0.025950 0.471100
9 0.052600 0.090700 0.041840 0.034040
7 0.449700 0.414960 0.028200 0.030720
7 0.617460 0.403080 0.026280 0.033360
7 0.776640 0.484370 0.030820 0.042340
7 0.944975 0.793390 0.019870 0.031980
