7 0.942885 0.164340 0.028230 0.028880
7 0.123080 0.557010 0.031520 0.028900
1 0.044205 0.453620 0.078430 0.785320
0 0.533850 0.902960 0.904980 0.138480
5 0.534070 0.453150 0.905800 0.766780
3 0.169570 0.136240 0.171580 0.115160
9 0.057245 0.281610 0.035650 0.044380
9 0.053115 0.139710 0.040810 0.043340
7 0.285595 0.592350 0.032550 0.039820
7 0.120665 0.520850 0.030270 0.029020
7 0.941980 0.795670 0.029380 0.045620
9 0.059825 0.709870 0.038750 0.048500
9 0.060335 0.566430 0.033590 0.040260
9 0.056985 0.425060 0.033070 0.046440
2 0.533635 0.049140 0.534790 0.052600
11 0.020730 0.458090 0.021360 0.465380
10 0.533635 0.950100 0.065290 0.043280
8 0.941575 0.887950 0.063690 0.081420
8 0.779055 0.890570 0.060410 0.081420
8 0.612270 0.891890 0.065660 0.081420
8 0.451395 0.889920 0.056470 0.080120
8 0.284285 0.890580 0.057130 0.086680
7 0.779520 0.771940 0.023620 0.031680
7 0.615720 0.317470 0.023480 0.026500
8 0.120125 0.890580 0.051870 0.086680
7 0.449760 0.581280 0.030820 0.034560
7 0.778730 0.100640 0.030860 0.030200
7 0.614570 0.223430 0.032180 0.036780
7 0.447455 0.260860 0.031510 0.038080
7 0.287240 0.441440 0.035460 0.036760
