7 0.778725 0.786480 0.026350 0.036560
7 0.945840 0.496600 0.022320 0.039400
7 0.778730 0.660100 0.028240 0.040720
7 0.613585 0.275970 0.030210 0.049900
7 0.450740 0.565550 0.030200 0.035460
7 0.287235 0.110490 0.032830 0.034140
8 0.121435 0.889260 0.051870 0.076160
8 0.285265 0.890580 0.057790 0.078800
8 0.450410 0.889260 0.054500 0.076160
8 0.612930 0.891890 0.059100 0.084060
8 0.779055 0.888610 0.060410 0.080100
8 0.943215 0.891230 0.063030 0.074860
9 0.056215 0.119600 0.043910 0.046440
9 0.057245 0.280070 0.033590 0.043340
11 0.021060 0.454790 0.020700 0.461420
10 0.531855 0.950610 0.057410 0.044300
9 0.058790 0.448280 0.035660 0.045400
9 0.058530 0.610800 0.032040 0.046440
7 0.121440 0.190610 0.026920 0.034140
9 0.055695 0.775400 0.036690 0.051600
7 0.121640 0.497390 0.034940 0.044180
7 0.284900 0.483240 0.029000 0.041200
7 0.452865 0.674640 0.033470 0.027480
7 0.614640 0.364080 0.024960 0.029760
7 0.941220 0.771840 0.031560 0.031680
0 0.532905 0.902540 0.902150 0.143280
1 0.046275 0.447430 0.073270 0.766740
2 0.533190 0.046450 0.536280 0.050820
3 0.169570 0.772120 0.175280 0.116400
5 0.532580 0.453150 0.910260 0.766780
