3 0.170185 0.777080 0.171570 0.116400
5 0.532585 0.450180 0.902830 0.763800
7 0.450970 0.334290 0.025740 0.038700
7 0.286205 0.598360 0.025150 0.038320
7 0.123230 0.651310 0.029360 0.036340
9 0.066275 0.809450 0.017590 0.033020
9 0.055955 0.669120 0.031010 0.041280
9 0.057500 0.532890 0.034100 0.049540
9 0.057245 0.388930 0.033590 0.038180
9 0.056730 0.251680 0.032560 0.040240
9 0.052340 0.110830 0.039260 0.039220
7 0.778660 0.794540 0.023040 0.030240
8 0.943545 0.893860 0.063690 0.082720
8 0.777085 0.891240 0.056470 0.077480
8 0.613585 0.889920 0.057790 0.082720
8 0.448110 0.895170 0.063040 0.090620
8 0.286255 0.891230 0.061070 0.082740
8 0.117825 0.889920 0.056470 0.077480
7 0.942890 0.103270 0.026920 0.032820
0 0.534085 0.902070 0.905450 0.144220
7 0.124060 0.122320 0.042680 0.039400
7 0.283955 0.121660 0.034150 0.024960
7 0.615075 0.577680 0.026210 0.028520
7 0.612600 0.396130 0.022980 0.048580
7 0.778730 0.551100 0.028240 0.045960
7 0.448440 0.483460 0.030860 0.039400
7 0.940650 0.763000 0.030100 0.030000
1 0.045500 0.451560 0.071720 0.766760
10 0.532175 0.948200 0.061610 0.049120
11 0.021720 0.453920 0.019820 0.466680
2 0.533185 0.048250 0.538670 0.052020
