9 0.067045 0.830610 0.018110 0.044380
11 0.019850 0.457430 0.024440 0.465820
10 0.532615 0.950630 0.059190 0.044820
7 0.942240 0.476010 0.027640 0.027940
7 0.780240 0.728010 0.024760 0.025060
7 0.611070 0.486530 0.036640 0.035580
7 0.451055 0.414300 0.022810 0.033520
7 0.285305 0.639670 0.031110 0.034420
9 0.057500 0.690270 0.032040 0.038180
9 0.056725 0.543730 0.028430 0.048500
9 0.056985 0.393580 0.032050 0.053680
9 0.057240 0.251680 0.032560 0.046440
9 0.055310 0.104430 0.040240 0.047460
5 0.533325 0.456120 0.902830 0.760840
3 0.170805 0.777700 0.174050 0.110200
2 0.533640 0.044360 0.533000 0.056200
1 0.042660 0.458260 0.076360 0.790480
0 0.533850 0.904420 0.904040 0.137640
8 0.944530 0.893860 0.059100 0.085360
8 0.781355 0.892550 0.057130 0.087980
8 0.615880 0.890570 0.058440 0.081420
8 0.444500 0.888610 0.059760 0.080100
8 0.285595 0.891230 0.057130 0.080100
8 0.122420 0.893200 0.059100 0.084040
7 0.946825 0.238540 0.025610 0.032840
7 0.777745 0.195210 0.030210 0.035460
7 0.612270 0.106560 0.031520 0.031520
7 0.449755 0.367240 0.033490 0.038080
7 0.286910 0.717230 0.024300 0.021020
7 0.119795 0.347540 0.030210 0.038080
