1 0.046525 0.454140 0.075850 0.788400
7 0.119465 0.117060 0.043990 0.047280
7 0.283950 0.251670 0.035460 0.027580
7 0.453035 0.685050 0.029550 0.043340
7 0.611945 0.375780 0.025610 0.039400
7 0.779385 0.155800 0.034810 0.040720
7 0.942230 0.107870 0.029540 0.034140
0 0.533140 0.908670 0.903560 0.151780
2 0.531695 0.044060 0.536290 0.055600
3 0.166785 0.132520 0.177150 0.120120
5 0.534070 0.453900 0.899860 0.750440
7 0.450480 0.706920 0.019200 0.024240
7 0.615865 0.310420 0.024330 0.033120
7 0.779895 0.373350 0.028330 0.038700
7 0.944485 0.794280 0.024710 0.032480
10 0.531535 0.949850 0.061090 0.047340
11 0.020875 0.456920 0.019130 0.460480
7 0.286760 0.731170 0.023220 0.030740
7 0.123565 0.769890 0.025710 0.031100
9 0.064465 0.810490 0.020170 0.035100
9 0.057245 0.673240 0.030490 0.041280
9 0.060080 0.528250 0.037200 0.038180
9 0.058020 0.391520 0.037200 0.045400
9 0.057240 0.256840 0.034620 0.036120
9 0.051825 0.115990 0.039270 0.039220
8 0.120125 0.889260 0.053190 0.086680
8 0.286250 0.893200 0.058440 0.086680
8 0.451065 0.889930 0.067630 0.077460
8 0.614240 0.891240 0.061720 0.085360
8 0.774460 0.891230 0.061720 0.082740
8 0.940590 0.893860 0.065660 0.085360
