7 0.943190 0.618380 0.024540 0.029040
7 0.780480 0.668480 0.023640 0.034840
5 0.532210 0.455380 0.902080 0.753400
3 0.895550 0.777700 0.175900 0.112680
2 0.532445 0.044970 0.534190 0.051420
0 0.531725 0.905840 0.904510 0.149880
9 0.056740 0.697480 0.036720 0.046440
9 0.060080 0.551990 0.028940 0.034060
9 0.056985 0.409570 0.032050 0.048500
9 0.054920 0.258400 0.032040 0.045400
9 0.052595 0.114440 0.038750 0.040240
7 0.615795 0.326090 0.030610 0.032860
7 0.451190 0.772460 0.028700 0.031640
7 0.286660 0.650030 0.032880 0.038820
7 0.121195 0.662220 0.027470 0.034640
7 0.121110 0.323250 0.030200 0.036780
7 0.287565 0.396130 0.034810 0.040700
7 0.450740 0.463110 0.026260 0.032820
7 0.614570 0.103270 0.030860 0.045980
7 0.780695 0.503820 0.025610 0.035440
7 0.942555 0.711310 0.028890 0.043340
11 0.018640 0.453690 0.023780 0.458340
10 0.532170 0.952780 0.062880 0.045560
1 0.047045 0.462910 0.070690 0.781180
8 0.120455 0.893200 0.056470 0.076160
8 0.285595 0.889270 0.058450 0.081420
8 0.450410 0.889260 0.058440 0.078800
8 0.614570 0.891890 0.057120 0.081420
8 0.776755 0.888610 0.057130 0.080100
8 0.942230 0.884670 0.053180 0.087980
