9 0.051050 0.472520 0.031520 0.046440
9 0.051565 0.286770 0.033590 0.042300
9 0.047695 0.188220 0.028950 0.045400
9 0.048725 0.095860 0.036170 0.050560
8 0.941245 0.893200 0.057790 0.084040
8 0.777410 0.889260 0.058440 0.084040
8 0.609975 0.889260 0.061070 0.078800
8 0.445485 0.891890 0.056470 0.084060
8 0.277060 0.889920 0.059760 0.077480
8 0.111260 0.889260 0.051220 0.076160
10 0.528670 0.951240 0.065040 0.045560
11 0.021170 0.457430 0.022680 0.457020
7 0.943545 0.607570 0.029550 0.048580
7 0.774790 0.399410 0.028240 0.034140
7 0.611945 0.211610 0.029550 0.042020
7 0.445485 0.602970 0.023630 0.049900
7 0.278375 0.646970 0.029550 0.035460
7 0.112240 0.670610 0.030860 0.035460
5 0.529240 0.455380 0.913980 0.768280
3 0.159970 0.137480 0.179620 0.122600
2 0.526170 0.043760 0.535980 0.055000
1 0.042145 0.453110 0.060890 0.786340
0 0.529135 0.906780 0.910630 0.151760
7 0.943105 0.212300 0.029890 0.049080
7 0.772640 0.713940 0.035940 0.041120
7 0.611935 0.457160 0.025230 0.033520
7 0.437925 0.679890 0.036290 0.035940
7 0.278515 0.276060 0.028510 0.038360
7 0.113305 0.779840 0.028410 0.043560
9 0.047955 0.749090 0.030490 0.040260
9 0.051310 0.655700 0.032040 0.047480
9 0.050275 0.565400 0.031010 0.046440
9 0.051305 0.380160 0.031010 0.037160
