8 0.737337 0.924240 0.044925 0.041960
8 0.800250 0.922880 0.043300 0.036600
8 0.866419 0.926800 0.046562 0.036600
9 0.092869 0.162400 0.044112 0.042240
9 0.092869 0.260920 0.047213 0.033440
9 0.092100 0.361840 0.042575 0.047040
9 0.092875 0.459670 0.042575 0.039620
9 0.093262 0.564930 0.035600 0.054500
7 0.546363 0.127160 0.035125 0.029960
5 0.511925 0.501700 0.776150 0.766000
1 0.082494 0.509120 0.086862 0.775240
0 0.513850 0.935590 0.776200 0.095300
7 0.863119 0.324650 0.035937 0.029500
7 0.798344 0.827630 0.032613 0.037820
7 0.736250 0.428950 0.029825 0.035060
9 0.093644 0.662760 0.045663 0.054480
9 0.095194 0.760590 0.050313 0.049540
7 0.480250 0.344540 0.031550 0.028360
9 0.094419 0.859030 0.044113 0.043340
7 0.673125 0.249390 0.034750 0.026260
7 0.608631 0.823250 0.034512 0.031580
7 0.414913 0.787500 0.038450 0.032040
7 0.351444 0.474930 0.032012 0.026260
7 0.288106 0.715490 0.035563 0.029340
7 0.225363 0.614930 0.035575 0.026260
7 0.159425 0.445510 0.034150 0.034140
8 0.159319 0.924900 0.034313 0.040640
11 0.057375 0.510740 0.028000 0.255600
8 0.221812 0.921630 0.038400 0.044580
8 0.287988 0.925550 0.048200 0.039340
8 0.354575 0.922880 0.037575 0.036600
2 0.512138 0.087910 0.307325 0.048420
3 0.247494 0.160750 0.233137 0.065220
10 0.515394 0.961880 0.070862 0.030640
8 0.417075 0.929410 0.044925 0.039220
8 0.480800 0.924830 0.040025 0.035300
8 0.544931 0.921630 0.034312 0.036740
8 0.609069 0.928160 0.040037 0.041960
8 0.675244 0.922880 0.036762 0.041840
