1 0.081850 0.508410 0.086475 0.776700
7 0.225019 0.867690 0.033938 0.028700
7 0.161594 0.242120 0.032312 0.027480
11 0.057937 0.508050 0.026125 0.255020
8 0.800294 0.922730 0.038187 0.036060
8 0.865650 0.921100 0.047725 0.039320
9 0.094481 0.154010 0.041338 0.038180
9 0.093188 0.252040 0.046500 0.046440
9 0.095125 0.362970 0.043925 0.039220
9 0.090931 0.464620 0.041988 0.046440
9 0.095125 0.564210 0.047800 0.043340
9 0.091900 0.669470 0.043925 0.049540
9 0.095444 0.768020 0.038112 0.046440
9 0.094475 0.877930 0.046500 0.043340
10 0.511887 0.961020 0.065200 0.028000
3 0.247494 0.159000 0.234237 0.058240
2 0.510369 0.092630 0.302638 0.044700
7 0.863181 0.392670 0.039188 0.033620
7 0.801781 0.410440 0.029488 0.023920
7 0.737475 0.394740 0.034425 0.031120
7 0.669362 0.461450 0.043625 0.032660
8 0.736294 0.921100 0.039562 0.037160
8 0.672300 0.926550 0.035475 0.032780
8 0.607962 0.926540 0.041600 0.043680
8 0.543963 0.925460 0.033425 0.034960
8 0.478606 0.923280 0.034787 0.034960
8 0.416650 0.926550 0.041600 0.037140
8 0.351969 0.926550 0.033438 0.037140
8 0.288656 0.921640 0.040237 0.033880
8 0.223287 0.925460 0.036150 0.034960
8 0.158612 0.927630 0.034800 0.041500
7 0.608231 0.261130 0.030538 0.020940
7 0.543781 0.345370 0.038338 0.024820
7 0.481950 0.168450 0.040725 0.031020
7 0.417919 0.601770 0.041613 0.027140
7 0.350331 0.692940 0.037812 0.034120
7 0.288519 0.648340 0.039288 0.038000
5 0.513725 0.503660 0.772875 0.772560
0 0.512712 0.937860 0.776200 0.098040
