9 0.099706 0.270720 0.023287 0.041280
8 0.864969 0.923560 0.040238 0.032680
8 0.800631 0.925740 0.040913 0.037040
8 0.739019 0.920290 0.034788 0.039220
8 0.674338 0.921920 0.041600 0.040320
0 0.513000 0.931960 0.775625 0.088040
1 0.087975 0.506230 0.072850 0.781060
5 0.513725 0.493200 0.779400 0.769920
8 0.608981 0.925190 0.040237 0.035940
8 0.543281 0.924100 0.030012 0.040320
8 0.477925 0.924650 0.032750 0.030500
8 0.416650 0.922460 0.040925 0.037040
8 0.352313 0.921920 0.041600 0.031600
8 0.290013 0.924100 0.042275 0.035960
8 0.225000 0.920830 0.038875 0.035940
8 0.159294 0.924650 0.032737 0.039220
11 0.072250 0.507630 0.024300 0.253820
9 0.101319 0.817650 0.029087 0.039220
2 0.513200 0.089990 0.304525 0.045460
3 0.248863 0.162720 0.236425 0.069160
10 0.513075 0.961000 0.070050 0.030640
7 0.162119 0.125120 0.035462 0.029000
7 0.224862 0.202370 0.035575 0.028820
7 0.289744 0.240110 0.036513 0.032140
7 0.350469 0.770180 0.034663 0.030960
7 0.417419 0.218710 0.038063 0.031860
7 0.480394 0.651760 0.036937 0.031760
7 0.546212 0.209680 0.032400 0.040840
7 0.606919 0.292740 0.031263 0.036320
7 0.672162 0.824190 0.030125 0.028220
7 0.735144 0.814210 0.034663 0.028220
7 0.800981 0.496480 0.031912 0.029000
7 0.864619 0.171760 0.033888 0.029000
9 0.100669 0.732000 0.031662 0.047480
9 0.102931 0.635000 0.025862 0.041280
9 0.102931 0.545730 0.029737 0.044380
9 0.103575 0.454920 0.024575 0.040240
9 0.104862 0.361530 0.027150 0.035100
9 0.101313 0.178880 0.023925 0.041280
