7 0.609237 0.200970 0.032825 0.024180
8 0.291481 0.924870 0.039937 0.032900
7 0.543406 0.822700 0.033163 0.033080
7 0.480369 0.277930 0.030538 0.024700
7 0.415356 0.826370 0.033813 0.029940
7 0.353300 0.425550 0.029875 0.025740
7 0.287031 0.787210 0.034838 0.029460
7 0.224813 0.646420 0.039100 0.030520
7 0.160906 0.798530 0.035787 0.028900
11 0.056944 0.510010 0.025787 0.251420
8 0.417456 0.923980 0.040313 0.038280
8 0.479419 0.922490 0.039563 0.036500
8 0.545112 0.922120 0.026875 0.035760
0 0.513569 0.932410 0.775637 0.087140
1 0.083625 0.506850 0.083450 0.772500
5 0.513725 0.500390 0.772875 0.766020
8 0.607694 0.924620 0.035462 0.034880
8 0.673031 0.922620 0.033662 0.032000
8 0.738369 0.923190 0.032938 0.033740
3 0.246806 0.160310 0.232862 0.065220
2 0.515113 0.089990 0.306375 0.046980
8 0.801462 0.922750 0.038150 0.032860
10 0.513069 0.959030 0.076613 0.032820
8 0.159544 0.923380 0.030612 0.037080
8 0.222806 0.925170 0.033963 0.032300
7 0.863975 0.253980 0.029850 0.028880
7 0.801756 0.128330 0.031538 0.024020
9 0.091156 0.319940 0.044513 0.044360
9 0.093419 0.414990 0.043863 0.048500
9 0.093088 0.503220 0.041925 0.037160
9 0.093738 0.599190 0.044500 0.045420
9 0.092450 0.687940 0.044500 0.045400
9 0.093738 0.784320 0.043225 0.042320
9 0.094062 0.870550 0.045150 0.041180
9 0.090512 0.226660 0.041925 0.041280
9 0.093094 0.134750 0.047088 0.031060
8 0.867887 0.924190 0.043200 0.034020
8 0.352325 0.923380 0.032475 0.031120
7 0.736331 0.226190 0.030912 0.024500
7 0.673237 0.619170 0.033975 0.029180
