8 0.607638 0.925150 0.039775 0.036300
8 0.675150 0.926060 0.040900 0.038120
8 0.737844 0.922430 0.036937 0.036300
8 0.799406 0.924240 0.042037 0.038120
8 0.864650 0.920110 0.043175 0.040940
9 0.089131 0.144820 0.048438 0.035080
9 0.092031 0.234600 0.042638 0.043360
9 0.091062 0.325410 0.047150 0.033020
9 0.092675 0.415200 0.040050 0.041280
9 0.093963 0.508070 0.046500 0.033020
9 0.093313 0.595780 0.042625 0.041280
9 0.091706 0.685050 0.045862 0.038180
9 0.091381 0.778960 0.042638 0.050560
8 0.479700 0.922420 0.035800 0.032680
8 0.416437 0.923740 0.037500 0.037320
8 0.351187 0.924690 0.034100 0.042660
8 0.288781 0.921510 0.039763 0.039940
8 0.225238 0.922430 0.037500 0.039940
8 0.159425 0.925560 0.036375 0.042760
9 0.092031 0.867700 0.045212 0.046440
7 0.865500 0.166300 0.030525 0.027320
7 0.800069 0.716430 0.033488 0.021540
7 0.737619 0.584200 0.032837 0.026800
7 0.672756 0.264140 0.032863 0.031080
7 0.610881 0.865510 0.032837 0.029420
5 0.513319 0.503660 0.778587 0.769920
1 0.081506 0.505140 0.085787 0.770160
0 0.511869 0.933780 0.776763 0.091680
3 0.246813 0.158780 0.231775 0.059520
7 0.160650 0.490830 0.035300 0.028460
10 0.512556 0.959330 0.067663 0.029500
7 0.544706 0.504820 0.034838 0.024680
7 0.480200 0.864720 0.034150 0.027840
7 0.418594 0.511130 0.032537 0.033620
7 0.352319 0.781460 0.033813 0.026280
2 0.512750 0.092250 0.301650 0.046980
7 0.288300 0.358050 0.034475 0.026260
7 0.224925 0.648280 0.033825 0.027840
11 0.058250 0.508230 0.024675 0.257380
8 0.544375 0.922880 0.032400 0.039040
