7 0.480919 0.246110 0.035562 0.024940
2 0.513431 0.094140 0.303113 0.043200
3 0.249269 0.163370 0.238338 0.067860
10 0.513206 0.960780 0.071963 0.031080
7 0.160544 0.424800 0.034513 0.032520
7 0.224394 0.552080 0.035037 0.025040
7 0.288931 0.122560 0.031913 0.027680
7 0.353044 0.619070 0.036412 0.030260
7 0.416388 0.584930 0.040525 0.027620
7 0.544687 0.715480 0.034675 0.035920
7 0.607163 0.773190 0.032350 0.034740
7 0.673756 0.355950 0.033162 0.029420
7 0.736269 0.803740 0.036437 0.032040
7 0.801969 0.485960 0.034138 0.032040
7 0.864844 0.872870 0.037763 0.028380
5 0.514131 0.500390 0.778587 0.784300
1 0.092063 0.506770 0.064675 0.777780
0 0.514419 0.939220 0.775062 0.104400
8 0.160656 0.925730 0.032737 0.039220
8 0.224656 0.925730 0.036837 0.039220
8 0.287969 0.925740 0.034113 0.037040
8 0.352994 0.925740 0.034787 0.037040
8 0.416988 0.925180 0.040225 0.042480
8 0.478600 0.923560 0.035475 0.037040
8 0.545669 0.919740 0.037513 0.040320
8 0.611019 0.925740 0.042963 0.037040
8 0.673663 0.923550 0.038875 0.039220
8 0.740725 0.927910 0.032750 0.041380
8 0.800294 0.925190 0.045687 0.033780
8 0.868712 0.925190 0.045000 0.033780
9 0.102606 0.175270 0.029087 0.038180
9 0.099381 0.278970 0.031662 0.039220
9 0.103575 0.380620 0.028450 0.040240
9 0.103250 0.481240 0.026500 0.045400
9 0.102606 0.578750 0.025213 0.038180
9 0.100994 0.682470 0.028438 0.049540
9 0.101313 0.784120 0.030375 0.040240
9 0.100669 0.881120 0.032963 0.034040
11 0.072250 0.507930 0.027275 0.254420
