8 0.287969 0.923280 0.042963 0.032800
2 0.513437 0.088850 0.309725 0.044700
11 0.056950 0.508530 0.029525 0.253220
8 0.223631 0.927090 0.038188 0.036060
8 0.157594 0.926550 0.036837 0.039340
1 0.081169 0.505140 0.087837 0.772320
5 0.512094 0.503010 0.779413 0.768620
9 0.094156 0.812590 0.040687 0.058820
9 0.093837 0.714570 0.046500 0.048500
9 0.092219 0.617550 0.045863 0.048500
9 0.093187 0.517460 0.041350 0.044360
0 0.513000 0.936490 0.775625 0.102580
10 0.513694 0.960240 0.068038 0.031320
3 0.248038 0.160970 0.236425 0.067420
7 0.159812 0.288830 0.035375 0.029780
7 0.225387 0.535680 0.032650 0.023160
7 0.285213 0.823470 0.036025 0.024780
7 0.351869 0.803280 0.029288 0.025320
7 0.417675 0.344840 0.032725 0.028440
7 0.481606 0.476700 0.034388 0.025840
7 0.543706 0.614730 0.032688 0.024300
7 0.606994 0.536890 0.033362 0.026980
7 0.672862 0.126560 0.031300 0.024840
7 0.737869 0.650990 0.033538 0.027220
7 0.800687 0.779610 0.034750 0.032380
7 0.864825 0.721550 0.030850 0.025580
9 0.093831 0.413750 0.045213 0.045420
9 0.093512 0.312610 0.045850 0.039220
9 0.091900 0.206330 0.036175 0.039220
8 0.864287 0.927640 0.045000 0.034960
8 0.801656 0.927640 0.049087 0.032800
8 0.738000 0.926010 0.044325 0.036060
8 0.673325 0.923820 0.041600 0.038240
8 0.607619 0.924920 0.040912 0.033880
8 0.542262 0.924910 0.036825 0.036060
8 0.477925 0.924370 0.036150 0.034980
8 0.417325 0.923280 0.044325 0.034960
8 0.352988 0.926550 0.038200 0.037140
