8 0.799950 0.921640 0.041600 0.038240
8 0.862594 0.921100 0.040237 0.037160
9 0.092862 0.626840 0.043275 0.046440
9 0.091900 0.726940 0.041350 0.046440
9 0.096094 0.826010 0.039413 0.044380
9 0.090287 0.125780 0.045850 0.035200
9 0.090288 0.224900 0.044575 0.045400
9 0.092544 0.323450 0.042638 0.042300
9 0.093506 0.425100 0.041987 0.045400
10 0.512075 0.959940 0.069375 0.029480
3 0.247350 0.160310 0.236700 0.066100
2 0.511544 0.089980 0.306887 0.040920
11 0.055644 0.509170 0.027662 0.253820
0 0.512719 0.935140 0.773937 0.092600
1 0.080150 0.501820 0.087150 0.798360
7 0.865731 0.185780 0.032987 0.025840
7 0.801262 0.325290 0.033325 0.028020
7 0.735888 0.867810 0.036350 0.027140
7 0.675087 0.480100 0.035875 0.028680
7 0.418069 0.449460 0.032262 0.026480
9 0.092869 0.526230 0.041988 0.043340
8 0.159975 0.924370 0.037525 0.039340
8 0.225675 0.922190 0.042275 0.032780
8 0.288656 0.923820 0.037513 0.038240
8 0.350269 0.924920 0.038188 0.033880
8 0.415962 0.927090 0.038875 0.040420
8 0.477925 0.923820 0.038875 0.033880
8 0.544306 0.922730 0.028663 0.040420
8 0.608644 0.924370 0.040237 0.037140
8 0.671619 0.925460 0.039562 0.034960
7 0.480344 0.346210 0.035488 0.031740
5 0.511188 0.507040 0.776150 0.771240
7 0.544194 0.812850 0.033938 0.028700
7 0.606000 0.574340 0.037325 0.032560
7 0.160412 0.175780 0.032725 0.025240
7 0.223781 0.168800 0.031187 0.025280
7 0.288975 0.695630 0.035650 0.029660
7 0.351819 0.560180 0.035637 0.031240
8 0.738675 0.921100 0.038875 0.037160
