9 0.094675 0.673540 0.047800 0.039320
9 0.094675 0.483140 0.043925 0.034160
11 0.056012 0.509420 0.029150 0.258600
9 0.091444 0.386140 0.045212 0.038280
9 0.092094 0.288670 0.042638 0.039220
9 0.094025 0.185470 0.043925 0.043340
8 0.865956 0.923190 0.042037 0.038220
8 0.798150 0.923650 0.041475 0.039140
8 0.739150 0.923190 0.039200 0.038220
8 0.672481 0.925010 0.040913 0.038220
8 0.608094 0.924560 0.036938 0.037320
8 0.541713 0.922750 0.030125 0.040940
0 0.512719 0.936500 0.777338 0.095320
1 0.078787 0.509500 0.093950 0.783240
5 0.514950 0.504310 0.778600 0.773860
8 0.290081 0.921830 0.038637 0.035500
8 0.351081 0.925920 0.034663 0.038200
8 0.417744 0.925470 0.040913 0.037300
8 0.478169 0.923650 0.034662 0.039140
8 0.158175 0.927280 0.036925 0.042760
8 0.223988 0.923650 0.039200 0.035500
7 0.864256 0.863270 0.034387 0.033980
7 0.800531 0.695290 0.040938 0.035300
7 0.737625 0.344960 0.039300 0.024840
7 0.670219 0.371760 0.040113 0.028760
7 0.608537 0.620130 0.037675 0.026140
7 0.545219 0.128630 0.031938 0.026140
7 0.481494 0.675030 0.036838 0.033980
7 0.415319 0.335160 0.041737 0.041840
7 0.353637 0.600520 0.034400 0.034000
7 0.289506 0.460000 0.035212 0.035280
9 0.092738 0.871730 0.037475 0.047460
2 0.512981 0.089990 0.303063 0.043940
3 0.248588 0.160970 0.236975 0.065660
10 0.512194 0.959200 0.065662 0.031520
9 0.092094 0.776270 0.045213 0.042300
7 0.222506 0.599210 0.045012 0.039220
7 0.160825 0.682870 0.039300 0.039220
9 0.091444 0.585310 0.038762 0.048620
