9 0.091250 0.303120 0.046500 0.039200
10 0.513506 0.959350 0.065763 0.031340
7 0.158450 0.723260 0.031975 0.031880
7 0.223256 0.850740 0.034788 0.026480
7 0.288538 0.827980 0.031700 0.024680
7 0.352756 0.324430 0.034712 0.025860
7 0.418094 0.215890 0.032063 0.027460
7 0.478888 0.774290 0.034675 0.028540
7 0.544262 0.445110 0.032325 0.029140
7 0.607556 0.451300 0.032987 0.027520
7 0.671781 0.127710 0.032512 0.022100
7 0.738212 0.278360 0.039500 0.027680
7 0.801731 0.536490 0.031987 0.026940
7 0.864350 0.432020 0.031700 0.031840
8 0.158275 0.926010 0.038200 0.040420
8 0.221587 0.923830 0.039550 0.036060
8 0.290013 0.923830 0.042950 0.036060
8 0.351287 0.925460 0.037525 0.034960
8 0.418350 0.927090 0.040925 0.042580
8 0.480650 0.924370 0.033450 0.034980
8 0.543625 0.924370 0.030025 0.039340
8 0.605913 0.924370 0.038875 0.039340
8 0.672981 0.924920 0.039563 0.038240
8 0.737312 0.925460 0.036150 0.039320
8 0.800975 0.921650 0.039550 0.036060
8 0.864975 0.923820 0.040925 0.033880
9 0.091256 0.201990 0.042638 0.041260
3 0.247494 0.160530 0.239163 0.062180
9 0.093831 0.400130 0.042638 0.053660
9 0.093187 0.498680 0.041350 0.044360
9 0.093831 0.598780 0.042638 0.050560
9 0.090931 0.697840 0.048438 0.050560
9 0.090931 0.797430 0.045863 0.043340
11 0.057319 0.507330 0.026537 0.253220
2 0.511569 0.089230 0.304963 0.050020
0 0.512719 0.936500 0.773937 0.091680
1 0.080150 0.506780 0.087150 0.771240
5 0.512500 0.506270 0.776950 0.769940
