9 0.089963 0.174330 0.047800 0.039220
8 0.864294 0.924370 0.043637 0.037140
11 0.056944 0.508530 0.027287 0.253220
8 0.415969 0.925460 0.048412 0.037160
8 0.158275 0.927640 0.035475 0.034960
7 0.737644 0.198390 0.029712 0.023180
7 0.799488 0.485590 0.032550 0.023340
7 0.865894 0.168590 0.032763 0.027340
8 0.799950 0.922740 0.041600 0.033880
8 0.737656 0.923830 0.043638 0.036060
8 0.673662 0.923830 0.040925 0.040420
9 0.091575 0.882770 0.045850 0.038180
9 0.092869 0.785250 0.044563 0.037140
9 0.093187 0.676380 0.042625 0.046440
8 0.606600 0.925460 0.036150 0.039320
8 0.543281 0.923820 0.033438 0.033880
8 0.479963 0.925460 0.032075 0.030600
10 0.512169 0.959030 0.065763 0.033140
3 0.248175 0.162290 0.235050 0.067420
2 0.513906 0.090360 0.304063 0.049240
8 0.222269 0.925460 0.039562 0.037160
0 0.512719 0.934230 0.773937 0.094420
1 0.077425 0.508900 0.093950 0.782240
5 0.513319 0.503010 0.773688 0.768620
7 0.671900 0.193020 0.033025 0.025360
7 0.608956 0.369920 0.036362 0.027160
7 0.544725 0.634610 0.033450 0.026380
7 0.480738 0.270510 0.032325 0.022620
7 0.415431 0.433880 0.033663 0.026400
7 0.353081 0.468620 0.034738 0.037480
7 0.286100 0.747720 0.038750 0.027520
7 0.223806 0.867830 0.033337 0.026460
7 0.160581 0.154050 0.032988 0.025860
8 0.287969 0.920560 0.040237 0.033880
8 0.351969 0.925460 0.037512 0.039320
9 0.094481 0.581440 0.047788 0.040240
9 0.092544 0.481860 0.042638 0.045400
9 0.092225 0.377630 0.040700 0.047460
9 0.092869 0.283210 0.045863 0.044380
