9 0.092475 0.184240 0.040700 0.045400
7 0.352662 0.330810 0.035500 0.031100
7 0.226000 0.167960 0.030900 0.022040
7 0.287788 0.670060 0.035825 0.030520
7 0.159425 0.770430 0.032825 0.033620
8 0.864838 0.925730 0.041600 0.040300
8 0.416856 0.927360 0.040237 0.041400
8 0.478469 0.923010 0.034113 0.034860
8 0.544162 0.923010 0.033425 0.045740
8 0.606119 0.923550 0.045688 0.044660
8 0.674206 0.923560 0.040238 0.042480
8 0.738200 0.924100 0.038875 0.041400
2 0.511781 0.093010 0.303588 0.040940
8 0.798794 0.923550 0.040237 0.040300
5 0.513725 0.503660 0.774500 0.772560
1 0.080488 0.506230 0.087825 0.772340
0 0.512431 0.934220 0.776762 0.088960
7 0.608175 0.235220 0.032925 0.026080
7 0.544931 0.209590 0.031663 0.027900
7 0.481525 0.176410 0.031825 0.029420
7 0.865538 0.688340 0.030350 0.027000
7 0.800875 0.485370 0.032150 0.028140
7 0.736369 0.830930 0.032862 0.029340
7 0.416587 0.826570 0.035350 0.029220
8 0.161200 0.926820 0.036825 0.040320
8 0.224825 0.921370 0.038800 0.033780
8 0.290894 0.922460 0.042963 0.035960
8 0.354219 0.927360 0.040238 0.041400
7 0.671131 0.225550 0.030713 0.030420
10 0.513837 0.962500 0.065675 0.031080
11 0.055825 0.509720 0.025050 0.252000
3 0.248588 0.160530 0.232600 0.063900
9 0.092800 0.809610 0.042625 0.037140
9 0.092156 0.704860 0.043913 0.042320
9 0.094419 0.600120 0.041987 0.051600
9 0.092481 0.492790 0.039413 0.053660
9 0.093125 0.392180 0.047150 0.050560
9 0.091513 0.288990 0.040050 0.044380
