8 0.351500 0.921160 0.039150 0.036320
7 0.479687 0.867090 0.029825 0.027140
7 0.608556 0.225530 0.030912 0.025820
7 0.672031 0.493450 0.030913 0.030220
7 0.416506 0.296120 0.034438 0.025160
7 0.352731 0.163590 0.035288 0.025380
7 0.287475 0.269260 0.032825 0.028360
7 0.223781 0.737330 0.033487 0.026260
7 0.161394 0.300520 0.032188 0.033080
7 0.736875 0.285280 0.034200 0.022760
7 0.800894 0.329090 0.031762 0.029820
7 0.865600 0.389720 0.034225 0.033760
9 0.090412 0.885250 0.043275 0.042300
9 0.092350 0.784630 0.044575 0.047460
9 0.092356 0.685050 0.048438 0.052620
9 0.094288 0.588050 0.045850 0.052620
9 0.098481 0.491040 0.049088 0.044360
9 0.092350 0.390430 0.045850 0.049540
9 0.092994 0.292390 0.039412 0.047460
9 0.090094 0.195390 0.046513 0.043340
8 0.867794 0.923880 0.040288 0.032680
8 0.800850 0.921160 0.036875 0.032680
8 0.737306 0.920700 0.043688 0.033600
8 0.673475 0.927510 0.037450 0.036300
8 0.609650 0.925240 0.042550 0.037200
8 0.545250 0.923880 0.026100 0.034480
8 0.479725 0.924330 0.034600 0.033580
8 0.415612 0.923420 0.041425 0.039040
8 0.287956 0.923880 0.040287 0.032680
8 0.223562 0.920700 0.038575 0.035400
8 0.158600 0.926600 0.034600 0.034480
5 0.511681 0.504310 0.780238 0.773860
1 0.083212 0.509500 0.083750 0.783240
0 0.512719 0.934690 0.775063 0.093500
10 0.513219 0.959330 0.067088 0.030100
3 0.247494 0.160750 0.233688 0.066100
2 0.512725 0.089980 0.299800 0.050000
7 0.545212 0.279770 0.032175 0.028380
11 0.057875 0.508220 0.023925 0.255000
