8 0.162013 0.925450 0.036150 0.045860
8 0.226013 0.920010 0.038875 0.032780
8 0.288994 0.926550 0.040912 0.032780
8 0.353669 0.924910 0.039562 0.036060
8 0.417669 0.925460 0.047737 0.037160
8 0.479625 0.923820 0.034100 0.033880
8 0.544306 0.922740 0.025937 0.038240
8 0.609325 0.926000 0.038875 0.033880
8 0.674000 0.924910 0.032075 0.031700
8 0.739363 0.921650 0.033425 0.040420
8 0.801319 0.922190 0.040237 0.039340
8 0.866675 0.924920 0.038875 0.042600
9 0.091900 0.170000 0.043925 0.041280
9 0.092225 0.266490 0.043275 0.044380
9 0.092862 0.366070 0.043275 0.045420
9 0.094475 0.463600 0.043925 0.036120
9 0.094156 0.564200 0.040687 0.041280
9 0.095125 0.662750 0.049075 0.048500
9 0.094800 0.759250 0.044575 0.043340
9 0.095769 0.858830 0.043913 0.034060
1 0.080150 0.507810 0.089875 0.777660
0 0.512431 0.939220 0.776762 0.102560
10 0.511506 0.959340 0.067088 0.029520
3 0.246944 0.160320 0.235337 0.062600
2 0.511306 0.088470 0.302638 0.048500
5 0.513681 0.505690 0.774513 0.768620
11 0.056200 0.507630 0.029525 0.253820
7 0.864513 0.867700 0.029950 0.026960
7 0.801600 0.275740 0.034900 0.020520
7 0.737781 0.278170 0.030037 0.026940
7 0.674087 0.546860 0.030850 0.025600
7 0.607419 0.641170 0.038037 0.028060
7 0.542950 0.344520 0.039600 0.032320
7 0.480294 0.637780 0.030588 0.023760
7 0.414619 0.735000 0.032662 0.027520
7 0.353006 0.165100 0.035063 0.021560
7 0.287856 0.714370 0.031288 0.028060
7 0.223925 0.497840 0.031350 0.024840
7 0.162100 0.502820 0.034675 0.024240
