8 0.417669 0.923820 0.042287 0.033880
9 0.093512 0.432840 0.040700 0.046440
5 0.513319 0.503010 0.773688 0.768620
1 0.081850 0.508410 0.089200 0.776700
0 0.513000 0.936490 0.773375 0.098940
11 0.056200 0.508220 0.027275 0.256200
2 0.513912 0.091500 0.299325 0.043960
3 0.246438 0.159440 0.234475 0.061280
10 0.513406 0.960700 0.066337 0.030400
9 0.091575 0.801770 0.045850 0.043340
9 0.094156 0.707340 0.043288 0.044360
9 0.094475 0.615500 0.043925 0.040240
9 0.093512 0.523650 0.043275 0.038180
8 0.866675 0.920550 0.041600 0.027340
8 0.799613 0.927090 0.035475 0.040420
8 0.739019 0.923820 0.039562 0.033880
8 0.673663 0.924370 0.038200 0.043700
9 0.093831 0.342030 0.042638 0.044380
9 0.092219 0.247600 0.041987 0.051600
9 0.092544 0.154210 0.045213 0.046420
8 0.607619 0.926550 0.040912 0.032780
8 0.544987 0.924910 0.030025 0.036060
8 0.477919 0.924370 0.037512 0.030620
8 0.352306 0.924370 0.039563 0.037140
8 0.288313 0.920020 0.045000 0.039320
8 0.223287 0.921640 0.038875 0.038240
8 0.159975 0.923280 0.033425 0.041520
7 0.159638 0.352980 0.032725 0.027440
7 0.225894 0.289180 0.031363 0.022760
7 0.286100 0.828070 0.031425 0.030540
7 0.352288 0.378000 0.036050 0.028600
7 0.416625 0.266950 0.040400 0.031020
7 0.479931 0.233990 0.034737 0.029740
7 0.543100 0.624950 0.041250 0.034220
7 0.607337 0.349600 0.035925 0.035760
7 0.671106 0.798300 0.033938 0.028000
7 0.737281 0.719580 0.038287 0.031880
7 0.798756 0.127850 0.038413 0.030740
7 0.866456 0.525920 0.032313 0.028520
