8 0.544125 0.924560 0.030700 0.034400
9 0.094700 0.781230 0.047725 0.038180
8 0.476944 0.924560 0.031762 0.036120
8 0.416475 0.924130 0.044125 0.040420
1 0.082206 0.507310 0.086288 0.773420
0 0.513569 0.936050 0.772237 0.090780
11 0.055856 0.508820 0.026162 0.253800
2 0.516981 0.090750 0.313987 0.046980
3 0.247900 0.159660 0.231775 0.062160
10 0.514575 0.959690 0.069225 0.034140
8 0.350362 0.923270 0.035525 0.036980
8 0.290431 0.921550 0.040363 0.033540
8 0.226213 0.922410 0.037675 0.031820
8 0.158488 0.925850 0.031225 0.036980
8 0.607544 0.924130 0.042513 0.036980
8 0.673869 0.925990 0.033388 0.040420
8 0.738319 0.922230 0.032062 0.032900
8 0.799750 0.920490 0.037350 0.029420
9 0.096706 0.874000 0.045788 0.038200
5 0.514544 0.504960 0.776138 0.767320
7 0.159425 0.809090 0.032275 0.029340
7 0.222631 0.442100 0.035787 0.028360
7 0.285444 0.824230 0.032312 0.030260
7 0.351613 0.681210 0.032350 0.026540
7 0.418806 0.219880 0.034813 0.027320
7 0.480538 0.803000 0.032175 0.026280
7 0.541112 0.554300 0.038300 0.036320
7 0.610712 0.491480 0.033925 0.024520
7 0.673900 0.434090 0.035575 0.025900
7 0.735375 0.865600 0.029175 0.030280
7 0.801381 0.292110 0.033063 0.031740
7 0.863969 0.164460 0.033387 0.034160
8 0.865225 0.923470 0.036425 0.035380
9 0.093094 0.139400 0.047088 0.038280
9 0.093419 0.229750 0.046438 0.043340
9 0.094706 0.323140 0.049013 0.036120
9 0.095350 0.412930 0.042575 0.038180
9 0.094706 0.498580 0.039988 0.050560
9 0.092769 0.598160 0.041288 0.049520
9 0.093738 0.686860 0.048375 0.047360
