8 0.674044 0.924780 0.034038 0.038120
8 0.739288 0.922520 0.037450 0.031760
8 0.801412 0.922520 0.039150 0.033600
8 0.865525 0.922060 0.042550 0.032680
9 0.090094 0.185060 0.045212 0.035080
9 0.091387 0.278460 0.043925 0.042320
9 0.094613 0.379070 0.043925 0.039220
9 0.093963 0.478660 0.046500 0.036120
9 0.093644 0.577720 0.048438 0.040240
9 0.090737 0.669060 0.041350 0.045400
9 0.090737 0.770710 0.047800 0.048500
9 0.094931 0.868730 0.051012 0.038180
7 0.801806 0.285460 0.031563 0.029920
7 0.865569 0.165800 0.034488 0.024000
11 0.056388 0.510020 0.025425 0.257400
2 0.509656 0.089230 0.304063 0.045460
3 0.247631 0.161410 0.234513 0.064780
10 0.514456 0.958730 0.065763 0.030100
0 0.513281 0.933780 0.775062 0.086240
1 0.080150 0.506770 0.091225 0.777780
5 0.512913 0.496470 0.772875 0.781700
8 0.161438 0.924790 0.032350 0.043580
8 0.222144 0.923420 0.038012 0.035400
8 0.288806 0.923880 0.041988 0.030880
8 0.352069 0.924790 0.034612 0.034500
8 0.417600 0.924790 0.041975 0.036300
7 0.737862 0.353170 0.034125 0.030660
7 0.674787 0.334550 0.033375 0.027380
7 0.606981 0.564770 0.036362 0.033940
7 0.544900 0.140640 0.034500 0.028280
7 0.482056 0.411080 0.036763 0.028720
7 0.416219 0.477180 0.035038 0.027480
7 0.352069 0.783750 0.035338 0.034540
7 0.288606 0.543780 0.034337 0.031840
7 0.222694 0.863440 0.036688 0.029080
7 0.161231 0.190460 0.034837 0.026920
8 0.479163 0.923430 0.033475 0.031780
8 0.546106 0.923880 0.030063 0.036320
8 0.609363 0.926140 0.040850 0.035400
