8 0.799938 0.921690 0.034925 0.035180
2 0.513462 0.090740 0.312525 0.042440
3 0.247769 0.159660 0.234787 0.064800
10 0.511425 0.958160 0.068950 0.031960
7 0.162375 0.165250 0.034800 0.032580
7 0.224369 0.871220 0.036438 0.022120
7 0.286981 0.396390 0.038412 0.038860
7 0.351381 0.305150 0.039438 0.037820
7 0.412287 0.449870 0.041725 0.035180
7 0.478400 0.789780 0.034150 0.034720
7 0.544725 0.126900 0.031850 0.027320
7 0.608912 0.732080 0.029550 0.034680
7 0.670306 0.731130 0.034137 0.028380
7 0.736962 0.203280 0.030725 0.034040
7 0.800238 0.177910 0.031525 0.036620
7 0.863275 0.392560 0.031525 0.027160
11 0.055825 0.507930 0.028775 0.256780
0 0.513000 0.934680 0.775625 0.088040
1 0.082206 0.506850 0.086288 0.772500
5 0.512906 0.502360 0.776137 0.767320
8 0.157787 0.928600 0.033600 0.035840
8 0.222369 0.921330 0.034488 0.034460
8 0.289106 0.924910 0.039862 0.037340
8 0.352488 0.924560 0.034050 0.033760
8 0.416762 0.923840 0.043450 0.032320
8 0.478569 0.923120 0.036288 0.035200
8 0.544188 0.920970 0.026875 0.035180
8 0.607344 0.923840 0.039412 0.035200
8 0.674081 0.924550 0.034938 0.035180
8 0.737681 0.921690 0.035838 0.036620
8 0.868244 0.921330 0.040763 0.035900
9 0.091806 0.181140 0.040638 0.041280
9 0.093738 0.285470 0.050950 0.039220
9 0.093738 0.393310 0.041925 0.042300
9 0.092450 0.495480 0.044500 0.044360
9 0.095669 0.608470 0.047088 0.043340
9 0.096313 0.710030 0.050950 0.038180
9 0.094050 0.819410 0.054150 0.042300
