9 0.093088 0.660080 0.048375 0.045400
9 0.095350 0.551200 0.045150 0.046440
9 0.093094 0.451100 0.044512 0.046440
9 0.091481 0.351520 0.043863 0.045400
9 0.092125 0.246680 0.054175 0.040240
9 0.091481 0.146170 0.047737 0.043340
8 0.864537 0.922190 0.035250 0.032660
8 0.800337 0.923990 0.036150 0.030980
8 0.737869 0.921830 0.035413 0.032420
8 0.671244 0.924550 0.039263 0.035220
8 0.607931 0.924350 0.036638 0.035620
8 0.543431 0.921250 0.023137 0.036220
8 0.478931 0.922350 0.031388 0.032420
8 0.416194 0.925280 0.041212 0.035240
8 0.352563 0.925900 0.035775 0.034000
0 0.512719 0.935140 0.775063 0.094400
1 0.082487 0.505490 0.085725 0.769780
5 0.514138 0.503660 0.775325 0.764720
11 0.056388 0.509120 0.028400 0.256800
8 0.289188 0.922590 0.038625 0.035660
8 0.223356 0.922800 0.033963 0.032760
7 0.288881 0.551470 0.033087 0.034700
7 0.224419 0.467040 0.032163 0.031360
7 0.160675 0.341170 0.030325 0.032100
10 0.511975 0.958590 0.068950 0.034580
3 0.246944 0.162720 0.232588 0.069160
2 0.513700 0.089610 0.306375 0.056820
7 0.799831 0.825850 0.033812 0.038340
7 0.351750 0.678270 0.030325 0.029180
8 0.159306 0.921960 0.032662 0.039400
7 0.415994 0.757590 0.031487 0.032500
7 0.482106 0.168310 0.032313 0.028900
7 0.542069 0.615800 0.035287 0.031520
7 0.611319 0.691830 0.040487 0.029380
7 0.674500 0.547660 0.030550 0.030640
7 0.737537 0.390070 0.029875 0.028460
7 0.863306 0.832320 0.030863 0.043080
9 0.093419 0.859240 0.043863 0.037160
9 0.095025 0.756570 0.048375 0.044380
