1 0.082531 0.506230 0.083737 0.770140
0 0.512437 0.936500 0.777900 0.091680
7 0.864181 0.461190 0.033137 0.027980
11 0.057694 0.507930 0.025787 0.260380
9 0.093706 0.665340 0.041988 0.037160
9 0.092094 0.761830 0.041337 0.038180
10 0.512250 0.960130 0.068400 0.029780
3 0.248313 0.161840 0.237525 0.064800
2 0.511544 0.091120 0.305937 0.044720
8 0.159988 0.924270 0.031950 0.033460
9 0.092738 0.858320 0.042625 0.035080
7 0.157944 0.726570 0.033812 0.029940
7 0.222987 0.163570 0.037425 0.032780
7 0.287413 0.450460 0.031125 0.028360
7 0.352025 0.284040 0.034275 0.032160
7 0.416838 0.386160 0.040975 0.033400
7 0.481850 0.554480 0.031525 0.028360
7 0.544687 0.489870 0.031125 0.025220
7 0.611175 0.697960 0.037475 0.026480
7 0.673031 0.743970 0.028012 0.030260
7 0.737119 0.229640 0.035937 0.026480
8 0.224012 0.921120 0.035500 0.033480
7 0.800469 0.827630 0.034038 0.030260
8 0.287650 0.922700 0.037475 0.032840
8 0.353250 0.923640 0.035500 0.030960
8 0.415500 0.922060 0.040225 0.035360
8 0.481887 0.923950 0.035100 0.036620
8 0.543350 0.922380 0.031950 0.038520
8 0.608556 0.924590 0.036288 0.034100
8 0.673763 0.924900 0.034325 0.034720
8 0.737200 0.922060 0.036675 0.035360
8 0.799650 0.922380 0.038650 0.029680
8 0.865444 0.924590 0.041012 0.034100
9 0.090800 0.188570 0.040050 0.039220
9 0.093706 0.287640 0.041988 0.037160
9 0.095319 0.381030 0.045213 0.031980
9 0.091769 0.476490 0.039413 0.035100
9 0.092738 0.570400 0.043925 0.039200
5 0.512906 0.504970 0.774513 0.769940
