7 0.674137 0.315370 0.033325 0.031780
2 0.514381 0.091120 0.299338 0.043200
3 0.247625 0.162720 0.237250 0.068280
10 0.514069 0.957680 0.065763 0.028000
11 0.072494 0.505660 0.029112 0.256200
8 0.160006 0.922190 0.033488 0.045860
8 0.223975 0.924370 0.038875 0.032780
8 0.286613 0.924910 0.041600 0.036060
8 0.350950 0.924910 0.038200 0.036060
8 0.416306 0.924910 0.038188 0.040420
8 0.478944 0.922740 0.034113 0.033880
8 0.543281 0.922730 0.033438 0.036060
8 0.606256 0.924370 0.039562 0.032780
8 0.673319 0.924370 0.040238 0.041500
8 0.738675 0.924910 0.033425 0.031700
8 0.799269 0.927090 0.037512 0.040420
8 0.863950 0.921110 0.044325 0.041500
9 0.104150 0.180320 0.033600 0.039200
9 0.100281 0.279900 0.029738 0.046440
9 0.101894 0.380000 0.029088 0.044360
9 0.102544 0.470810 0.026512 0.058820
9 0.101250 0.581240 0.027800 0.046440
9 0.100931 0.679790 0.023287 0.043340
9 0.099962 0.777820 0.030375 0.045400
9 0.101894 0.875340 0.025212 0.044360
0 0.514419 0.931960 0.773937 0.088040
1 0.089681 0.507810 0.069437 0.786380
7 0.864631 0.379850 0.036363 0.034220
7 0.800687 0.167670 0.037325 0.031020
7 0.735481 0.818430 0.037812 0.031020
7 0.609200 0.313110 0.034425 0.028700
7 0.544969 0.821850 0.030712 0.022620
7 0.481244 0.792070 0.031988 0.029620
7 0.417387 0.483110 0.035350 0.027380
7 0.352219 0.172190 0.036037 0.024940
7 0.287950 0.468080 0.033900 0.026920
7 0.224056 0.675860 0.033137 0.026920
7 0.159713 0.594210 0.034500 0.029620
5 0.510556 0.510230 0.776963 0.776460
