8 0.289331 0.922740 0.042963 0.038240
8 0.416644 0.927090 0.042963 0.042580
8 0.353331 0.926550 0.036163 0.037140
8 0.220569 0.921650 0.037513 0.040420
8 0.158275 0.926550 0.036825 0.034980
9 0.093831 0.785250 0.041337 0.043340
8 0.477581 0.924370 0.038187 0.032780
8 0.545325 0.922730 0.034800 0.036060
8 0.607962 0.926000 0.041600 0.042600
8 0.673319 0.927640 0.037512 0.039320
8 0.738675 0.922730 0.036150 0.036060
8 0.800294 0.923820 0.039562 0.033880
8 0.864294 0.921650 0.042288 0.036060
9 0.090931 0.687220 0.043288 0.051600
9 0.093512 0.592790 0.044575 0.042300
9 0.093837 0.492690 0.043925 0.044380
9 0.095769 0.882250 0.043913 0.043340
5 0.514131 0.503010 0.776963 0.773860
1 0.083212 0.506770 0.083750 0.773420
0 0.515275 0.936490 0.774500 0.093500
7 0.802150 0.490750 0.031700 0.023780
7 0.865550 0.225920 0.032825 0.022880
7 0.736694 0.217950 0.031788 0.027300
7 0.673125 0.196820 0.032025 0.022440
7 0.608619 0.213230 0.032987 0.024060
7 0.542175 0.572040 0.036700 0.026920
7 0.480719 0.256720 0.034712 0.025840
7 0.288819 0.126190 0.033038 0.023340
7 0.224775 0.563490 0.031425 0.031020
7 0.416106 0.796590 0.033663 0.025100
7 0.349919 0.837270 0.038437 0.033660
7 0.159575 0.827400 0.030300 0.026480
9 0.092225 0.394140 0.040700 0.047480
9 0.092544 0.296620 0.049088 0.046440
9 0.092544 0.198580 0.042638 0.042320
10 0.512169 0.959790 0.065763 0.029180
3 0.247219 0.160100 0.236438 0.063920
2 0.512844 0.089040 0.303063 0.043120
11 0.057694 0.507040 0.025787 0.255000
