7 0.546044 0.828030 0.035763 0.027300
7 0.480906 0.654470 0.038712 0.033260
7 0.353719 0.742540 0.030963 0.026440
7 0.417250 0.251280 0.030575 0.025120
7 0.287800 0.213370 0.034600 0.025860
2 0.511544 0.092260 0.306887 0.051520
3 0.247081 0.161630 0.232863 0.065220
10 0.514831 0.961160 0.067287 0.028880
9 0.091575 0.793300 0.047150 0.049520
9 0.095450 0.886180 0.040700 0.041280
7 0.865675 0.669200 0.034375 0.032320
7 0.223350 0.713930 0.032025 0.027340
7 0.159594 0.676730 0.034362 0.031420
8 0.738338 0.921100 0.042275 0.034960
8 0.673662 0.924920 0.040925 0.033880
8 0.608300 0.923280 0.039550 0.037160
8 0.544306 0.923280 0.034112 0.037160
8 0.477581 0.925460 0.032737 0.034960
8 0.416650 0.924910 0.048400 0.040420
8 0.348906 0.925460 0.040913 0.039320
8 0.288313 0.923280 0.039550 0.034960
8 0.226013 0.925460 0.038875 0.037160
8 0.799275 0.924370 0.041600 0.034980
9 0.091900 0.421800 0.046500 0.037160
11 0.056388 0.506140 0.029150 0.248440
8 0.158956 0.927640 0.036837 0.037160
9 0.092544 0.517760 0.043912 0.041280
9 0.093512 0.610640 0.047150 0.041280
9 0.095450 0.700940 0.047150 0.050560
8 0.863956 0.922730 0.042963 0.031700
9 0.093512 0.144710 0.047150 0.038180
9 0.094156 0.237600 0.047138 0.046440
9 0.091575 0.334600 0.045850 0.050560
5 0.511688 0.503660 0.775325 0.772560
1 0.082531 0.512170 0.086462 0.788780
0 0.512150 0.932410 0.776200 0.087140
7 0.802206 0.129840 0.029963 0.029680
7 0.739450 0.575810 0.034000 0.028020
7 0.672556 0.385040 0.036787 0.027840
7 0.608800 0.576370 0.033100 0.026060
