9 0.092225 0.799130 0.040700 0.050660
7 0.737544 0.324890 0.033012 0.026380
9 0.092544 0.704710 0.049088 0.043460
9 0.093831 0.612860 0.047788 0.043440
9 0.095450 0.513280 0.043275 0.036240
9 0.093512 0.421950 0.040700 0.041380
9 0.096094 0.322890 0.048438 0.037260
9 0.091575 0.226910 0.049725 0.051700
9 0.093194 0.134550 0.045213 0.030020
10 0.511506 0.958880 0.068612 0.029800
3 0.248588 0.158560 0.236975 0.062600
8 0.865313 0.924920 0.041600 0.033880
8 0.799956 0.923830 0.040237 0.036060
8 0.736981 0.921640 0.034112 0.038240
8 0.675356 0.926000 0.040237 0.038240
8 0.608300 0.926550 0.039550 0.037140
8 0.543619 0.922730 0.036837 0.036060
8 0.478263 0.926000 0.036825 0.038240
8 0.414950 0.924910 0.045000 0.044780
8 0.351969 0.926000 0.037512 0.033880
8 0.287631 0.922190 0.038187 0.039340
8 0.222950 0.922190 0.035475 0.041500
8 0.161337 0.927090 0.034800 0.042580
11 0.058063 0.508820 0.028775 0.256200
0 0.512719 0.936040 0.775063 0.092600
1 0.081512 0.507870 0.089875 0.773420
5 0.512906 0.502350 0.776137 0.777780
2 0.515350 0.093010 0.310625 0.039420
7 0.160056 0.695890 0.036837 0.032580
7 0.223675 0.821560 0.031700 0.023800
7 0.289806 0.128700 0.031987 0.020000
7 0.352131 0.633990 0.033937 0.028700
7 0.415631 0.361740 0.031988 0.024040
7 0.479619 0.787180 0.032963 0.027920
7 0.544606 0.521130 0.035913 0.026380
7 0.609563 0.827510 0.030100 0.026380
7 0.672587 0.613820 0.034950 0.028680
7 0.863587 0.734810 0.033025 0.028700
7 0.800056 0.830610 0.031988 0.034140
