7 0.479894 0.295450 0.036013 0.027460
7 0.415931 0.385130 0.036013 0.029100
7 0.353994 0.166440 0.034788 0.022440
7 0.288219 0.512470 0.034812 0.033220
7 0.222050 0.835870 0.038825 0.029220
7 0.159988 0.828950 0.029250 0.028100
11 0.056631 0.509550 0.027988 0.252020
10 0.512075 0.959330 0.066325 0.030700
3 0.247494 0.161190 0.234788 0.066100
8 0.606256 0.926010 0.039562 0.036060
2 0.512256 0.089610 0.308312 0.046220
8 0.542600 0.921640 0.027975 0.038240
5 0.514544 0.504960 0.776138 0.767320
1 0.082194 0.512770 0.085787 0.783220
8 0.478944 0.923280 0.032737 0.034960
8 0.417325 0.923820 0.047050 0.038240
8 0.351625 0.924370 0.038200 0.041500
8 0.289338 0.922740 0.041600 0.038240
8 0.222612 0.924920 0.034800 0.038240
8 0.158956 0.926000 0.036837 0.038240
7 0.864700 0.268980 0.035375 0.026080
7 0.800081 0.286340 0.034337 0.028440
0 0.513281 0.934220 0.775062 0.088960
7 0.736756 0.683810 0.036688 0.030700
9 0.090931 0.579170 0.040687 0.042300
9 0.092219 0.491450 0.044562 0.031980
9 0.094800 0.392380 0.045850 0.036120
9 0.090931 0.292280 0.044562 0.036120
9 0.095444 0.876890 0.051013 0.041260
9 0.093187 0.777820 0.042625 0.041280
9 0.094481 0.681340 0.047788 0.036120
9 0.091900 0.195790 0.042625 0.043340
8 0.866331 0.924370 0.040912 0.032780
8 0.799275 0.923820 0.041600 0.038240
8 0.739700 0.922730 0.040925 0.040420
8 0.673319 0.923820 0.042963 0.042600
7 0.672963 0.534060 0.036350 0.027480
7 0.608494 0.640980 0.038712 0.028000
7 0.542006 0.661180 0.032312 0.028560
