11 0.071506 0.507930 0.030263 0.249620
2 0.514150 0.089990 0.305475 0.045460
3 0.246944 0.162280 0.235888 0.068280
10 0.511981 0.959250 0.071138 0.034140
8 0.160500 0.925060 0.036375 0.039040
8 0.223481 0.924150 0.038637 0.039020
8 0.288719 0.923690 0.038637 0.034500
8 0.351988 0.925060 0.035800 0.033600
8 0.415531 0.924600 0.040337 0.038120
8 0.479925 0.923620 0.034100 0.034360
8 0.544138 0.923410 0.025750 0.034420
8 0.607125 0.924680 0.035775 0.035720
8 0.672444 0.924290 0.034738 0.035660
8 0.737113 0.923040 0.032925 0.034000
8 0.800356 0.921380 0.037062 0.034840
8 0.864769 0.923250 0.038362 0.030260
9 0.101388 0.157510 0.034825 0.044580
9 0.101381 0.248530 0.030188 0.048300
9 0.103319 0.333970 0.026313 0.045820
9 0.103094 0.423760 0.024512 0.039200
9 0.103087 0.507350 0.029675 0.037140
9 0.102769 0.591450 0.027737 0.042300
9 0.102119 0.675550 0.027738 0.039220
9 0.100831 0.764200 0.030312 0.045400
9 0.101150 0.847270 0.025800 0.044380
7 0.159950 0.126690 0.036650 0.033420
7 0.225081 0.397420 0.031913 0.022120
7 0.288119 0.574590 0.030337 0.025860
7 0.351750 0.553750 0.036250 0.029700
7 0.413650 0.826300 0.037750 0.026320
7 0.479400 0.208660 0.032200 0.030000
7 0.544900 0.204460 0.033200 0.025800
7 0.609912 0.657040 0.035500 0.026480
7 0.671575 0.742780 0.033525 0.029000
7 0.736394 0.432310 0.034712 0.027100
7 0.800013 0.766370 0.033975 0.031740
7 0.862500 0.859360 0.036500 0.026640
0 0.514419 0.935590 0.775062 0.089860
1 0.090150 0.506390 0.072675 0.773420
5 0.514544 0.501050 0.776138 0.769940
