9 0.094156 0.408380 0.043288 0.047480
2 0.512487 0.089980 0.309725 0.050000
3 0.247625 0.160750 0.236150 0.064340
10 0.513687 0.959490 0.065000 0.027980
9 0.091575 0.313960 0.040700 0.050560
9 0.093512 0.224180 0.040700 0.046440
1 0.077081 0.507860 0.097363 0.775600
11 0.056819 0.508940 0.029112 0.263960
9 0.091575 0.138010 0.045850 0.039220
8 0.865313 0.926010 0.038875 0.036060
8 0.800294 0.923280 0.039562 0.039320
8 0.737313 0.920010 0.041600 0.041500
8 0.672981 0.926550 0.036838 0.037140
5 0.513725 0.504970 0.774500 0.772540
8 0.608981 0.928180 0.036838 0.040400
8 0.544981 0.924910 0.028663 0.040420
8 0.479963 0.927090 0.036150 0.036060
8 0.420731 0.926000 0.045688 0.038240
8 0.352313 0.928730 0.038200 0.041500
8 0.290013 0.926010 0.038875 0.040420
8 0.223975 0.926000 0.044325 0.033880
8 0.159638 0.926550 0.035475 0.037140
7 0.865700 0.442720 0.035350 0.030080
7 0.799963 0.767240 0.032000 0.023280
7 0.738312 0.206200 0.033525 0.024560
7 0.672844 0.661430 0.037613 0.026500
7 0.607588 0.865160 0.034750 0.021320
7 0.543438 0.227390 0.037575 0.033620
7 0.482031 0.163090 0.035138 0.022620
7 0.419712 0.623650 0.031550 0.028500
7 0.351262 0.859020 0.035150 0.028440
7 0.288094 0.380100 0.033062 0.038840
7 0.223687 0.418230 0.035150 0.027220
7 0.160181 0.246910 0.032712 0.031020
0 0.513281 0.931500 0.775062 0.088960
9 0.096412 0.861410 0.043925 0.041260
9 0.089319 0.768020 0.045213 0.036120
9 0.094156 0.675140 0.040687 0.046440
9 0.092225 0.585870 0.043275 0.043340
9 0.096731 0.498160 0.048438 0.047480
