9 0.104519 0.808270 0.031813 0.043340
1 0.089581 0.509570 0.071538 0.776140
0 0.513238 0.938170 0.776150 0.096740
10 0.514988 0.961000 0.068950 0.031520
3 0.247356 0.161410 0.235063 0.065660
2 0.510244 0.090170 0.304488 0.045380
11 0.071506 0.508520 0.026537 0.255600
5 0.512094 0.502320 0.774513 0.777840
8 0.158087 0.925560 0.035125 0.041960
8 0.220956 0.923530 0.040113 0.040540
8 0.287175 0.921630 0.038400 0.036740
8 0.352944 0.924250 0.039213 0.039340
8 0.415444 0.924830 0.041662 0.043140
8 0.478350 0.924190 0.035125 0.039220
8 0.544931 0.925550 0.029412 0.044580
8 0.607431 0.924900 0.049838 0.035440
8 0.674025 0.925560 0.040850 0.041960
8 0.740194 0.922290 0.037588 0.035420
8 0.801881 0.924180 0.044938 0.036600
8 0.865600 0.926860 0.038400 0.034120
9 0.098294 0.173550 0.031738 0.039740
9 0.100612 0.255960 0.025550 0.043360
9 0.100225 0.351930 0.024775 0.042100
9 0.103319 0.442330 0.030963 0.042100
9 0.102156 0.529630 0.025537 0.045820
9 0.101381 0.625610 0.027088 0.047060
9 0.101000 0.706710 0.030950 0.045820
7 0.864156 0.346650 0.035787 0.033100
7 0.160738 0.208590 0.034800 0.029940
7 0.223944 0.491480 0.035138 0.028360
7 0.288656 0.588610 0.032513 0.029940
7 0.353963 0.869060 0.030650 0.023200
7 0.417331 0.174170 0.035138 0.029420
7 0.480975 0.440100 0.035500 0.032560
7 0.543688 0.186340 0.033525 0.034720
7 0.609025 0.372040 0.032200 0.026840
7 0.674087 0.124800 0.031850 0.024160
7 0.737581 0.599590 0.034138 0.035740
7 0.799963 0.374750 0.032175 0.032580
