8 0.866538 0.921370 0.043650 0.035940
7 0.866175 0.253760 0.031500 0.030640
7 0.802544 0.223130 0.035288 0.028020
7 0.737837 0.646890 0.034475 0.025380
7 0.673294 0.128670 0.031488 0.025540
7 0.609162 0.595060 0.029550 0.032840
7 0.544531 0.516660 0.032562 0.031960
7 0.479875 0.329680 0.036125 0.027320
7 0.417769 0.826980 0.027937 0.026320
7 0.351287 0.718240 0.034175 0.031560
7 0.284637 0.721890 0.033525 0.033620
7 0.224600 0.729710 0.033825 0.029940
9 0.091831 0.177530 0.048438 0.040260
9 0.090544 0.278140 0.045863 0.041280
9 0.093769 0.373610 0.044563 0.044380
9 0.095381 0.476280 0.046512 0.037160
9 0.092156 0.570190 0.038763 0.039220
9 0.091513 0.673900 0.041350 0.040240
9 0.093769 0.774520 0.035538 0.037160
9 0.092156 0.873080 0.049087 0.036120
1 0.080831 0.505140 0.091237 0.776680
0 0.513000 0.934690 0.774500 0.093500
11 0.055269 0.510620 0.027663 0.256200
8 0.161200 0.921380 0.040925 0.042480
8 0.223837 0.924090 0.031375 0.039220
8 0.286138 0.923000 0.038875 0.037040
8 0.352856 0.921920 0.037513 0.032680
8 0.416512 0.923000 0.039550 0.037040
8 0.480169 0.925730 0.038888 0.033780
8 0.545525 0.922470 0.030700 0.040300
8 0.611231 0.923550 0.040913 0.035940
8 0.674887 0.925180 0.041600 0.037040
8 0.739225 0.925730 0.036825 0.042500
8 0.799819 0.922460 0.042287 0.038120
2 0.511544 0.089990 0.304063 0.046980
3 0.246944 0.161630 0.233137 0.067860
10 0.512744 0.961620 0.065662 0.029320
5 0.512913 0.503010 0.777775 0.773860
