2 0.508494 0.088850 0.309213 0.046220
3 0.248581 0.161400 0.234237 0.063040
10 0.515394 0.959040 0.067037 0.031960
8 0.864456 0.922840 0.040363 0.032680
8 0.800775 0.922840 0.039825 0.036120
8 0.737081 0.924560 0.037138 0.034400
7 0.161562 0.213840 0.031850 0.025760
7 0.223350 0.623080 0.034475 0.027840
7 0.287044 0.826900 0.035137 0.032040
7 0.350844 0.165190 0.032463 0.022180
7 0.418713 0.569670 0.031725 0.028740
7 0.479706 0.229670 0.033612 0.028060
7 0.543769 0.758030 0.034087 0.027220
7 0.607831 0.749710 0.034562 0.030260
7 0.675913 0.733820 0.039300 0.033280
7 0.736906 0.651020 0.035512 0.034120
7 0.801912 0.334060 0.031250 0.034120
7 0.864325 0.757310 0.031250 0.028820
8 0.672581 0.925420 0.037137 0.036120
8 0.608619 0.926280 0.041438 0.036120
8 0.544931 0.923700 0.026938 0.037840
8 0.478019 0.922840 0.031763 0.036120
8 0.415669 0.924990 0.041438 0.030100
8 0.352244 0.925420 0.037137 0.034400
8 0.289087 0.925420 0.036600 0.034400
8 0.223794 0.924130 0.037137 0.036980
8 0.159562 0.926710 0.034450 0.040420
5 0.514950 0.502360 0.776950 0.767320
1 0.082775 0.505490 0.085150 0.769780
0 0.513281 0.941040 0.775062 0.106200
11 0.058250 0.507330 0.028400 0.249620
9 0.093088 0.826730 0.048375 0.044380
9 0.091800 0.732310 0.048375 0.047460
9 0.091163 0.633250 0.041925 0.053660
9 0.092444 0.532630 0.040637 0.044380
9 0.095669 0.438720 0.047088 0.042320
9 0.093094 0.341200 0.045788 0.039200
9 0.091800 0.243170 0.039350 0.043340
9 0.093738 0.146060 0.045800 0.035080
