7 0.478619 0.669940 0.033087 0.028440
8 0.415969 0.924650 0.042287 0.039220
11 0.058250 0.507930 0.023175 0.252020
8 0.352306 0.924640 0.037513 0.032680
8 0.287625 0.923010 0.041600 0.040300
8 0.224656 0.923010 0.034112 0.038140
8 0.159294 0.929540 0.032737 0.042480
1 0.082869 0.508410 0.083062 0.774500
0 0.512712 0.936050 0.776200 0.096220
7 0.737569 0.416800 0.031162 0.027720
7 0.673156 0.380870 0.031563 0.030260
7 0.606175 0.378980 0.031550 0.034040
7 0.543725 0.366050 0.031950 0.040980
8 0.478600 0.924640 0.035475 0.037040
7 0.413881 0.727140 0.032312 0.031520
7 0.863750 0.830530 0.032300 0.030260
7 0.797837 0.828630 0.032700 0.027740
7 0.350763 0.165270 0.038850 0.027620
7 0.287888 0.705770 0.029825 0.024940
7 0.226087 0.368610 0.030950 0.027620
7 0.161887 0.598290 0.033375 0.027140
10 0.512931 0.960560 0.070862 0.029760
3 0.246944 0.160530 0.234788 0.064780
2 0.512138 0.092450 0.306375 0.046900
9 0.092875 0.860280 0.037925 0.055720
9 0.092488 0.769870 0.043350 0.045820
9 0.091706 0.673290 0.047988 0.040860
5 0.514950 0.504960 0.776950 0.775160
9 0.093256 0.576070 0.047988 0.044580
9 0.093256 0.478870 0.046438 0.043340
9 0.092488 0.382890 0.043350 0.044580
9 0.091713 0.286300 0.044900 0.037160
9 0.091713 0.188470 0.043350 0.039620
8 0.865656 0.921370 0.042963 0.034860
8 0.799956 0.922460 0.040913 0.037040
8 0.739019 0.922470 0.041587 0.039220
8 0.674000 0.924100 0.038200 0.035960
8 0.606263 0.923550 0.041600 0.043580
8 0.544981 0.922470 0.037512 0.043580
