8 0.799606 0.924550 0.035937 0.037900
8 0.673137 0.924170 0.035450 0.035620
8 0.607894 0.926450 0.034513 0.037140
8 0.545006 0.922290 0.029788 0.037900
8 0.479762 0.925310 0.032625 0.036380
8 0.157156 0.929170 0.038338 0.040780
8 0.222356 0.923690 0.047162 0.039220
8 0.287550 0.928390 0.040300 0.039220
7 0.864519 0.682730 0.033663 0.031780
7 0.801175 0.156570 0.035350 0.028740
7 0.737831 0.642620 0.035687 0.030760
7 0.669931 0.553190 0.036363 0.025860
7 0.609144 0.300870 0.033388 0.027380
7 0.544894 0.507800 0.036187 0.026480
7 0.480738 0.620780 0.035675 0.027480
7 0.414031 0.781470 0.039263 0.037300
7 0.352875 0.274060 0.035950 0.029720
7 0.288556 0.122730 0.029763 0.025140
7 0.225556 0.540530 0.034337 0.028540
7 0.159781 0.823470 0.036762 0.033620
2 0.512019 0.092260 0.303113 0.042440
10 0.513025 0.959800 0.065200 0.028600
3 0.248313 0.162720 0.234775 0.069160
9 0.104475 0.353690 0.027800 0.049540
9 0.104481 0.445010 0.029087 0.058820
9 0.103831 0.830450 0.026513 0.033020
9 0.102544 0.732420 0.018763 0.035080
9 0.102538 0.640060 0.027800 0.042320
5 0.513725 0.497120 0.777775 0.780400
1 0.080150 0.506230 0.088500 0.770140
0 0.513569 0.935590 0.775637 0.089860
8 0.348331 0.922120 0.048137 0.039200
8 0.420394 0.922120 0.051088 0.045480
9 0.101250 0.265970 0.026500 0.043340
11 0.072069 0.506730 0.031387 0.257980
9 0.102869 0.546150 0.025862 0.034060
9 0.099319 0.174130 0.029088 0.035100
8 0.865569 0.924560 0.040187 0.033360
8 0.735544 0.921150 0.039237 0.038660
