8 0.865856 0.923550 0.040912 0.035940
7 0.864369 0.509720 0.032862 0.029800
7 0.799444 0.805410 0.031013 0.031740
7 0.737163 0.447250 0.028500 0.024620
7 0.673200 0.495880 0.030550 0.028120
7 0.608831 0.656310 0.036937 0.027580
7 0.545456 0.806540 0.035162 0.026840
7 0.480369 0.872070 0.035138 0.025740
7 0.417031 0.420560 0.032013 0.031520
10 0.513563 0.961620 0.067850 0.030200
3 0.248313 0.162940 0.236975 0.071360
2 0.512019 0.091500 0.308787 0.043960
7 0.351300 0.249770 0.039700 0.027620
7 0.287750 0.125280 0.033925 0.031080
7 0.226094 0.379250 0.031487 0.027620
7 0.159756 0.596280 0.036112 0.029960
11 0.070763 0.507040 0.029525 0.256200
8 0.159156 0.922460 0.034112 0.035960
8 0.224519 0.923550 0.036837 0.040300
8 0.289194 0.920820 0.039563 0.032680
8 0.352475 0.922460 0.035400 0.033760
8 0.416169 0.923560 0.042963 0.042480
8 0.478806 0.923010 0.037512 0.034860
8 0.546887 0.923550 0.029350 0.038140
8 0.605781 0.925180 0.038187 0.037040
8 0.673863 0.923010 0.040925 0.043580
8 0.738544 0.922460 0.040913 0.038120
8 0.800500 0.925180 0.045000 0.037040
9 0.101181 0.186300 0.025863 0.035080
9 0.100219 0.280730 0.025213 0.038180
9 0.101506 0.373610 0.026513 0.038180
9 0.102794 0.467000 0.029088 0.037160
9 0.101831 0.562450 0.025862 0.044380
9 0.102475 0.659970 0.024575 0.043340
9 0.102481 0.750270 0.032312 0.038180
9 0.100862 0.844180 0.027800 0.032000
0 0.512150 0.933320 0.775075 0.092600
1 0.086275 0.501870 0.076250 0.767980
5 0.512906 0.499090 0.776137 0.781700
