8 0.673862 0.925730 0.042275 0.038140
2 0.512494 0.089990 0.308787 0.048500
3 0.247762 0.160750 0.236975 0.066100
10 0.513344 0.959680 0.067313 0.031520
11 0.057881 0.506440 0.025412 0.263360
9 0.091506 0.274540 0.051663 0.032000
9 0.089256 0.175980 0.045863 0.045400
8 0.865175 0.923000 0.036825 0.037040
8 0.798456 0.923010 0.040913 0.034860
0 0.513569 0.935140 0.773363 0.092600
1 0.082531 0.505140 0.087837 0.774520
5 0.514950 0.504970 0.778600 0.769940
8 0.737181 0.920830 0.042287 0.034860
8 0.607112 0.927370 0.043575 0.039220
8 0.543144 0.923000 0.031388 0.037040
8 0.479488 0.923000 0.033425 0.037040
8 0.416850 0.926820 0.041600 0.042480
8 0.351831 0.924640 0.038188 0.033760
8 0.288175 0.925180 0.042950 0.037040
8 0.223156 0.920830 0.040912 0.037020
8 0.158137 0.924640 0.033425 0.040320
7 0.864775 0.819690 0.033100 0.031020
7 0.800987 0.128480 0.032175 0.027320
7 0.736600 0.428010 0.034200 0.028020
7 0.674269 0.454240 0.031162 0.025840
7 0.607556 0.284350 0.032863 0.027620
7 0.545075 0.252450 0.035300 0.027140
7 0.481462 0.621500 0.033375 0.029760
7 0.417712 0.334100 0.034475 0.030200
7 0.352156 0.865770 0.030213 0.021540
7 0.288762 0.554710 0.038025 0.029380
7 0.225063 0.190520 0.030050 0.022520
7 0.160581 0.203730 0.032863 0.029500
9 0.093444 0.376190 0.042638 0.039220
9 0.093125 0.477320 0.039400 0.037160
9 0.094737 0.574830 0.047800 0.038180
9 0.092156 0.671320 0.045213 0.055720
9 0.094412 0.775040 0.036825 0.036120
9 0.094094 0.880810 0.051663 0.033020
