7 0.223287 0.646760 0.033525 0.029000
0 0.513000 0.932860 0.773375 0.086240
7 0.545969 0.123850 0.032737 0.029620
7 0.610194 0.619660 0.031962 0.027720
8 0.158906 0.926800 0.031863 0.044440
8 0.223037 0.923530 0.042475 0.040540
8 0.286313 0.918370 0.041750 0.040660
8 0.353756 0.924240 0.039213 0.034120
7 0.670694 0.780410 0.033888 0.032780
7 0.739131 0.872770 0.040587 0.035300
7 0.863156 0.758980 0.036637 0.034040
7 0.801544 0.423760 0.033812 0.031520
8 0.546162 0.923440 0.035125 0.035120
8 0.479169 0.926140 0.041662 0.037920
8 0.417075 0.924900 0.048200 0.045880
5 0.514131 0.501050 0.776963 0.777780
1 0.091000 0.504120 0.068700 0.772520
9 0.101388 0.836120 0.025550 0.029720
9 0.100613 0.741390 0.024000 0.045820
9 0.101381 0.644190 0.027088 0.044580
9 0.102931 0.551930 0.027088 0.043340
9 0.104131 0.456570 0.031037 0.040860
9 0.101769 0.348840 0.026312 0.063160
9 0.102163 0.259050 0.020900 0.047060
9 0.103706 0.163710 0.028637 0.047060
8 0.863219 0.923580 0.044513 0.037880
8 0.802150 0.923570 0.042150 0.034100
8 0.740094 0.921400 0.034663 0.035920
8 0.671531 0.926100 0.042562 0.037880
8 0.609088 0.923920 0.039000 0.035920
11 0.073425 0.508050 0.025000 0.251420
2 0.514881 0.090750 0.308737 0.046980
3 0.248038 0.162060 0.232600 0.070480
10 0.512800 0.958820 0.067300 0.030640
7 0.480369 0.186260 0.036288 0.033400
7 0.417331 0.372550 0.033137 0.032780
7 0.350944 0.398720 0.034313 0.032160
7 0.287313 0.576170 0.029975 0.032780
7 0.161131 0.339450 0.036638 0.034060
