10 0.513344 0.959040 0.067863 0.031080
7 0.669956 0.271920 0.036462 0.036320
7 0.353363 0.449640 0.032700 0.029640
11 0.072069 0.507630 0.031387 0.258580
7 0.414825 0.354770 0.034275 0.030260
7 0.480862 0.871880 0.034050 0.023440
7 0.545231 0.590730 0.032662 0.029580
9 0.102800 0.884420 0.027800 0.040240
9 0.101831 0.796190 0.031013 0.047460
9 0.099894 0.706930 0.023288 0.044380
9 0.102475 0.619210 0.031025 0.048500
9 0.100862 0.521170 0.031675 0.044380
9 0.103119 0.428810 0.028438 0.043340
8 0.607237 0.925920 0.039775 0.038200
8 0.673906 0.924100 0.040337 0.036400
8 0.738300 0.921840 0.037500 0.037320
8 0.800706 0.925460 0.040912 0.033680
9 0.103444 0.339550 0.031662 0.046420
9 0.100862 0.242540 0.030375 0.046440
9 0.100544 0.154310 0.021988 0.037140
8 0.867369 0.922740 0.042613 0.033680
7 0.609437 0.169790 0.034550 0.028740
8 0.222856 0.923200 0.038062 0.036400
7 0.736563 0.715790 0.036250 0.030260
8 0.159312 0.925010 0.032400 0.038220
0 0.512712 0.932410 0.776200 0.094420
1 0.083894 0.512220 0.082388 0.779960
5 0.510869 0.500400 0.772062 0.763400
7 0.161887 0.176280 0.032500 0.021000
7 0.225156 0.542750 0.033888 0.034660
7 0.287763 0.362330 0.034675 0.030260
7 0.800769 0.597810 0.036287 0.026540
7 0.864963 0.406840 0.035825 0.027840
8 0.288662 0.921380 0.035800 0.040040
8 0.350794 0.925020 0.038637 0.036400
8 0.415844 0.924970 0.041988 0.039940
8 0.477600 0.924110 0.038075 0.038220
2 0.514856 0.091500 0.304063 0.039400
8 0.543131 0.923650 0.032963 0.037300
3 0.247631 0.158780 0.233413 0.062160
