3 0.248725 0.159000 0.237250 0.059960
11 0.055638 0.506140 0.024675 0.255600
2 0.513906 0.090360 0.304063 0.041680
7 0.738794 0.182630 0.029813 0.026700
7 0.673725 0.437160 0.032700 0.029000
7 0.608550 0.806470 0.030200 0.029940
9 0.093644 0.525300 0.042562 0.032200
9 0.092488 0.433660 0.041800 0.052000
9 0.093650 0.339550 0.036375 0.047060
7 0.542719 0.828270 0.029213 0.029420
7 0.479194 0.797290 0.030087 0.028940
7 0.415987 0.639690 0.035575 0.029820
9 0.090162 0.249770 0.043350 0.045820
9 0.092100 0.153120 0.041025 0.033560
8 0.865313 0.921370 0.040925 0.034860
8 0.799956 0.922460 0.036838 0.037040
7 0.351269 0.499360 0.032188 0.031000
8 0.737656 0.925730 0.037512 0.039220
8 0.673319 0.921370 0.039562 0.043580
7 0.288556 0.595750 0.028888 0.029420
7 0.160406 0.611260 0.032838 0.027320
8 0.608981 0.926820 0.044313 0.041400
8 0.544981 0.924100 0.032062 0.040320
9 0.094419 0.800830 0.045662 0.048300
9 0.092469 0.707340 0.044938 0.042120
8 0.479288 0.919190 0.035475 0.039220
8 0.416644 0.923550 0.046363 0.039220
8 0.351969 0.921380 0.036838 0.037040
8 0.288650 0.921370 0.040925 0.034860
9 0.097519 0.618180 0.048763 0.054480
1 0.080494 0.505140 0.089187 0.774520
5 0.513725 0.499740 0.774500 0.769920
7 0.863356 0.178530 0.036137 0.028940
7 0.802063 0.128630 0.030675 0.026300
8 0.223637 0.923560 0.036150 0.037040
8 0.159294 0.924650 0.035463 0.034860
0 0.514138 0.934230 0.774500 0.094420
10 0.511156 0.960570 0.074412 0.034140
