7 0.480331 0.451170 0.042013 0.034900
5 0.512500 0.497120 0.775325 0.788240
1 0.082187 0.505140 0.087150 0.774520
0 0.514138 0.933770 0.774500 0.089860
10 0.513500 0.960550 0.068800 0.028900
3 0.248319 0.159000 0.234238 0.064360
2 0.514144 0.091880 0.306412 0.043200
11 0.056575 0.510020 0.027275 0.260960
7 0.865469 0.619650 0.035062 0.025860
7 0.800044 0.742370 0.030862 0.027300
7 0.737981 0.512520 0.034363 0.028440
7 0.670769 0.759580 0.034137 0.034040
7 0.607738 0.373820 0.036750 0.028720
7 0.542344 0.823150 0.039988 0.029100
7 0.417725 0.782750 0.038800 0.034900
7 0.352138 0.235120 0.041750 0.028560
7 0.290662 0.450190 0.035950 0.030380
7 0.224694 0.852800 0.033362 0.032360
7 0.162869 0.124810 0.034362 0.025820
8 0.158256 0.925870 0.036312 0.039940
8 0.222425 0.927060 0.040850 0.040840
8 0.287706 0.923430 0.039662 0.037220
8 0.352069 0.923880 0.036888 0.038120
8 0.415612 0.926150 0.040275 0.040860
8 0.479437 0.924780 0.031775 0.038120
8 0.543269 0.924790 0.038012 0.034500
8 0.608794 0.923880 0.039713 0.038120
8 0.672344 0.923870 0.037438 0.039940
8 0.737019 0.923420 0.038588 0.040840
8 0.799994 0.922520 0.039712 0.033600
8 0.865244 0.922520 0.043113 0.033600
9 0.093187 0.155550 0.050375 0.039220
9 0.089969 0.257720 0.045213 0.045400
9 0.090281 0.358330 0.041987 0.048500
9 0.097706 0.457400 0.049087 0.046440
9 0.094156 0.565760 0.045863 0.040240
9 0.092544 0.668440 0.047788 0.041280
9 0.089644 0.769050 0.052313 0.042300
9 0.091575 0.868640 0.044575 0.045400
