8 0.352494 0.921970 0.038063 0.036300
8 0.290087 0.925150 0.042600 0.037220
2 0.513200 0.091880 0.305475 0.047720
3 0.248044 0.162500 0.234788 0.070480
10 0.513288 0.960960 0.068950 0.032400
8 0.607806 0.925150 0.039213 0.039020
8 0.544831 0.923780 0.031262 0.041760
8 0.477594 0.924700 0.035237 0.036320
7 0.162050 0.420560 0.032175 0.028360
7 0.226731 0.756240 0.035463 0.032560
7 0.288025 0.148260 0.035575 0.024520
7 0.352488 0.660630 0.034800 0.036780
7 0.416444 0.470020 0.040712 0.037880
7 0.475737 0.867720 0.036250 0.031520
7 0.543900 0.174920 0.032300 0.031520
7 0.606725 0.167510 0.038650 0.027180
7 0.673331 0.436540 0.033487 0.031520
7 0.736150 0.340240 0.035100 0.028440
7 0.800194 0.206750 0.030337 0.035940
7 0.864006 0.321330 0.033912 0.029700
8 0.223988 0.924200 0.031825 0.039120
8 0.160156 0.925110 0.031262 0.040940
9 0.094737 0.873080 0.041350 0.046440
9 0.090219 0.769880 0.047788 0.050560
9 0.090869 0.664610 0.047788 0.044380
9 0.096669 0.552650 0.049087 0.061900
9 0.094737 0.449450 0.041350 0.047460
9 0.093769 0.343670 0.043287 0.038180
9 0.091194 0.238420 0.048438 0.044360
9 0.090869 0.132130 0.042638 0.031980
8 0.865950 0.924650 0.039200 0.029140
8 0.799000 0.922830 0.041475 0.034580
8 0.740287 0.924650 0.037500 0.034580
11 0.058625 0.504940 0.023925 0.256800
0 0.512437 0.936050 0.774500 0.090780
1 0.082875 0.505690 0.084425 0.773420
8 0.673338 0.922380 0.039775 0.035480
8 0.416044 0.922840 0.046013 0.040040
5 0.512094 0.503010 0.771238 0.776460
