2 0.513694 0.090360 0.304487 0.043200
11 0.071881 0.506140 0.031762 0.254400
3 0.247475 0.160100 0.236950 0.063040
10 0.513406 0.959790 0.065562 0.027380
5 0.515356 0.499740 0.776137 0.769920
8 0.288781 0.921520 0.042037 0.043560
8 0.350619 0.926920 0.035237 0.040040
8 0.415869 0.924190 0.047712 0.043660
8 0.478275 0.923280 0.034100 0.036400
8 0.543806 0.922880 0.031262 0.035400
8 0.606781 0.923780 0.040337 0.035400
8 0.672031 0.924650 0.036937 0.037300
8 0.738694 0.920570 0.039763 0.034580
8 0.799400 0.923290 0.037500 0.034580
8 0.864906 0.922690 0.041412 0.028140
9 0.101381 0.139660 0.029087 0.039200
9 0.103313 0.229960 0.030375 0.036120
9 0.101056 0.326440 0.025862 0.041280
9 0.102987 0.419320 0.024575 0.037160
9 0.104281 0.514780 0.029737 0.042320
9 0.102969 0.610230 0.025813 0.039220
9 0.098481 0.705680 0.032312 0.036120
9 0.102350 0.798560 0.027150 0.040240
9 0.103313 0.886280 0.027800 0.044360
8 0.159994 0.924650 0.038637 0.037300
8 0.223819 0.922830 0.034662 0.037300
1 0.086619 0.510650 0.079662 0.787580
0 0.517825 0.934240 0.773925 0.087160
